# Cost: 1347

# Tail Head Net
 17  16 1
 18  17 1
 19  18 1
 20  19 1
 21  20 1
 22  21 1
 23  22 1
 24  23 1
 25  24 1
 26  25 1
 27  26 1
 28  27 1
 29  28 1
 30  29 1
 30  31 1
 31  32 1
 32  33 1
 33  34 1
 34  35 1
 35  36 1
 36  37 1
 37  38 1
 38  39 1
 39  40 1
 40  41 1
 41  42 1
 42  43 1
 43  44 1
 44  45 1
 45  46 1
 46  47 1
 47  48 1
 48  49 1
 49  50 1
 50  51 1
 51  52 1
 52  53 1
 53  54 1
 54  55 1
 55  56 1
 56  57 1
 57  58 1
 58  59 1
 59  60 1
 60  61 1
 61  62 1
 62  63 1
 63  64 1
6201 6301 2
6301 6401 2
6401 6501 2
6501 6601 2
6601 6701 2
6701 6801 2
6801 6901 2
6901 7001 2
7001 7101 2
7101 7201 2
7201 7301 2
7301 7401 2
7401 7501 2
7501 7601 2
7601 7701 2
7701 7801 2
7801 7901 2
7901 8001 2
8001 8101 2
8101 8201 2
8201 8301 2
8301 8401 2
8401 8501 2
8501 8601 2
8601 8701 2
8701 8801 2
8801 8901 2
8901 9001 2
9001 9101 2
9101 9201 2
9201 9301 2
9301 9401 2
9401 9501 2
9501 9601 2
9601 9701 2
9701 9801 2
9801 9901 2
9901 9902 2
9902 9903 2
9903 9904 2
9904 9905 2
9905 9906 2
9906 9907 2
9907 9908 2
9908 9909 2
9909 9910 2
9910 9911 2
9911 9912 2
9912 9913 2
9913 9914 2
9914 9915 2
9915 9916 2
9916 9917 2
9917 9918 2
9918 9919 2
9919 9920 2
9920 9921 2
9921 9922 2
9922 9923 2
9923 9924 2
9924 9925 2
9925 9926 2
9926 9927 2
9927 9928 2
9928 9929 2
9929 9930 2
9930 9931 2
9931 9932 2
9932 9933 2
9933 9934 2
9934 9935 2
9935 9936 2
9936 9937 2
9937 9938 2
9938 9939 2
9939 9940 2
9940 9941 2
9941 9942 2
9942 9943 2
9943 9944 2
167  67 3
202 201 3
203 202 3
204 203 3
205 204 3
206 205 3
207 206 3
208 207 3
209 208 3
210 209 3
211 210 3
212 211 3
213 212 3
214 213 3
215 214 3
216 215 3
217 216 3
218 217 3
219 218 3
220 219 3
221 220 3
222 221 3
223 222 3
224 223 3
225 224 3
226 225 3
227 226 3
228 227 3
229 228 3
230 229 3
231 230 3
232 231 3
233 232 3
234 233 3
235 234 3
236 235 3
237 236 3
238 237 3
239 238 3
240 239 3
241 240 3
242 241 3
243 242 3
244 243 3
245 244 3
246 245 3
247 246 3
248 247 3
249 248 3
250 249 3
251 250 3
252 251 3
253 252 3
254 253 3
255 254 3
256 255 3
257 256 3
258 257 3
259 258 3
260 259 3
261 260 3
262 261 3
263 262 3
264 263 3
265 264 3
266 265 3
267 167 3
267 266 3
268 267 3
269 268 3
270 269 3
271 270 3
371 271 3
372 371 3
373 372 3
374 373 3
375 374 3
376 375 3
377 376 3
378 377 3
379 378 3
380 379 3
381 380 3
382 381 3
383 382 3
384 383 3
385 384 3
386 385 3
387 386 3
388 387 3
389 388 3
390 389 3
391 390 3
392 391 3
492 392 3
592 492 3
692 592 3
792 692 3
892 792 3
992 892 3
1092 992 3
1192 1092 3
1292 1192 3
1392 1292 3
1492 1392 3
1592 1492 3
1692 1592 3
1792 1692 3
1892 1792 3
1992 1892 3
2092 1992 3
2192 2092 3
2292 2192 3
2392 2292 3
2492 2392 3
2592 2492 3
2692 2592 3
2792 2692 3
2892 2792 3
2992 2892 3
3092 2992 3
3192 3092 3
3292 3192 3
3392 3292 3
3492 3392 3
3592 3492 3
3692 3592 3
3792 3692 3
3892 3792 3
3992 3892 3
4092 3992 3
4192 4092 3
4292 4192 3
4392 4292 3
4492 4392 3
4592 4492 3
4692 4592 3
4792 4692 3
4892 4792 3
4992 4892 3
5092 4992 3
5192 5092 3
5292 5192 3
5392 5292 3
5492 5392 3
5592 5492 3
5692 5592 3
5792 5692 3
5892 5792 3
5992 5892 3
6092 5992 3
6192 6092 3
6292 6192 3
6392 6292 3
6492 6392 3
6592 6492 3
6692 6592 3
6792 6692 3
6892 6792 3
6992 6892 3
7092 6992 3
7192 7092 3
7292 7192 3
7392 7292 3
7492 7392 3
7592 7492 3
7692 7592 3
7792 7692 3
7892 7792 3
7992 7892 3
8092 7992 3
8192 8092 3
8292 8192 3
8392 8292 3
8492 8392 3
8592 8492 3
8692 8592 3
8792 8692 3
8892 8792 3
8992 8892 3
9092 8992 3
9192 9092 3
9292 9192 3
9392 9292 3
9492 9392 3
9592 9492 3
9692 9592 3
9792 9692 3
9892 9792 3
9992 9892 3
502 501 4
602 502 4
702 602 4
802 702 4
902 802 4
1002 902 4
1102 1002 4
1202 1102 4
1302 1202 4
1402 1302 4
1502 1402 4
1602 1502 4
1702 1602 4
1802 1702 4
1902 1802 4
2002 1902 4
2102 2002 4
2202 2102 4
2302 2202 4
2402 2302 4
2502 2402 4
2602 2502 4
2702 2602 4
2802 2702 4
2902 2802 4
3002 2902 4
3102 3002 4
3202 3102 4
3302 3202 4
3402 3302 4
3502 3402 4
3602 3502 4
3702 3602 4
3703 3702 4
3803 3703 4
3903 3803 4
4003 3903 4
4004 4003 4
4005 4004 4
4006 4005 4
4007 4006 4
4008 4007 4
4009 4008 4
4010 4009 4
4011 4010 4
4012 4011 4
4013 4012 4
4014 4013 4
4015 4014 4
4016 4015 4
4017 4016 4
4018 4017 4
4019 4018 4
4020 4019 4
4021 4020 4
4022 4021 4
4023 4022 4
4024 4023 4
4025 4024 4
4026 4025 4
4027 4026 4
4028 4027 4
4029 4028 4
4030 4029 4
4031 4030 4
4032 4031 4
4033 4032 4
4034 4033 4
4035 4034 4
4036 4035 4
4037 4036 4
4038 4037 4
4039 4038 4
4040 4039 4
4041 4040 4
4042 4041 4
4043 4042 4
4044 4043 4
4045 4044 4
4046 4045 4
4047 4046 4
4048 4047 4
4049 4048 4
4050 4049 4
4051 4050 4
4052 4051 4
4053 4052 4
4054 4053 4
4055 4054 4
4056 4055 4
4057 4056 4
4058 4057 4
4059 4058 4
4060 4059 4
4061 4060 4
4062 4061 4
4063 4062 4
4064 4063 4
4065 4064 4
4066 4065 4
4067 4066 4
4068 4067 4
4069 4068 4
4070 4069 4
4071 4070 4
4072 4071 4
4073 4072 4
4074 4073 4
4075 4074 4
4076 4075 4
4077 4076 4
4078 4077 4
4079 4078 4
4080 4079 4
4081 4080 4
4082 4081 4
4083 4082 4
4084 4083 4
4085 4084 4
4086 4085 4
4087 4086 4
4088 4087 4
4089 4088 4
4090 4089 4
4091 4090 4
4093 14093 4
4094 4093 4
4095 4094 4
4096 4095 4
4097 4096 4
4098 4097 4
4099 4098 4
4100 4099 4
14091 4091 4
14092 14091 4
14093 14092 4
4200 4100 4
4300 4200 4
4400 4300 4
4500 4400 4
1200 1100 5
1300 1200 5
1400 1300 5
1500 1400 5
1600 1500 5
1700 1600 5
1800 1700 5
1900 1800 5
2000 1900 5
2100 2000 5
2200 2100 5
2300 2200 5
2399 2400 5
2400 2300 5
12379 12380 5
12380 12381 5
12381 12382 5
12382 12383 5
12383 12384 5
12384 12385 5
12385 12386 5
12386 12387 5
12387 12388 5
12388 12389 5
12389 12390 5
12390 12391 5
12391 12392 5
12392 12393 5
12393 12394 5
12394 12395 5
12395 12396 5
12396 12397 5
12397 12398 5
12398 12399 5
12399 2399 5
12479 12379 5
12577 12578 5
12578 12579 5
12579 12479 5
12677 12577 5
12777 12677 5
12877 12777 5
12977 12877 5
13077 12977 5
13177 13077 5
13277 13177 5
13377 13277 5
13477 13377 5
13577 13477 5
13670 13671 5
13671 13672 5
13672 13673 5
13673 13674 5
13674 13675 5
13675 13676 5
13676 13677 5
13677 13577 5
13768 13769 5
13769 13770 5
13770 13670 5
13861 13862 5
13862 13863 5
13863 13864 5
13864 13865 5
13865 13866 5
13866 13867 5
13867 13868 5
13868 13768 5
13961 13861 5
14061 13961 5
14161 14061 5
14261 14161 5
14361 14261 5
14461 14361 5
14561 14461 5
14661 14561 5
14761 14661 5
14861 14761 5
14961 14861 5
15061 14961 5
15161 15061 5
15261 15161 5
15361 15261 5
15461 15361 5
15561 15461 5
15661 15561 5
15761 15661 5
15861 15761 5
15961 15861 5
16061 15961 5
16161 16061 5
16261 16161 5
16361 16261 5
16461 16361 5
16561 16461 5
16661 16561 5
16761 16661 5
16861 16761 5
16961 16861 5
17061 16961 5
17161 17061 5
17261 17161 5
17361 17261 5
17461 17361 5
17561 17461 5
17661 17561 5
17761 17661 5
17861 17761 5
17961 17861 5
18061 17961 5
18161 18061 5
18261 18161 5
18361 18261 5
18461 18361 5
18561 18461 5
18661 18561 5
18761 18661 5
18861 18761 5
18961 18861 5
19061 18961 5
19161 19061 5
19261 19161 5
19361 19261 5
19461 19361 5
9660 9661 5
9661 19661 5
19561 19461 5
9759 9760 5
9760 9660 5
19661 19561 5
9859 9759 5
9959 9859 5
  7 107 6
107 10107 6
10107 10207 6
10207 10307 6
10307 10407 6
10407 10507 6
10507 10607 6
10607 10707 6
10707 10807 6
10807 10907 6
10907 11007 6
11007 11107 6
11107 11207 6
11207 11307 6
11307 11407 6
11407 11507 6
11507 11607 6
11607 11707 6
11707 11807 6
11807 11907 6
11907 12007 6
12007 12107 6
12107 12207 6
12207 12307 6
12307 12407 6
12407 12507 6
12507 12607 6
12607 12707 6
12707 12807 6
12807 12907 6
12901 2901 6
12902 12901 6
12903 12902 6
12904 12903 6
12905 12904 6
12906 12905 6
12907 12906 6
12907 12908 6
12908 12909 6
12909 12910 6
12910 12911 6
12911 12912 6
12912 12913 6
12913 12914 6
12914 12915 6
12915 12916 6
12916 12917 6
12917 12918 6
12918 12919 6
12919 12920 6
12920 12921 6
12921 12922 6
12922 12923 6
12923 12924 6
12924 12925 6
12925 12926 6
12926 12927 6
12927 12928 6
12928 12929 6
12929 12930 6
12930 12931 6
12931 12932 6
12932 12933 6
12933 12934 6
12934 12935 6
12935 12936 6
12936 12937 6
12937 12938 6
12938 12939 6
12939 12940 6
12940 12941 6
12941 12942 6
12942 12943 6
12943 13043 6
13043 13143 6
13143 13243 6
13243 13343 6
13343 13344 6
13344 13345 6
13345 13346 6
13346 13347 6
13347 13348 6
13348 13349 6
13349 13350 6
13350 13450 6
13450 13451 6
13451 13551 6
13551 13552 6
13552 13553 6
13553 13653 6
13653 13654 6
13654 13655 6
13655 13656 6
13656 13657 6
13657 13658 6
13658 13659 6
13659 13660 6
13660 13760 6
13760 13860 6
13860 13960 6
13960 14060 6
4160 4161 6
14060 14160 6
4161 4162 6
4162 4163 6
4163 4164 6
4164 4165 6
4165 4166 6
4166 4167 6
4167 4168 6
4168 4169 6
4169 4170 6
4170 4171 6
4171 4172 6
4172 4173 6
4173 4174 6
4174 4175 6
4175 4176 6
4176 4177 6
4177 4178 6
4178 4179 6
4179 4180 6
4180 4181 6
4181 4182 6
4182 4183 6
4183 4184 6
4184 4185 6
4185 4285 6
14160 4160 6
4285 4385 6
4385 4485 6
4485 4585 6
4585 4685 6
4685 4785 6
4785 4885 6
4885 4985 6
4985 5085 6
5085 5185 6
5185 5285 6
5285 5385 6
5385 5485 6
5485 5585 6
5585 5685 6
5685 5785 6
5785 5885 6
5885 5985 6
5985 6085 6
6085 6185 6
6185 6285 6
6285 6385 6
6385 6485 6
6485 6585 6
6585 6685 6
6685 6785 6
6785 6885 6
6885 6985 6
6985 7085 6
7085 7185 6
7185 7285 6
7285 7385 6
7385 7485 6
7485 7585 6
7585 7685 6
7685 7785 6
7785 7885 6
7885 7985 6
7985 8085 6
8085 8185 6
8185 8285 6
8285 8385 6
8385 8485 6
8485 8585 6
8585 8685 6
8685 8785 6
8785 8885 6
8885 8985 6
8985 9085 6
9085 9185 6
9185 9285 6
9285 9385 6
9385 9485 6
9485 9585 6
9585 9685 6
9685 9785 6
9785 9885 6
9885 9985 6
181  81 7
281 181 7
10281 281 7
10381 10281 7
10481 10381 7
10581 10481 7
10681 10581 7
10781 10681 7
10881 10781 7
10981 10881 7
11081 10981 7
11181 11081 7
11281 11181 7
11381 11281 7
11481 11381 7
11581 11481 7
1706 11706 7
1707 1706 7
1708 1707 7
1709 1708 7
1710 1709 7
1711 1710 7
1712 1711 7
1713 1712 7
1714 1713 7
1715 1714 7
1716 1715 7
1717 1716 7
1718 1717 7
1719 1718 7
1720 1719 7
1721 1720 7
1722 1721 7
1723 1722 7
1724 1723 7
1725 1724 7
1726 1725 7
1727 1726 7
1728 1727 7
1729 1728 7
1730 1729 7
1731 1730 7
1732 1731 7
1733 1732 7
1734 1733 7
1735 1734 7
1736 1735 7
1737 1736 7
1738 1737 7
1739 1738 7
1740 1739 7
1741 1740 7
1742 1741 7
1743 1742 7
1744 1743 7
1745 1744 7
1746 1745 7
1747 1746 7
1748 1747 7
1749 1748 7
1750 1749 7
1751 1750 7
1752 1751 7
1753 1752 7
1754 1753 7
1755 1754 7
1756 1755 7
1757 1756 7
1758 1757 7
1759 1758 7
1760 1759 7
1761 1760 7
1762 1761 7
1763 1762 7
1764 1763 7
1765 1764 7
1766 1765 7
1767 1766 7
1768 1767 7
1769 1768 7
1770 1769 7
1771 1770 7
1772 1771 7
1773 1772 7
1774 1773 7
1775 1774 7
1776 1775 7
1777 1776 7
1778 1777 7
1779 1778 7
1780 1779 7
1781 1780 7
11681 11581 7
11701 1701 7
11702 11701 7
11703 11702 7
11704 11703 7
11705 11704 7
11706 11705 7
11781 1781 7
11781 11681 7
11782 11781 7
11783 11782 7
11883 11783 7
11983 11883 7
12083 11983 7
12183 12083 7
12184 12183 7
12185 12184 7
12186 12185 7
12187 12186 7
12188 12187 7
12189 12188 7
12190 12189 7
12191 12190 7
12192 12191 7
12193 12192 7
12194 12193 7
12195 12194 7
12196 12195 7
12197 12196 7
12198 12197 7
12199 12198 7
12200 12199 7
12300 12200 7
12400 12300 7
12500 12400 7
12600 12500 7
12700 12600 7
12800 12700 7
12900 12800 7
13000 12900 7
13100 13000 7
13200 13100 7
13300 13200 7
13400 13300 7
13500 13400 7
13600 13500 7
13700 13600 7
13800 13700 7
13900 13800 7
14000 13900 7
14100 14000 7
14200 14100 7
14300 14200 7
14400 14300 7
4600 14600 7
14500 14400 7
4700 4600 7
14600 14500 7
4800 4700 7
4900 4800 7
5000 4900 7
5100 5000 7
5200 5100 7
5300 5200 7
5400 5300 7
5500 5400 7
5600 5500 7
5700 5600 7
5800 5700 7
5900 5800 7
6000 5900 7
6100 6000 7
6200 6100 7
6300 6200 7
6400 6300 7
6500 6400 7
6600 6500 7
6700 6600 7
6800 6700 7
6900 6800 7
7000 6900 7
7100 7000 7
7200 7100 7
7300 7200 7
7400 7300 7
7500 7400 7
7600 7500 7
7700 7600 7
7800 7700 7
7900 7800 7
8000 7900 7
8100 8000 7
8200 8100 7
8300 8200 7
8400 8300 7
8500 8400 7
8600 8500 7
 14 10014 8
10014 20014 8
19978 9978 8
20014 20015 8
20015 20115 8
20115 20215 8
20215 20315 8
20315 20415 8
20415 20515 8
20515 20615 8
20615 20715 8
20715 20815 8
20815 20915 8
20915 21015 8
21015 21115 8
21115 21215 8
21215 21315 8
21315 21415 8
21415 21416 8
21416 21516 8
21516 21616 8
21616 21716 8
21716 21816 8
21816 21916 8
21916 22016 8
22016 22116 8
22116 22216 8
22216 22316 8
22316 22416 8
22416 22516 8
22516 22616 8
22616 22716 8
22716 22816 8
22816 22817 8
22817 22818 8
22818 22819 8
22819 22919 8
22919 23019 8
23019 23119 8
23119 23219 8
23219 23319 8
23319 23419 8
23419 23420 8
23420 23421 8
23421 23422 8
23422 23423 8
23423 23424 8
23424 23425 8
23425 23426 8
23426 23427 8
23427 23428 8
23428 23429 8
23429 23430 8
23430 23530 8
23530 23531 8
23531 23532 8
23532 23533 8
23533 23534 8
23534 23535 8
23535 23536 8
23536 23636 8
23636 23736 8
23736 23836 8
23836 23936 8
23936 24036 8
24036 24136 8
24136 24236 8
24236 24336 8
24336 24436 8
24436 24536 8
24536 24636 8
24636 24736 8
24736 24836 8
24836 24936 8
24936 25036 8
25036 25136 8
25136 25236 8
25236 25336 8
25336 25436 8
25436 25536 8
25536 25636 8
25636 25736 8
25736 25836 8
25836 25936 8
25936 26036 8
26036 26136 8
26136 26236 8
26236 26336 8
26336 26436 8
26436 26536 8
26536 26636 8
26636 26736 8
26736 26836 8
26836 26936 8
26936 27036 8
27036 27136 8
27136 27137 8
27137 27237 8
27237 27337 8
27337 27338 8
27338 27438 8
27438 27538 8
27538 27539 8
27539 27639 8
27639 27640 8
27640 27740 8
27740 27741 8
27741 27841 8
27841 27941 8
27941 27942 8
27942 28042 8
28042 28142 8
28142 28143 8
28143 28144 8
28144 28244 8
28244 28245 8
28245 28246 8
28246 28346 8
28346 28347 8
28347 28447 8
28447 28448 8
28448 28449 8
28449 28450 8
28450 28451 8
28451 28452 8
28452 28453 8
28453 28454 8
28454 28455 8
28455 28456 8
28456 28457 8
28457 28458 8
28458 28459 8
28459 28460 8
28460 28560 8
28560 28561 8
28561 28661 8
28661 28662 8
28662 28663 8
28663 28763 8
28763 28863 8
28863 28963 8
28963 29063 8
29063 29064 8
29064 29065 8
29065 29066 8
29066 29166 8
29166 29167 8
29167 29267 8
29267 29367 8
29367 29368 8
29368 29468 8
29468 29469 8
29469 29470 8
29470 29471 8
29471 29571 8
29571 29572 8
29572 29573 8
29573 29574 8
29574 29575 8
29575 29675 8
29675 29676 8
29676 29776 8
29776 29777 8
29777 29877 8
29877 29878 8
29878 29978 8
29978 19978 8
12801 2801 9
3001 13001 9
3101 3001 9
13001 23001 9
3201 3101 9
3301 3201 9
3401 3301 9
3501 3401 9
3601 3501 9
3701 3601 9
3801 3701 9
3901 3801 9
4001 3901 9
4101 4001 9
4201 4101 9
4301 4201 9
4401 4301 9
4501 4401 9
4601 4501 9
4701 4601 9
4801 4701 9
4901 4801 9
5001 4901 9
5101 5001 9
5201 5101 9
5301 5201 9
5401 5301 9
5501 5401 9
5601 5501 9
5701 5601 9
5801 5701 9
22801 12801 9
22901 22801 9
23001 22901 9
10002   2 10
10003 10002 10
10004 10003 10
10005 10004 10
10006 10005 10
10007 10006 10
19876 29876 10
19877 19876 10
19878 19877 10
9979 19979 10
19879 19878 10
9980 9979 10
19979 19879 10
20007 10007 10
20107 20007 10
20207 20107 10
20307 20207 10
20407 20307 10
20507 20407 10
20607 20507 10
20707 20607 10
20807 20707 10
20907 20807 10
21007 20907 10
21107 21007 10
21207 21107 10
21307 21207 10
21407 21307 10
21507 21407 10
21607 21507 10
21707 21607 10
21708 21707 10
21808 21708 10
21908 21808 10
22008 21908 10
22108 22008 10
22208 22108 10
22308 22208 10
22408 22308 10
22508 22408 10
22608 22508 10
22708 22608 10
22808 22708 10
22809 22808 10
22810 22809 10
22910 22810 10
23010 22910 10
23110 23010 10
23111 23110 10
23211 23111 10
23311 23211 10
23411 23311 10
23511 23411 10
23611 23511 10
23711 23611 10
23811 23711 10
23911 23811 10
24011 23911 10
24111 24011 10
24211 24111 10
24311 24211 10
24411 24311 10
24412 24411 10
24413 24412 10
24513 24413 10
24613 24513 10
24713 24613 10
24813 24713 10
24913 24813 10
25013 24913 10
25113 25013 10
25213 25113 10
25313 25213 10
25413 25313 10
25513 25413 10
25613 25513 10
25713 25613 10
25813 25713 10
25913 25813 10
26013 25913 10
26113 26013 10
26213 26113 10
26313 26213 10
26413 26313 10
26513 26413 10
26613 26513 10
26713 26613 10
26813 26713 10
26913 26813 10
26914 26913 10
27014 26914 10
27114 27014 10
27115 27114 10
27215 27115 10
27315 27215 10
27316 27315 10
27416 27316 10
27516 27416 10
27517 27516 10
27617 27517 10
27618 27617 10
27619 27618 10
27620 27619 10
27720 27620 10
27820 27720 10
27920 27820 10
28020 27920 10
28021 28020 10
28022 28021 10
28122 28022 10
28222 28122 10
28322 28222 10
28323 28322 10
28324 28323 10
28325 28324 10
28425 28325 10
28525 28425 10
28526 28525 10
28527 28526 10
28528 28527 10
28529 28528 10
28530 28529 10
28531 28530 10
28532 28531 10
28533 28532 10
28534 28533 10
28535 28534 10
28536 28535 10
28537 28536 10
28538 28537 10
28539 28538 10
28540 28539 10
28541 28540 10
28641 28541 10
28642 28641 10
28643 28642 10
28644 28643 10
28744 28644 10
28745 28744 10
28746 28745 10
28747 28746 10
28847 28747 10
28848 28847 10
28948 28848 10
28949 28948 10
28950 28949 10
28951 28950 10
28952 28951 10
29052 28952 10
29053 29052 10
29054 29053 10
29055 29054 10
29056 29055 10
29156 29056 10
29256 29156 10
29257 29256 10
29258 29257 10
29259 29258 10
29260 29259 10
29360 29260 10
29460 29360 10
29461 29460 10
29561 29461 10
29661 29561 10
29662 29661 10
29663 29662 10
29664 29663 10
29665 29664 10
29666 29665 10
29667 29666 10
29668 29667 10
29669 29668 10
29769 29669 10
29770 29769 10
29771 29770 10
29772 29771 10
29773 29772 10
29774 29773 10
29775 29774 10
29875 29775 10
29876 29875 10
