# Cost: 750

# Tail Head Net
 73   3 1
 83  84 1
 84  85 1
 85  86 1
 86  87 1
 87  88 1
 88  89 1
 89  90 1
 90  91 1
 91  92 1
 92  93 1
 93  94 1
 94  95 1
 95  96 1
 96  97 1
 97  98 1
 98  99 1
 99 100 1
100 101 1
 32  33 1
101 102 1
 33  34 1
102  32 1
 34  35 1
142 143 1
143  73 1
143 144 1
144 145 1
145 146 1
146 147 1
147 148 1
148 149 1
149 150 1
150 151 1
151 152 1
152 153 1
153  83 1
212 142 1
282 212 1
352 282 1
422 352 1
492 422 1
562 492 1
632 562 1
702 632 1
772 702 1
842 772 1
912 842 1
982 912 1
1052 982 1
1122 1052 1
1192 1122 1
1262 1192 1
1332 1262 1
1401 1402 1
1401 1471 1
1402 1332 1
1471 1541 1
1541 1611 1
1611 1681 1
1681 1751 1
1751 1821 1
1821 1891 1
1891 1961 1
1961 2031 1
2031 2101 1
2101 2171 1
2171 2241 1
2241 2311 1
2311 2381 1
2381 2451 1
2451 2521 1
2521 2591 1
2591 2661 1
2661 2731 1
2731 2801 1
2801 2871 1
2871 2941 1
2941 3011 1
3011 3081 1
3081 3151 1
3151 3221 1
3221 3291 1
3291 3361 1
3361 3431 1
3431 3501 1
3501 3571 1
3571 3641 1
3641 3711 1
3711 3781 1
3781 3851 1
3851 3921 1
3921 3922 1
3922 3992 1
3992 4062 1
4062 4132 1
4132 4202 1
4202 4272 1
4272 4342 1
4342 4412 1
4412 4413 1
4413 4483 1
4483 4553 1
4553 4623 1
4623 4693 1
4693 4763 1
4763 4833 1
4933 5003 2
4934 4933 2
4935 4934 2
4936 4935 2
 38 4938 2
4937 4936 2
 39  38 2
4938 4937 2
 40  39 2
 40  41 2
 41  42 2
 42  43 2
 43  44 2
 44  45 2
 45  46 2
 46  47 2
 47  48 2
 48  49 2
 49  50 2
 50  51 2
 51  52 2
 52  53 2
 53  54 2
 54  55 2
 55  56 2
 56  57 2
 57  58 2
 58  59 2
 59  60 2
 60  61 2
 61  62 2
 62  63 2
 63  64 2
 64  65 2
 65  66 2
 66  67 2
 67  68 2
 68  69 2
 69  70 2
 70 140 2
140 210 2
4971  71 2
4972 4971 2
4973 4972 2
4974 4973 2
4975 4974 2
4976 4975 2
4977 4976 2
4977 5047 2
4978 4977 2
4979 4978 2
4980 4979 2
4981 4980 2
4982 4981 2
4983 4982 2
4984 4983 2
4985 4984 2
4986 4985 2
4987 4986 2
4988 4987 2
4989 4988 2
4990 4989 2
4991 4990 2
4992 4991 2
4993 4992 2
4994 4993 2
4995 4994 2
4996 4995 2
4997 4996 2
4998 4997 2
4999 4998 2
5000 4999 2
5001 5000 2
5002 5001 2
5003 5002 2
210 280 2
5047 5117 2
280 350 2
287 357 2
5117 5187 2
350 420 2
357 427 2
5187 287 2
420 490 2
427 497 2
490 560 2
497 567 2
560 630 2
567 637 2
630 700 2
637 707 2
700 770 2
707 777 2
770 840 2
777 847 2
840 910 2
847 917 2
910 980 2
917 987 2
980 1050 2
987 1057 2
1050 1120 2
1057 1127 2
1120 1190 2
1127 1197 2
1190 1260 2
1197 1267 2
1260 1330 2
1267 1337 2
1330 1400 2
1337 1407 2
1400 1470 2
1407 1477 2
1470 1540 2
1477 1547 2
1540 1610 2
1547 1617 2
1610 1680 2
1617 1687 2
1680 1750 2
1687 1757 2
1750 1820 2
1757 1827 2
1820 1890 2
1827 1897 2
1890 1960 2
1897 1967 2
1967 2037 2
2037 2107 2
2107 2177 2
2177 2247 2
2247 2317 2
2317 2387 2
2387 2457 2
2457 2527 2
2527 2597 2
2597 2667 2
2667 2737 2
2737 2807 2
2807 2877 2
2877 2947 2
2947 3017 2
3017 3087 2
3087 3157 2
3157 3227 2
3227 3297 2
3297 3367 2
3367 3437 2
3437 3507 2
3507 3577 2
3577 3647 2
3647 3717 2
3717 3787 2
3787 3857 2
3857 3927 2
3927 3997 2
3997 4067 2
4067 4137 2
4137 4207 2
4207 4277 2
4277 4347 2
4347 4417 2
4417 4487 2
4487 4557 2
4557 4627 2
4627 4697 2
4697 4767 2
4767 4837 2
  6   7 3
  7   8 3
4906   6 3
  8   9 3
  9  10 3
 10  11 3
 11  12 3
 12  13 3
 13  14 3
9032 13932 3
9102 9032 3
9172 9102 3
9242 9172 3
9312 9242 3
9382 9312 3
4621 4622 3
4622 9522 3
9452 9382 3
4691 4621 3
9522 9452 3
4761 4691 3
9806 4906 3
9876 9806 3
9946 9876 3
10016 9946 3
10086 10016 3
10156 10086 3
10226 10156 3
10296 10226 3
10366 10296 3
10436 10366 3
10506 10436 3
10576 10506 3
10646 10576 3
10716 10646 3
10786 10716 3
10856 10786 3
10926 10856 3
10996 10926 3
11066 10996 3
11136 11066 3
11204 11205 3
11205 11206 3
11206 11136 3
11274 11204 3
11344 11274 3
11414 11344 3
11484 11414 3
11554 11484 3
11624 11554 3
11694 11624 3
11764 11694 3
11832 11833 3
11833 11834 3
11834 11764 3
11902 11832 3
11972 11902 3
12042 11972 3
12112 12042 3
12182 12112 3
12252 12182 3
12322 12252 3
12392 12322 3
12462 12392 3
12532 12462 3
12602 12532 3
12672 12602 3
12742 12672 3
12812 12742 3
12882 12812 3
12952 12882 3
13022 12952 3
13092 13022 3
13162 13092 3
13232 13162 3
13302 13232 3
13372 13302 3
13442 13372 3
13512 13442 3
13582 13512 3
13652 13582 3
13722 13652 3
13792 13722 3
13862 13792 3
13932 13862 3
4925  25 4
165 5065 4
235 165 4
5065 9965 4
305 235 4
375 305 4
445 375 4
515 445 4
585 515 4
655 585 4
725 655 4
795 725 4
865 795 4
935 865 4
1005 935 4
1075 1005 4
1145 1075 4
1215 1145 4
1285 1215 4
1355 1285 4
1425 1355 4
1495 1425 4
1565 1495 4
1635 1565 4
1705 1635 4
1775 1705 4
1845 1775 4
1915 1845 4
1985 1915 4
2055 1985 4
2125 2055 4
2195 2125 4
2265 2195 4
2335 2265 4
2405 2335 4
2475 2405 4
2545 2475 4
2615 2545 4
2685 2615 4
2755 2685 4
2825 2755 4
2895 2825 4
2965 2895 4
3035 2965 4
3105 3035 4
3175 3105 4
3245 3175 4
3315 3245 4
3385 3315 4
3455 3385 4
3525 3455 4
3595 3525 4
3665 3595 4
3735 3665 4
3805 3735 4
3875 3805 4
3945 3875 4
4015 3945 4
4085 4015 4
4155 4085 4
4225 4155 4
4295 4225 4
4365 4295 4
4435 4365 4
4505 4435 4
4575 4505 4
4633 4703 4
4634 4633 4
4635 4634 4
4636 4635 4
4637 4636 4
4638 4637 4
4639 4638 4
4640 4639 4
4641 4640 4
4642 4641 4
4643 4642 4
4644 4643 4
4645 4575 4
4645 4644 4
4646 4645 4
4647 4646 4
4648 4647 4
4649 4648 4
4650 4649 4
4651 4650 4
4652 4651 4
4653 4652 4
4654 4653 4
4655 4654 4
4656 4655 4
4657 4656 4
4658 4657 4
4659 4658 4
4660 4659 4
4661 4660 4
4662 4661 4
4663 4662 4
4664 4663 4
4665 4664 4
4666 4665 4
4667 4666 4
4668 4667 4
4669 4668 4
4670 4669 4
4671 4670 4
4672 4671 4
4673 4672 4
4674 4673 4
4675 4674 4
4676 4675 4
4677 4676 4
4678 4677 4
4679 4678 4
4680 4679 4
4681 4680 4
4682 4681 4
4683 4682 4
4684 4683 4
4685 4684 4
4686 4685 4
4687 4686 4
4688 4687 4
4689 4688 4
4690 4689 4
4703 4773 4
4773 4843 4
9825 4925 4
9895 9825 4
9965 9895 4
  1   2 5
4901   1 5
5111 10011 5
5181 5111 5
5251 5181 5
5321 5251 5
5391 5321 5
5461 5391 5
5531 5461 5
5601 5531 5
5671 5601 5
5741 5671 5
5811 5741 5
5881 5811 5
5951 5881 5
6021 5951 5
6091 6021 5
6161 6091 5
6231 6161 5
6301 6231 5
6371 6301 5
6441 6371 5
6511 6441 5
6581 6511 5
6651 6581 5
6721 6651 5
6791 6721 5
6861 6791 5
6931 6861 5
7001 6931 5
7071 7001 5
7141 7071 5
7211 7141 5
7281 7211 5
7351 7281 5
7421 7351 5
7491 7421 5
7561 7491 5
7631 7561 5
7701 7631 5
7771 7701 5
7841 7771 5
7911 7841 5
7981 7911 5
8051 7981 5
8121 8051 5
8191 8121 5
8261 8191 5
8331 8261 5
8401 8331 5
8471 8401 5
8541 8471 5
8611 8541 5
8681 8611 5
8751 8681 5
8821 8751 5
8891 8821 5
8961 8891 5
9031 8961 5
9101 9031 5
9171 4271 5
9171 9101 5
9241 9171 5
9311 9241 5
9381 9311 5
9451 9381 5
9521 9451 5
9591 9521 5
4774 9674 5
4775 4774 5
4776 4775 5
9661 9591 5
9662 9661 5
9663 9662 5
9664 9663 5
9665 9664 5
9666 9665 5
9667 9666 5
9668 9667 5
9669 9668 5
9670 9669 5
9671 9670 5
9672 9671 5
9673 9672 5
9674 9673 5
4846 4776 5
4847 4846 5
4848 4847 5
4849 4848 5
9801 4901 5
9871 9801 5
9941 9871 5
10011 9941 5
211 281 6
281 351 6
351 421 6
421 491 6
491 561 6
561 631 6
631 701 6
701 771 6
4335 4405 7
4336 4335 7
4337 4336 7
4338 4337 7
4339 4338 7
4340 4339 7
4405 9305 7
9304 9374 7
9305 9304 7
9374 9444 7
9444 9514 7
9514 9584 7
4753 4823 7
9583 9653 7
9584 9583 7
4822 4892 7
4823 4822 7
9653 4753 7
4892 4891 7
 31 4931 8
4931 9831 8
9750 4850 8
9831 9901 8
9901 9971 8
9971 10041 8
10041 10111 8
10111 10181 8
10181 10251 8
10251 10321 8
10321 10391 8
10391 10461 8
10461 10531 8
10531 10601 8
10601 10671 8
10671 10741 8
10741 10811 8
10811 10881 8
10881 10951 8
10951 11021 8
11021 11091 8
11091 11161 8
11161 11231 8
11231 11301 8
11301 11371 8
11370 11440 8
11371 11370 8
11440 11510 8
11510 11580 8
11580 11650 8
11650 11720 8
11720 11790 8
11790 11860 8
11860 11930 8
11930 12000 8
12000 12070 8
12070 12140 8
12140 12210 8
12210 12280 8
12280 12350 8
12350 12420 8
12420 12490 8
12487 12557 8
12488 12487 8
12489 12488 8
12490 12489 8
12557 12627 8
12627 12697 8
12697 12767 8
12767 12837 8
12837 12907 8
12907 12977 8
12977 13047 8
13047 13117 8
13117 13187 8
13187 13257 8
13257 13327 8
13323 13393 8
13324 13323 8
13325 13324 8
13326 13325 8
13327 13326 8
13393 13463 8
13463 13533 8
13533 13603 8
13603 13673 8
13673 13743 8
13743 13813 8
13813 13883 8
13883 13953 8
13953 14023 8
14023 14093 8
14093 14163 8
14163 14233 8
14233 14303 8
14303 14373 8
14373 14443 8
14443 14513 8
14511 14581 8
14512 14511 8
14513 14512 8
14581 14651 8
14650 9750 8
14651 14650 8
4885 4886 9
4886 4887 9
4887 4888 9
4888 4889 9
4889 9789 9
4894 4895 9
4895 4896 9
4896 4897 9
4897 4898 9
9789 9790 9
9790 9791 9
9791 9792 9
9792 9793 9
9793 9794 9
9794 4894 9
4119 4120 10
4120 4121 10
4121 4122 10
4122 4123 10
4123 4124 10
4124 4125 10
4125 4126 10
4126 4127 10
4127 4128 10
4128 4129 10
4129 4130 10
4189 4119 10
4255 4256 10
4256 4257 10
4257 4258 10
4258 4259 10
4259 4189 10
9155 4255 10
9222 9223 10
9223 9224 10
9224 9225 10
9225 9155 10
9292 9222 10
9362 9292 10
9431 9432 10
9432 9362 10
9501 9431 10
4739 9639 10
9569 9570 10
9570 9571 10
9571 9501 10
4805 4806 10
4806 4807 10
4807 4808 10
4808 4809 10
4809 4739 10
9639 9569 10
4872 4873 10
4873 4874 10
4874 4875 10
4875 4805 10
