# Cost: 1641

# Tail Head Net
7649 7739 1
7650 7649 1
7736 7826 1
7737 7736 1
7738 7737 1
7739 7738 1
7784 7874 1
7785 7784 1
7786 7785 1
7787 7786 1
7788 7787 1
7789 7788 1
7790 7789 1
7791 7790 1
7792 7791 1
7793 7792 1
7794 7793 1
7795 7794 1
7796 7795 1
7797 7796 1
7798 7797 1
7799 7798 1
7800 7799 1
7801 7800 1
7802 7801 1
7803 7802 1
7804 7803 1
7805 7804 1
7806 7805 1
7807 7806 1
7808 7807 1
7809 7808 1
7810 7809 1
7811 7810 1
7812 7811 1
7813 7812 1
7814 7813 1
7815 7814 1
7816 7815 1
7817 7816 1
7818 7817 1
7819 7818 1
7820 7819 1
7821 7820 1
7822 7821 1
7823 7822 1
7824 7823 1
7825 7824 1
7826 7825 1
7873 7963 1
7874 7873 1
7963 8053 1
8032 8031 1
8033 8032 1
8034 8033 1
8035 8034 1
8036 8035 1
8037 8036 1
8038 8037 1
8039 8038 1
8040 8039 1
8041 8040 1
8042 8041 1
8043 8042 1
8044 8043 1
8045 8044 1
8046 8045 1
8047 8046 1
8048 8047 1
8049 8048 1
8050 8049 1
8051 8050 1
8052 8051 1
8053 8052 1
5850 5760 2
5940 5850 2
6030 5940 2
6120 6030 2
6210 6120 2
6300 6210 2
6390 6300 2
6480 6390 2
14580 6480 2
14670 14580 2
14760 14670 2
14850 14760 2
14940 14850 2
15030 14940 2
15120 15030 2
15210 15120 2
15300 15210 2
15390 15300 2
15480 15390 2
15570 15480 2
15660 15570 2
15750 15660 2
15837 15838 2
15838 15839 2
15839 15840 2
15840 15750 2
15927 15837 2
16017 15927 2
8066 8067 2
8067 8068 2
8068 8069 2
8069 8070 2
8070 8071 2
8071 8072 2
8072 8073 2
8073 8074 2
8074 8075 2
8075 8076 2
8076 8077 2
8077 8078 2
8078 16178 2
16097 16098 2
16098 16099 2
16099 16100 2
16100 16101 2
16101 16102 2
16102 16103 2
16103 16104 2
16104 16105 2
16105 16106 2
16106 16107 2
16107 16017 2
16178 16179 2
16179 16180 2
16180 16181 2
16181 16182 2
16182 16183 2
16183 16184 2
16184 16185 2
16185 16186 2
16186 16187 2
16187 16097 2
3150 3060 3
3240 3150 3
3330 3240 3
3420 3330 3
3510 3420 3
3600 3510 3
3690 3600 3
3780 3690 3
3869 3870 3
3870 3780 3
3880 3881 3
3881 3882 3
3882 3883 3
3883 3884 3
3884 3885 3
3885 3886 3
3886 3887 3
3887 3888 3
3888 3889 3
3889 3890 3
3890 3891 3
3891 3892 3
3892 3893 3
3893 3894 3
3894 3895 3
3895 3896 3
3896 3897 3
3897 3898 3
3898 3899 3
3899 3900 3
3900 3901 3
3901 3902 3
3902 3903 3
3903 3904 3
3904 3905 3
3905 3906 3
3906 3907 3
3907 3908 3
3908 3909 3
3909 3910 3
3910 3911 3
3911 3912 3
3912 3913 3
3913 3914 3
3914 3915 3
3915 3916 3
3916 3917 3
3917 3918 3
3918 3919 3
3919 3920 3
3920 3921 3
3921 3922 3
3922 3923 3
3923 3924 3
3924 3925 3
3925 3926 3
3926 3927 3
3927 3928 3
3928 3929 3
3929 3930 3
3930 3931 3
3931 3932 3
3932 3933 3
3933 3934 3
3934 3935 3
3935 3936 3
3936 3937 3
3937 3938 3
3938 3939 3
3939 3940 3
3940 3941 3
3941 3942 3
3942 3943 3
3943 3944 3
3944 3945 3
3945 3946 3
3946 3947 3
3947 3948 3
3948 3949 3
3949 3950 3
3950 3951 3
3951 3952 3
3952 3953 3
3953 3954 3
3954 3955 3
3955 3956 3
3956 3957 3
3957 3958 3
3958 3959 3
3959 3869 3
3966 3967 3
3967 3968 3
3968 3969 3
3969 3970 3
3970 3880 3
4051 4052 3
4052 4053 3
4053 4054 3
4054 4055 3
4055 4056 3
4056 3966 3
4141 4051 3
4231 4141 3
4321 4231 3
4411 4321 3
4501 4411 3
4591 4501 3
4681 4591 3
4771 4681 3
4861 4771 3
4951 4861 3
 15  14 4
105  15 4
195 105 4
285 195 4
375 285 4
465 375 4
555 465 4
645 555 4
735 645 4
825 735 4
915 825 4
1005 915 4
1095 1005 4
1185 1095 4
1275 1185 4
1365 1275 4
1455 1365 4
1545 1455 4
1635 1545 4
9735 1635 4
9825 9735 4
11176 11086 4
11266 11176 4
11356 11266 4
11446 11356 4
11447 11446 4
11537 11447 4
11627 11537 4
11717 11627 4
11807 11717 4
11897 11807 4
11898 11897 4
11899 11898 4
11989 11899 4
11990 11989 4
12080 11990 4
12170 12080 4
12260 12170 4
12350 12260 4
12440 12350 4
12530 12440 4
12620 12530 4
12710 12620 4
12800 12710 4
12890 12800 4
12980 12890 4
13070 12980 4
13071 13070 4
13161 13071 4
13162 13161 4
13163 13162 4
13253 13163 4
13343 13253 4
13433 13343 4
13523 13433 4
13613 13523 4
13703 13613 4
13704 13703 4
13794 13704 4
13884 13794 4
13974 13884 4
6054 14154 4
14064 13974 4
6055 6054 4
6056 6055 4
6057 6056 4
6058 6057 4
6059 6058 4
6060 6059 4
6061 6060 4
6062 6061 4
6063 6062 4
6064 6063 4
6065 6064 4
6066 6065 4
6067 6066 4
14154 14064 4
6157 6067 4
6247 6157 4
6337 6247 4
6338 6337 4
6339 6338 4
6429 6339 4
6519 6429 4
6520 6519 4
6521 6520 4
6522 6521 4
6523 6522 4
6524 6523 4
6525 6524 4
6526 6525 4
6527 6526 4
6528 6527 4
6529 6528 4
6530 6529 4
6531 6530 4
6532 6531 4
6533 6532 4
6534 6533 4
6535 6534 4
6536 6535 4
6537 6536 4
6538 6537 4
6539 6538 4
6540 6539 4
6541 6540 4
6542 6541 4
6543 6542 4
6544 6543 4
6545 6544 4
6546 6545 4
6547 6546 4
6548 6547 4
6549 6548 4
6550 6549 4
6551 6550 4
6552 6551 4
6553 6552 4
6554 6553 4
6555 6554 4
6645 6555 4
6646 6645 4
6647 6646 4
6648 6647 4
6738 6648 4
6739 6738 4
6740 6739 4
6741 6740 4
6742 6741 4
6743 6742 4
6744 6743 4
6745 6744 4
6835 6745 4
6836 6835 4
6837 6836 4
6838 6837 4
6928 6838 4
6929 6928 4
7019 6929 4
7109 7019 4
7199 7109 4
7200 7199 4
7200 7290 4
7290 7380 4
7380 7470 4
7470 7560 4
9915 9825 4
10005 9915 4
10095 10005 4
10185 10095 4
10275 10185 4
10365 10275 4
10366 10365 4
10456 10366 4
10546 10456 4
10636 10546 4
10726 10636 4
10816 10726 4
10906 10816 4
10996 10906 4
11086 10996 4
 17 107 5
 18  17 5
107 197 5
 19  18 5
 20  19 5
 21  20 5
 22  21 5
 23  22 5
 24  23 5
 25  24 5
 26  25 5
 27  26 5
 28  27 5
 29  28 5
 30  29 5
 31  30 5
 32  31 5
197 287 5
287 377 5
377 467 5
467 557 5
556 646 5
557 556 5
646 736 5
736 826 5
826 916 5
916 1006 5
1006 1096 5
1096 1186 5
1186 1276 5
1276 1366 5
1366 1456 5
1456 1546 5
1546 1636 5
1636 1726 5
1712 1802 5
1713 1712 5
1714 1713 5
1715 1714 5
1716 1715 5
1717 1716 5
1718 1717 5
1719 1718 5
1720 1719 5
1721 1720 5
1722 1721 5
1723 1722 5
1724 1723 5
1725 1724 5
1726 1725 5
1801 1891 5
1802 1801 5
1891 1981 5
1981 10081 5
10081 10171 5
10171 10261 5
10261 10351 5
10351 10441 5
10441 10531 5
10531 10621 5
10621 10711 5
10711 10801 5
10801 10891 5
10891 10981 5
10981 11071 5
11071 11161 5
11161 11251 5
11251 11341 5
11341 11431 5
11431 11521 5
11521 11611 5
11611 11701 5
11701 11791 5
11791 11881 5
11881 11971 5
11971 12061 5
12061 12151 5
12151 12241 5
12241 12331 5
12331 12421 5
12421 12511 5
12511 12601 5
12601 12691 5
12691 12781 5
12781 12871 5
12871 12961 5
12961 13051 5
13051 13141 5
13141 13231 5
13231 5131 5
8138  38 6
8228 8138 6
8318 8228 6
8408 8318 6
8498 8408 6
8587 8588 6
8588 8498 6
8677 8587 6
8766 8767 6
8767 8677 6
8856 8766 6
8946 8856 6
9036 8946 6
9125 9126 6
9126 9036 6
9215 9125 6
9305 9215 6
9395 9305 6
9485 9395 6
9575 9485 6
9664 9665 6
9665 9575 6
9754 9664 6
9844 9754 6
9934 9844 6
10024 9934 6
10114 10024 6
10203 10204 6
10204 10114 6
10293 10203 6
10383 10293 6
10473 10383 6
10563 10473 6
10653 10563 6
10743 10653 6
10833 10743 6
10922 10923 6
10923 10833 6
11012 10922 6
11102 11012 6
11192 11102 6
11282 11192 6
11372 11282 6
11462 11372 6
11551 11552 6
11552 11462 6
11641 11551 6
11731 11641 6
11821 11731 6
11911 11821 6
11998 11999 6
11999 12000 6
12000 12001 6
12001 11911 6
12088 11998 6
12178 12088 6
12267 12268 6
12268 12178 6
12357 12267 6
12447 12357 6
12537 12447 6
12627 12537 6
12717 12627 6
12807 12717 6
12897 12807 6
12987 12897 6
13077 12987 6
13167 13077 6
13257 13167 6
13346 13347 6
13347 13257 6
13436 13346 6
13526 13436 6
13616 13526 6
13706 13616 6
13796 13706 6
13886 13796 6
13976 13886 6
14066 13976 6
14155 14156 6
14156 14066 6
14245 14155 6
14335 14245 6
14415 14416 6
14416 14417 6
14417 14418 6
14418 14419 6
14419 14420 6
14420 14421 6
14421 14422 6
14422 14423 6
14423 14424 6
14424 14425 6
14425 14335 6
14503 14504 6
14504 14505 6
14505 14415 6
14593 14503 6
14683 14593 6
14773 14683 6
14860 14861 6
14861 14862 6
14862 14863 6
14863 14773 6
14948 14949 6
14949 14950 6
14950 14860 6
15036 15037 6
15037 15038 6
15038 14948 6
7111 15211 6
15124 15125 6
15125 15126 6
15126 15036 6
7201 7111 6
15211 15212 6
15212 15213 6
15213 15214 6
15214 15124 6
7291 7201 6
7381 7291 6
7471 7381 6
1080 990 7
1170 1080 7
1260 1170 7
1350 1260 7
1440 1350 7
1530 1440 7
1620 1530 7
1710 1620 7
1800 1710 7
1890 1800 7
1980 1890 7
2070 1980 7
2160 2070 7
2250 2160 7
2340 2250 7
2430 2340 7
2520 2430 7
2610 2520 7
2700 2610 7
2790 2700 7
2880 2790 7
2969 2970 7
2970 2880 7
3058 3059 7
3059 2969 7
3148 3058 7
3238 3148 7
3328 3238 7
3418 3328 7
3508 3418 7
3598 3508 7
3688 3598 7
3778 3688 7
3840 3841 7
3841 3842 7
3842 3843 7
3843 3844 7
3844 3845 7
3845 3846 7
3846 3847 7
3847 3848 7
3848 3849 7
3849 3850 7
3850 3851 7
3851 3852 7
3852 3853 7
3853 3854 7
3854 3855 7
3855 3856 7
3856 3857 7
3857 3858 7
3858 3859 7
3859 3860 7
3860 3861 7
3861 3862 7
3862 3863 7
3863 3864 7
3864 3865 7
3865 3866 7
3866 3867 7
3867 3868 7
3868 3778 7
11940 3840 7
12030 11940 7
12120 12030 7
12210 12120 7
12300 12210 7
12390 12300 7
12480 12390 7
12570 12480 7
12660 12570 7
12750 12660 7
12840 12750 7
12930 12840 7
13020 12930 7
13110 13020 7
13200 13110 7
13290 13200 7
13380 13290 7
13470 13380 7
13560 13470 7
13650 13560 7
13740 13650 7
13830 13740 7
13920 13830 7
14010 13920 7
14100 14010 7
14190 14100 7
14280 14190 7
14370 14280 7
14460 14370 7
14550 14460 7
14640 14550 7
14730 14640 7
14820 14730 7
14910 14820 7
15000 14910 7
15083 15084 7
15084 15085 7
15085 15086 7
15086 15087 7
15087 15088 7
15088 15089 7
15089 15090 7
15090 15000 7
15173 15083 7
15262 15263 7
15263 15173 7
15352 15262 7
15441 15442 7
15442 15352 7
15531 15441 7
15621 15531 7
15711 15621 7
15800 15801 7
15801 15711 7
15889 15890 7
15890 15800 7
15978 15979 7
15979 15889 7
8057 16157 7
16068 15978 7
16124 8024 7
16125 16124 7
16126 16125 7
16127 16126 7
16128 16127 7
16129 16128 7
16130 16129 7
16131 16130 7
16132 16131 7
16133 16132 7
16134 16133 7
16135 16134 7
16136 16135 7
16137 16136 7
16138 16137 7
16139 16138 7
16140 16139 7
16141 16140 7
16142 16141 7
16143 16142 7
16144 16143 7
16145 16144 7
16146 16145 7
16147 16146 7
16148 16147 7
16149 16148 7
16150 16149 7
16151 16150 7
16152 16151 7
16153 16152 7
16154 16153 7
16155 16154 7
16156 16155 7
16157 16156 7
16157 16158 7
16158 16068 7
166  76 8
256 166 8
346 256 8
436 346 8
468 558 8
469 468 8
470 469 8
471 470 8
472 471 8
473 472 8
474 473 8
475 474 8
476 475 8
477 476 8
478 477 8
479 478 8
480 479 8
481 480 8
482 481 8
483 482 8
484 483 8
485 484 8
486 485 8
487 486 8
488 487 8
489 488 8
490 489 8
491 490 8
492 491 8
493 492 8
494 493 8
495 494 8
496 495 8
497 496 8
498 497 8
499 498 8
500 499 8
501 500 8
502 501 8
503 502 8
504 503 8
505 504 8
506 505 8
507 506 8
508 507 8
509 508 8
510 509 8
511 510 8
512 511 8
513 512 8
514 513 8
515 514 8
516 515 8
517 516 8
518 517 8
519 518 8
520 519 8
521 520 8
522 521 8
523 522 8
524 523 8
525 524 8
526 436 8
526 525 8
527 526 8
528 527 8
529 528 8
530 529 8
531 530 8
532 531 8
533 532 8
534 533 8
535 534 8
536 535 8
537 536 8
538 537 8
539 538 8
540 539 8
558 648 8
648 738 8
738 828 8
828 918 8
918 1008 8
1007 1097 8
1008 1007 8
1097 9197 8
9197 9287 8
9275 9365 8
9276 9275 8
9277 9276 8
9278 9277 8
9279 9278 8
9280 9279 8
9281 9280 8
9282 9281 8
9283 9282 8
9284 9283 8
9285 9284 8
9286 9285 8
9287 9286 8
9365 9455 8
9455 9545 8
9544 9634 8
9545 9544 8
9634 9724 8
9723 9813 8
9724 9723 8
9813 9903 8
9902 9992 8
9903 9902 8
9992 10082 8
10082 10172 8
10172 10262 8
10262 10352 8
2342 2432 8
10352 10442 8
2431 2521 8
2432 2431 8
10442 2342 8
2521 2611 8
8189  89 9
8279 8189 9
8369 8279 9
8459 8369 9
8549 8459 9
8639 8549 9
8729 8639 9
8819 8729 9
8909 8819 9
8999 8909 9
9089 8999 9
9179 9089 9
9269 9179 9
9359 9269 9
9449 9359 9
9539 9449 9
9629 9539 9
9719 9629 9
9809 9719 9
9899 9809 9
9989 9899 9
10079 9989 9
10169 10079 9
10259 10169 9
10349 10259 9
10439 10349 9
10529 10439 9
10619 10529 9
10709 10619 9
10799 10709 9
10889 10799 9
10979 10889 9
11069 10979 9
11159 11069 9
11249 11159 9
11339 11249 9
11429 11339 9
11519 11429 9
11609 11519 9
11699 11609 9
11789 11699 9
11879 11789 9
11969 11879 9
12059 11969 9
12149 12059 9
12239 12149 9
12329 12239 9
12419 12329 9
12509 12419 9
12599 12509 9
12689 12599 9
12779 12689 9
12869 12779 9
12959 12869 9
13049 12959 9
13139 13049 9
13229 13139 9
5309 13409 9
13319 13229 9
5310 5309 9
13406 13496 9
13407 13406 9
13408 13407 9
13409 13319 9
13409 13408 9
13496 13586 9
13586 13676 9
13676 13766 9
13766 13856 9
13856 13946 9
13946 14036 9
14036 14126 9
14126 14216 9
14216 14306 9
14306 14396 9
14396 14486 9
14486 14576 9
14576 14666 9
14666 14756 9
14756 14846 9
14846 14936 9
14936 15026 9
15026 15116 9
15116 15206 9
15206 15296 9
15296 15386 9
15386 15476 9
15476 15566 9
15566 15656 9
15656 15746 9
15746 15836 9
15836 15926 9
7916 8006 9
15926 16016 9
8006 8096 9
16016 7916 9
8096 8097 9
8097 8098 9
8098 8099 9
8099 8100 9
123  33 10
124 123 10
125 124 10
126 125 10
127 126 10
128 127 10
129 128 10
130 129 10
8177  77 10
8230 130 10
8231 8230 10
8232 8231 10
8233 8232 10
8234 8233 10
8235 8234 10
8236 8235 10
8237 8236 10
8238 8237 10
8239 8238 10
8240 8239 10
8241 8240 10
8242 8241 10
8243 8242 10
8244 8243 10
8245 8244 10
8246 8245 10
8247 8246 10
8248 8247 10
8249 8248 10
8250 8249 10
8251 8250 10
8252 8251 10
8253 8252 10
8254 8253 10
8255 8254 10
8256 8255 10
8257 8256 10
8258 8257 10
8259 8258 10
8260 8259 10
8261 8260 10
8262 8261 10
8263 8262 10
8264 8263 10
8265 8264 10
8266 8265 10
8267 8177 10
8267 8266 10
8357 8267 10
8447 8357 10
8448 8447 10
8449 8448 10
8539 8449 10
8629 8539 10
8719 8629 10
8720 8719 10
8810 8720 10
8811 8810 10
8901 8811 10
8991 8901 10
9081 8991 10
9171 9081 10
9261 9171 10
9351 9261 10
9441 9351 10
9531 9441 10
9621 9531 10
9711 9621 10
9801 9711 10
9891 9801 10
9981 9891 10
10071 9981 10
10161 10071 10
10251 10161 10
10341 10251 10
10431 10341 10
10521 10431 10
10611 10521 10
10701 10611 10
10791 10701 10
10881 10791 10
10971 10881 10
11061 10971 10
11151 11061 10
11241 11151 10
11331 11241 10
11421 11331 10
11511 11421 10
11601 11511 10
11691 11601 10
11781 11691 10
11871 11781 10
11961 11871 10
12051 11961 10
12141 12051 10
12231 12141 10
12321 12231 10
12411 12321 10
12501 12411 10
12591 12501 10
12681 12591 10
12771 12681 10
12861 12771 10
12951 12861 10
13041 12951 10
13131 13041 10
13221 13131 10
13311 13221 10
13401 13311 10
13491 13401 10
13581 13491 10
13671 13581 10
13761 13671 10
13851 13761 10
13941 13851 10
14031 13941 10
14121 14031 10
14211 14121 10
14301 14211 10
14391 14301 10
14481 14391 10
14571 14481 10
14661 14571 10
14751 14661 10
14841 14751 10
14931 14841 10
15021 14931 10
15111 15021 10
15201 15111 10
15291 15201 10
15292 15291 10
15382 15292 10
15472 15382 10
15562 15472 10
15652 15562 10
15742 15652 10
15832 15742 10
7912 16012 10
15922 15832 10
8002 7912 10
16012 15922 10
8092 8002 10
8105   5 11
8106 8105 11
8107 8106 11
8108 8107 11
8109 8108 11
8110 8109 11
8111 8110 11
8112 8111 11
8113 8112 11
8114 8113 11
8115 8114 11
8116 8115 11
8117 8116 11
8118 8117 11
8119 8118 11
8120 8119 11
8121 8120 11
8122 8121 11
8123 8122 11
8124 8123 11
8125 8124 11
8126 8125 11
8127 8126 11
8128 8127 11
8129 8128 11
8130 8129 11
8131 8130 11
8132 8131 11
8133 8132 11
8134 8133 11
 36 8136 11
8135 8134 11
8136 8135 11
8136 8226 11
8226 8316 11
8316 8406 11
8406 8496 11
8496 8586 11
576 577 11
8586 8676 11
577 578 11
578 8678 11
8676 576 11
8678 8679 11
8679 8680 11
8680 8770 11
8770 8860 11
8860 8950 11
8950 8951 11
8951 9041 11
9041 9131 11
9131 9132 11
9132 9222 11
9222 9312 11
9312 9313 11
9313 9403 11
9403 9493 11
9493 9583 11
9583 9584 11
9584 9585 11
9585 9675 11
9675 9765 11
9765 9855 11
9855 9856 11
9856 9946 11
9946 9947 11
9947 10037 11
10037 10127 11
10127 10217 11
10217 10218 11
10218 10308 11
10308 10309 11
10309 10399 11
10399 10489 11
10489 10579 11
10579 10580 11
10580 10670 11
10670 10671 11
10671 10761 11
10761 10851 11
10851 10941 11
10941 11031 11
11031 11032 11
11032 11033 11
11033 11123 11
11123 11213 11
11213 11303 11
11303 11304 11
11304 11394 11
11394 11395 11
11395 11485 11
11485 11575 11
11575 11665 11
11665 11666 11
11666 11667 11
11667 11668 11
11668 11669 11
11669 11759 11
11759 11760 11
11760 11850 11
11850 11851 11
11851 11941 11
11941 12031 11
12031 12121 11
12121 12211 11
12211 12301 11
12301 12391 11
12391 12481 11
12481 12571 11
12571 12661 11
12661 12751 11
12751 12841 11
12841 12931 11
12931 13021 11
13021 13111 11
13111 13201 11
13201 13291 11
13291 13381 11
13381 13471 11
13471 13561 11
13561 13651 11
13651 13741 11
13741 13831 11
13831 13921 11
13921 14011 11
14011 14101 11
14101 14191 11
14191 14192 11
14192 14282 11
14282 14372 11
14372 14462 11
14462 14552 11
14552 14553 11
14553 14643 11
14643 14644 11
14644 14645 11
14645 14646 11
14646 14647 11
14647 14648 11
14648 14649 11
14649 14650 11
14650 14651 11
14651 14652 11
14652 14653 11
14653 14654 11
14654 14655 11
14655 14656 11
14656 14746 11
6649 6650 11
6650 6651 11
6651 6652 11
6652 6653 11
6653 6654 11
6654 6655 11
6655 6656 11
6656 6746 11
14746 14747 11
14747 14748 11
14748 14749 11
14749 6649 11
6746 6747 11
6747 6748 11
6748 6749 11
6749 6750 11
168  78 12
258 168 12
348 258 12
438 348 12
8538 438 12
8628 8538 12
8718 8628 12
8808 8718 12
8898 8808 12
8899 8898 12
8900 8899 12
8990 8900 12
9080 8990 12
9170 9080 12
9260 9170 12
9350 9260 12
9440 9350 12
9530 9440 12
9620 9530 12
9710 9620 12
9800 9710 12
9890 9800 12
9980 9890 12
10070 9980 12
10160 10070 12
10250 10160 12
10340 10250 12
10430 10340 12
10520 10430 12
10610 10520 12
10700 10610 12
10790 10700 12
10880 10790 12
10970 10880 12
11060 10970 12
11150 11060 12
11240 11150 12
11330 11240 12
11420 11330 12
11510 11420 12
11600 11510 12
11690 11600 12
11780 11690 12
11870 11780 12
11960 11870 12
12050 11960 12
12140 12050 12
12230 12140 12
12320 12230 12
12410 12320 12
12500 12410 12
12590 12500 12
12680 12590 12
12770 12680 12
12860 12770 12
12950 12860 12
13040 12950 12
13130 13040 12
13220 13130 12
13310 13220 12
13400 13310 12
13490 13400 12
13580 13490 12
13670 13580 12
13760 13670 12
13850 13760 12
13940 13850 12
14030 13940 12
14120 14030 12
14210 14120 12
14300 14210 12
14390 14300 12
14480 14390 12
14570 14480 12
14660 14570 12
14750 14660 12
14840 14750 12
14930 14840 12
15020 14930 12
15110 15020 12
15200 15110 12
15290 15200 12
15380 15290 12
15470 15380 12
15560 15470 12
15650 15560 12
15740 15650 12
15830 15740 12
7910 16010 12
15920 15830 12
8000 7910 12
16010 15920 12
8090 8000 12
 45 135 13
135 225 13
215 8315 13
216 215 13
217 216 13
218 217 13
219 218 13
220 219 13
221 220 13
222 221 13
223 222 13
224 223 13
225 224 13
8315 8405 13
8405 8495 13
8495 8585 13
8585 8675 13
8675 8765 13
8765 8855 13
8855 8945 13
8945 9035 13
9034 9124 13
9035 9034 13
9124 9214 13
9214 9304 13
9304 9394 13
9394 9484 13
9484 9574 13
9573 9663 13
9574 9573 13
9663 9753 13
9753 9843 13
9843 9933 13
9933 10023 13
10023 10113 13
10112 10202 13
10113 10112 13
10202 10292 13
10292 10382 13
10382 10472 13
10472 10562 13
10562 10652 13
10652 10742 13
10742 10832 13
10831 10921 13
10832 10831 13
10921 11011 13
11011 11101 13
11101 11191 13
11191 11281 13
11281 11371 13
11371 11461 13
11460 11550 13
11461 11460 13
11550 11640 13
11640 11730 13
11730 11820 13
11820 11910 13
11907 11997 13
11908 11907 13
11909 11908 13
11910 11909 13
11997 12087 13
4077 4167 13
12087 12177 13
4167 4257 13
12177 4077 13
4257 4347 13
4347 4437 13
4437 4527 13
4527 4617 13
4617 4707 13
4707 4797 13
4797 4887 13
4887 4977 13
4977 5067 13
5067 5157 13
5157 5247 13
5247 5337 13
5337 5427 13
5427 5517 13
5517 5607 13
5607 5697 13
5697 5787 13
5787 5877 13
5877 5967 13
5963 6053 13
5964 5963 13
5965 5964 13
5966 5965 13
5967 5966 13
6053 6143 13
6143 6233 13
6212 6211 13
6213 6212 13
6214 6213 13
6215 6214 13
6216 6215 13
6217 6216 13
6218 6217 13
6219 6218 13
6220 6219 13
6221 6220 13
6222 6221 13
6223 6222 13
6224 6223 13
6225 6224 13
6226 6225 13
6227 6226 13
6228 6227 13
6229 6228 13
6230 6229 13
6231 6230 13
6232 6231 13
6233 6232 13
  9  10 14
 10  11 14
 11  12 14
 12 102 14
102 103 14
103 104 14
104 8204 14
108 109 14
109 110 14
110 111 14
111 112 14
112 113 14
113 114 14
114 115 14
115 116 14
116 117 14
117 118 14
118 119 14
119 120 14
120 121 14
121 122 14
122 212 14
 46  47 14
 47  48 14
136  46 14
 48  49 14
 49  50 14
 50  51 14
 51  52 14
 52  53 14
 53  54 14
 54  55 14
 55  56 14
 56  57 14
 57  58 14
 58  59 14
 59  60 14
 60  61 14
 61  62 14
 62  63 14
 63  64 14
 64  65 14
 65  66 14
 66  67 14
 67  68 14
 68  69 14
 69  70 14
 70  71 14
 71  72 14
 72  73 14
 73  74 14
8204 8205 14
8205 8206 14
8206 8207 14
8207 8208 14
8208 108 14
212 213 14
213 214 14
214 304 14
226 136 14
304 305 14
305 306 14
306 307 14
307 308 14
308 309 14
309 310 14
310 311 14
311 312 14
312 313 14
313 314 14
314 315 14
315 316 14
316 226 14
3151 3061 15
3241 3151 15
3331 3241 15
3421 3331 15
3511 3421 15
3601 3511 15
3691 3601 15
3781 3691 15
3871 3781 15
3872 3871 15
11972 3872 15
12062 11972 15
12152 12062 15
12242 12152 15
12332 12242 15
12422 12332 15
12512 12422 15
12602 12512 15
12692 12602 15
12782 12692 15
12872 12782 15
12962 12872 15
13052 12962 15
13142 13052 15
13232 13142 15
13322 13232 15
13412 13322 15
13502 13412 15
13592 13502 15
13682 13592 15
13772 13682 15
13862 13772 15
13952 13862 15
14042 13952 15
14132 14042 15
14222 14132 15
14312 14222 15
6392 14492 15
14402 14312 15
6482 6392 15
14492 14402 15
6572 6482 15
6662 6572 15
6752 6662 15
6842 6752 15
6932 6842 15
7022 6932 15
7112 7022 15
7202 7112 15
7292 7202 15
7382 7292 15
7472 7382 15
7562 7472 15
7652 7562 15
7741 7742 15
7742 7652 15
