# Cost: 1792

# Tail Head Net
1981 1921 1
2041 1981 1
2101 2041 1
2161 2101 1
2221 2161 1
2222 2221 1
2223 2222 1
2224 2223 1
2225 2224 1
2226 2225 1
2227 2226 1
2228 2227 1
2229 2228 1
2230 2229 1
2231 2230 1
2232 2231 1
2233 2232 1
2234 2233 1
2235 2234 1
2236 2235 1
2237 2236 1
2238 2237 1
2239 2238 1
2240 2239 1
2241 2240 1
2242 2241 1
2243 2242 1
2244 2243 1
2245 2244 1
2246 2245 1
2247 2246 1
2248 2247 1
2249 2248 1
2250 2249 1
2251 2250 1
2252 2251 1
2253 2252 1
2254 2253 1
2255 2254 1
2256 2255 1
2257 2256 1
2258 2257 1
2259 2258 1
2260 2259 1
2261 2260 1
2262 2261 1
2263 2262 1
2264 2263 1
2265 2264 1
2266 2265 1
2267 2266 1
2268 2267 1
2268 2269 1
2269 2270 1
2270 2271 1
2271 2272 1
2272 2273 1
2273 2274 1
2274 2275 1
2275 2276 1
2276 2277 1
2277 2278 1
2278 2279 1
2279 2280 1
2328 2268 1
2388 2328 1
2448 2388 1
2508 2448 1
2568 2508 1
2628 2568 1
2688 2628 1
2748 2688 1
2808 2748 1
2868 2808 1
2928 2868 1
2988 2928 1
3048 2988 1
3108 3048 1
3168 3108 1
3228 3168 1
3288 3228 1
3348 3288 1
3408 3348 1
3468 3408 1
3528 3468 1
3588 3528 1
 49  50 2
108 109 2
 50  51 2
109  49 2
 51  52 2
 52  53 2
 53  54 2
 54  55 2
 55  56 2
168 108 2
211 212 2
212 213 2
213 214 2
214 215 2
215 216 2
216 217 2
217 218 2
218 219 2
219 220 2
220 221 2
221 222 2
222 223 2
223 224 2
224 225 2
225 226 2
226 227 2
227 228 2
228 168 2
271 211 2
326 327 2
327 328 2
328 329 2
329 330 2
330 331 2
331 271 2
386 326 2
445 446 2
446 386 2
504 505 2
505 445 2
562 563 2
563 564 2
564 504 2
621 622 2
622 562 2
680 681 2
681 621 2
737 738 2
738 739 2
739 740 2
740 680 2
792 793 2
793 794 2
794 795 2
795 796 2
796 797 2
797 737 2
851 852 2
852 792 2
911 851 2
969 970 2
970 971 2
971 911 2
1028 1029 2
1029 969 2
1081 1082 2
1082 1083 2
1083 1084 2
1084 1085 2
1085 1086 2
1086 1087 2
1087 1088 2
1088 1028 2
1141 1081 2
3640  40 3
3700 3640 3
3760 3700 3
3820 3760 3
3880 3820 3
3940 3880 3
460 4060 3
4000 3940 3
461 460 3
462 461 3
463 462 3
464 463 3
465 464 3
466 465 3
467 466 3
468 467 3
469 468 3
470 469 3
471 470 3
472 471 3
473 472 3
474 473 3
475 474 3
476 475 3
477 476 3
478 477 3
479 478 3
480 479 3
4060 4000 3
540 480 3
600 540 3
660 600 3
720 660 3
780 720 3
840 780 3
900 840 3
960 900 3
1020 960 3
1080 1020 3
1140 1080 3
1200 1140 3
1260 1200 3
1320 1260 3
1380 1320 3
1440 1380 3
1500 1440 3
1560 1500 3
2100 2040 4
2160 2100 4
2220 2160 4
5820 2220 4
5880 5820 4
5940 5880 4
2460 6060 4
6000 5940 4
6060 6000 4
6060 6120 4
6120 6180 4
6180 6240 4
6240 6300 4
6300 6360 4
6360 6420 4
6420 6480 4
6480 6540 4
6540 6600 4
6600 6660 4
6660 6720 4
6720 6780 4
6780 6840 4
6840 6900 4
6900 6960 4
6960 7020 4
7020 7080 4
7080 7140 4
7140 7200 4
7148 3548 4
7149 7148 4
7150 7149 4
7151 7150 4
7152 7151 4
7153 7152 4
7154 7153 4
7155 7154 4
7156 7155 4
7157 7156 4
7158 7157 4
7159 7158 4
7160 7159 4
7161 7160 4
7162 7161 4
7163 7162 4
7164 7163 4
7165 7164 4
7166 7165 4
7167 7166 4
7168 7167 4
7169 7168 4
7170 7169 4
7171 7170 4
7172 7171 4
7173 7172 4
7174 7173 4
7175 7174 4
7176 7175 4
7177 7176 4
7178 7177 4
7179 7178 4
7180 7179 4
7181 7180 4
7182 7181 4
7183 7182 4
7184 7183 4
7185 7184 4
7186 7185 4
7187 7186 4
7188 7187 4
7189 7188 4
7190 7189 4
7191 7190 4
7192 7191 4
7193 7192 4
7194 7193 4
7195 7194 4
7196 7195 4
7197 7196 4
7198 7197 4
7199 7198 4
7200 7199 4
3623  23 5
3623 3624 5
3624 7224 5
3659  59 5
3682 3683 5
3683 3623 5
3742 3682 5
3802 3742 5
3862 3802 5
3922 3862 5
3982 3922 5
4042 3982 5
4102 4042 5
4162 4102 5
4222 4162 5
4282 4222 5
4342 4282 5
4402 4342 5
4462 4402 5
4522 4462 5
4582 4522 5
4642 4582 5
4702 4642 5
4762 4702 5
4822 4762 5
4882 4822 5
4942 4882 5
5002 4942 5
5062 5002 5
5122 5062 5
5182 5122 5
5242 5182 5
5302 5242 5
5362 5302 5
5422 5362 5
5482 5422 5
5542 5482 5
5602 5542 5
5662 5602 5
5722 5662 5
5782 5722 5
5842 5782 5
5902 5842 5
5962 5902 5
6022 5962 5
6082 6022 5
6142 6082 5
6202 6142 5
6262 6202 5
6322 6262 5
6382 6322 5
6442 6382 5
6502 6442 5
6562 6502 5
6622 6562 5
6682 6622 5
6742 6682 5
6802 6742 5
3322 6922 5
6862 6802 5
3382 3322 5
6922 6862 5
3442 3382 5
3502 3442 5
3562 3502 5
7224 7225 5
7225 7226 5
7226 7227 5
7227 7228 5
7228 7229 5
7229 7230 5
7230 7231 5
7231 7232 5
7232 7233 5
7233 7234 5
7234 7235 5
7235 7236 5
7236 7237 5
7237 7238 5
7238 7239 5
7239 7240 5
7240 7241 5
7241 7242 5
7242 7243 5
7243 7244 5
7244 7245 5
7245 7246 5
7246 7247 5
7247 7248 5
7248 7249 5
7249 7250 5
7250 7251 5
7251 7252 5
7252 7253 5
7253 7254 5
7254 7255 5
7255 7256 5
7256 7257 5
7257 7258 5
7258 7259 5
7259 3659 5
3616  16 6
3676 3616 6
3736 3676 6
3796 3736 6
3856 3796 6
3916 3856 6
3976 3916 6
4036 3976 6
4096 4036 6
4156 4096 6
4216 4156 6
4276 4216 6
4336 4276 6
4396 4336 6
4456 4396 6
4516 4456 6
4576 4516 6
4636 4576 6
4696 4636 6
4756 4696 6
4816 4756 6
4876 4816 6
4936 4876 6
4996 4936 6
5056 4996 6
5116 5056 6
5176 5116 6
5236 5176 6
5296 5236 6
5356 5296 6
5416 5356 6
5476 5416 6
5536 5476 6
5596 5536 6
5656 5596 6
5716 5656 6
5776 5716 6
5836 5776 6
2356 5956 6
5896 5836 6
2416 2356 6
5956 5896 6
2476 2416 6
2536 2476 6
2596 2536 6
2656 2596 6
2716 2656 6
2776 2716 6
2836 2776 6
2896 2836 6
2956 2896 6
3016 2956 6
3076 3016 6
3121 3122 6
3122 3123 6
3123 3124 6
3124 3125 6
3125 3126 6
3126 3127 6
3127 3128 6
3128 3129 6
3129 3130 6
3130 3131 6
3131 3132 6
3132 3133 6
3133 3134 6
3134 3135 6
3135 3136 6
3136 3076 6
3136 3196 6
3196 3256 6
3256 3257 6
3257 3258 6
3258 3259 6
3259 3260 6
3260 3261 6
3261 3262 6
3262 3263 6
3263 3323 6
3323 3383 6
3383 3443 6
3443 3503 6
3503 3563 6
3563 3564 6
3564 3565 6
3565 3566 6
3566 3567 6
3567 3568 6
3568 3569 6
3569 3570 6
3615  15 7
3675 3615 7
3735 3675 7
3795 3735 7
3855 3795 7
3915 3855 7
3975 3915 7
4035 3975 7
4095 4035 7
4155 4095 7
4215 4155 7
4275 4215 7
4335 4275 7
4395 4335 7
915 4515 7
4455 4395 7
975 915 7
4515 4455 7
1035 975 7
1095 1035 7
1155 1095 7
1215 1155 7
1275 1215 7
1335 1275 7
1395 1335 7
1455 1395 7
1515 1455 7
1575 1515 7
1621 1622 7
1622 1623 7
1623 1624 7
1624 1625 7
1625 1626 7
1626 1627 7
1627 1628 7
1628 1629 7
1629 1630 7
1630 1631 7
1631 1632 7
1632 1633 7
1633 1634 7
1634 1635 7
1635 1575 7
1635 1695 7
1695 1755 7
1755 1815 7
1815 1875 7
1875 1935 7
1935 1936 7
1936 1996 7
1996 2056 7
2056 2057 7
2057 2058 7
2058 2059 7
2059 2060 7
2060 2061 7
2061 2062 7
2062 2063 7
2063 2064 7
2064 2124 7
2124 5724 7
5724 5784 7
5784 5844 7
5844 5904 7
5904 5964 7
5964 6024 7
6024 6084 7
6084 6144 7
6144 6145 7
6145 6146 7
6146 6147 7
6147 6148 7
6148 6149 7
6149 6150 7
6150 6151 7
6151 6152 7
6152 6153 7
6153 6213 7
6213 6214 7
6214 6215 7
6215 6216 7
6216 6217 7
6217 6218 7
6218 6219 7
6219 6220 7
6220 6221 7
6221 6222 7
6222 6223 7
6223 6283 7
2689 2690 7
2690 2691 7
2691 2692 7
2692 2693 7
2693 2694 7
2694 2695 7
2695 2696 7
2696 2697 7
2697 2698 7
2698 2699 7
2699 2700 7
6283 6284 7
6284 6285 7
6285 6286 7
6286 6287 7
6287 6288 7
6288 6289 7
6289 2689 7
102 162 8
 44 104 8
103 102 8
104 103 8
150 210 8
151 150 8
152 151 8
153 152 8
154 153 8
155 154 8
156 155 8
157 156 8
158 157 8
159 158 8
160 159 8
161 160 8
162 161 8
204 264 8
205 204 8
206 205 8
207 206 8
208 207 8
209 208 8
210 209 8
263 323 8
264 263 8
322 382 8
323 322 8
375 435 8
376 375 8
377 376 8
378 377 8
379 378 8
380 379 8
381 380 8
382 381 8
435 495 8
495 555 8
555 615 8
615 675 8
674 4274 8
675 674 8
4274 4334 8
4334 4394 8
4394 4454 8
4454 4514 8
4514 4574 8
4574 4634 8
4634 4694 8
4694 4754 8
4754 4814 8
4814 4874 8
4874 4934 8
4934 4994 8
4981 1381 8
4982 4981 8
4983 4982 8
4984 4983 8
4985 4984 8
4986 4985 8
4987 4986 8
4988 4987 8
4989 4988 8
4990 4989 8
4991 4990 8
4992 4991 8
4993 4992 8
4993 5053 8
4994 4993 8
5053 5113 8
5113 5173 8
5173 5233 8
5233 5293 8
5293 5353 8
5353 5413 8
5413 5473 8
5473 5533 8
5533 5593 8
5593 5653 8
5653 5713 8
5713 5773 8
5773 5833 8
5833 5893 8
5893 5953 8
5953 6013 8
6013 6073 8
6073 6133 8
6133 6193 8
6193 6253 8
6253 6313 8
6313 6373 8
6373 6433 8
6433 6493 8
6493 6553 8
6553 6613 8
6613 6673 8
6673 6733 8
3193 3253 8
6733 6793 8
3253 3313 8
6793 3193 8
3313 3373 8
3373 3433 8
3433 3493 8
3493 3553 8
 26  86 9
 86 146 9
146 3746 9
3746 3806 9
3806 3866 9
3866 3926 9
3926 3986 9
3986 4046 9
4021 421 9
4046 4106 9
4046 7646 9
4106 4166 9
4166 4226 9
4226 4286 9
4286 4346 9
4346 4406 9
4406 4466 9
4466 4526 9
4526 4586 9
4586 4646 9
4646 4706 9
4706 4766 9
4766 4826 9
4826 4886 9
4886 4946 9
4946 5006 9
5006 5066 9
5066 5126 9
5126 5186 9
5186 5246 9
5246 5306 9
5306 5366 9
5366 5426 9
5426 5486 9
5486 5546 9
5546 5606 9
5606 5666 9
5666 5726 9
5726 5786 9
5786 5846 9
5846 5906 9
5906 5966 9
5966 6026 9
6026 6086 9
6086 6087 9
6087 6088 9
6088 6089 9
6089 6090 9
6090 6091 9
6091 6092 9
6092 6093 9
6093 6094 9
6094 6154 9
2569 2570 9
2570 2571 9
2571 2572 9
2572 2573 9
2573 2574 9
2574 2575 9
2575 2576 9
2576 2577 9
2577 2578 9
2578 2579 9
2579 2580 9
6154 6155 9
6155 6156 9
6156 6157 9
6157 6158 9
6158 6159 9
6159 6160 9
6160 6161 9
6161 6162 9
6162 6163 9
6163 6164 9
6164 6165 9
6165 6166 9
6166 6167 9
6167 6168 9
6168 6169 9
6169 2569 9
7621 4021 9
7622 7621 9
7623 7622 9
7624 7623 9
7625 7624 9
7626 7625 9
7627 7626 9
7628 7627 9
7629 7628 9
7630 7629 9
7631 7630 9
7632 7631 9
7633 7632 9
7634 7633 9
7635 7634 9
7636 7635 9
7637 7636 9
7638 7637 9
7639 7638 9
7640 7639 9
7641 7640 9
7642 7641 9
7643 7642 9
7644 7643 9
7645 7644 9
7646 7645 9
 61 121 10
121 181 10
181 241 10
241 301 10
301 302 10
302 362 10
362 422 10
422 4022 10
4022 4082 10
4082 4142 10
4142 4202 10
4202 4262 10
4262 4322 10
4322 4382 10
4382 4442 10
4442 4502 10
4502 4562 10
4562 4622 10
4622 4682 10
4682 4742 10
4742 8342 10
1637 1638 10
1638 1639 10
1639 1640 10
1640 1641 10
1641 1642 10
1642 1643 10
1643 1644 10
1644 1645 10
1645 1646 10
1646 1647 10
1647 1648 10
1648 1649 10
1649 1650 10
1650 1651 10
1651 1652 10
1652 1653 10
1653 1654 10
1654 1655 10
1655 1656 10
1656 1657 10
1657 1658 10
1658 1659 10
1659 1660 10
1660 1661 10
1661 1662 10
1662 1663 10
1663 1664 10
1664 1665 10
1665 1666 10
1666 1667 10
1667 1668 10
1668 1669 10
1669 1670 10
1670 1671 10
1671 1672 10
1672 1673 10
1673 1674 10
1674 1675 10
1675 1676 10
1676 1677 10
1677 1678 10
1678 1679 10
1679 1680 10
5237 1637 10
2522 2582 10
6062 6122 10
2582 2581 10
6122 2522 10
8342 8402 10
8402 8462 10
8462 8522 10
8522 8582 10
8582 8642 10
8642 8702 10
8702 8762 10
8762 8822 10
8822 8823 10
8822 8882 10
8823 8824 10
8824 8825 10
8825 8826 10
8826 8827 10
8827 8828 10
8828 8829 10
8829 8830 10
8830 8831 10
8831 8832 10
8832 8833 10
8833 8834 10
8834 8835 10
8835 8836 10
8836 8837 10
8837 5237 10
8882 8942 10
8942 9002 10
9002 9062 10
9062 9122 10
9122 9182 10
9182 9242 10
9242 9302 10
9302 9362 10
9362 9422 10
9422 9482 10
9482 9542 10
9542 9602 10
9602 9662 10
9662 6062 10
  7 3607 11
  8   7 11
3607 3667 11
  9   8 11
 10   9 11
3667 3727 11
3727 3787 11
3787 3847 11
3847 3907 11
3907 3967 11
3967 4027 11
4027 4087 11
4087 4147 11
4147 4207 11
4207 4267 11
4267 7867 11
5166 5226 11
5225 5285 11
5226 5225 11
5285 5345 11
5345 5405 11
5405 5465 11
5465 5525 11
5525 5585 11
5585 5645 11
5645 5705 11
5705 5765 11
5765 5825 11
5824 5884 11
5825 5824 11
5884 5944 11
5943 6003 11
5944 5943 11
6003 6063 11
6063 6123 11
6123 6183 11
2641 2701 11
2642 2641 11
6183 6243 11
2701 2761 11
6242 2642 11
6243 6242 11
7867 7927 11
7927 7987 11
7987 8047 11
8047 8107 11
8107 8167 11
8167 8227 11
8227 8287 11
8287 8347 11
8347 8407 11
8407 8467 11
8467 8527 11
8527 8587 11
8587 8647 11
8647 8707 11
8707 8767 11
8766 5166 11
8767 8766 11
 18  17 12
3618  18 12
 47 107 12
106 3706 12
 48  47 12
107 106 12
3678 3618 12
3678 3738 12
3704 7304 12
3705 3704 12
3706 3705 12
3738 3798 12
3798 3858 12
3858 3918 12
3918 3978 12
3978 4038 12
4038 4098 12
4098 4158 12
4158 4218 12
4218 4278 12
4278 4338 12
4338 4398 12
4398 4458 12
4458 4518 12
4518 4578 12
4578 4638 12
4638 4698 12
4698 4758 12
4758 4818 12
4818 4878 12
4878 4938 12
4938 4998 12
4998 5058 12
5058 5118 12
5118 5178 12
5178 5238 12
5238 5298 12
5297 5357 12
5298 5297 12
5357 5417 12
5417 5477 12
5477 5537 12
5537 5597 12
5597 5657 12
5657 5717 12
5717 5777 12
5777 5837 12
5837 5897 12
5897 5957 12
5957 6017 12
6017 6077 12
6077 6137 12
6137 6197 12
6197 6257 12
6257 6317 12
6317 6377 12
6377 6437 12
6437 6497 12
6497 6557 12
6557 6617 12
6617 6677 12
6677 6737 12
6737 6797 12
6797 6857 12
6857 6917 12
6917 6977 12
3437 3497 12
6977 7037 12
3497 3557 12
7037 3437 12
7278 3678 12
7279 7278 12
7280 7279 12
7281 7280 12
7282 7281 12
7283 7282 12
7284 7283 12
7285 7284 12
7286 7285 12
7287 7286 12
7288 7287 12
7289 7288 12
7290 7289 12
7291 7290 12
7292 7291 12
7293 7292 12
7294 7293 12
7295 7294 12
7296 7295 12
7297 7296 12
7298 7297 12
7299 7298 12
7300 7299 12
7301 7300 12
7302 7301 12
7303 7302 12
7304 7303 12
180 120 13
240 180 13
300 240 13
360 300 13
419 420 13
420 360 13
4019 419 13
4079 4019 13
4139 4079 13
4199 4139 13
4259 4199 13
4319 4259 13
4379 4319 13
4439 4379 13
4499 4439 13
4559 4499 13
4619 4559 13
4679 4619 13
4739 4679 13
4799 4739 13
4859 4799 13
4919 4859 13
4979 4919 13
5039 4979 13
5099 5039 13
5159 5099 13
5219 5159 13
5279 5219 13
5339 5279 13
5399 5339 13
5459 5399 13
5519 5459 13
5579 5519 13
5639 5579 13
5699 5639 13
5759 5699 13
5819 5759 13
5879 5819 13
5939 5879 13
5999 5939 13
6059 5999 13
6119 6059 13
6179 6119 13
6239 6179 13
6299 6239 13
6359 6299 13
2879 6479 13
6419 6359 13
2880 2879 13
6479 6419 13
2940 2880 13
3000 2940 13
3060 3000 13
3120 3060 13
3180 3120 13
3240 3180 13
3300 3240 13
3360 3300 13
3420 3360 13
3480 3420 13
2941 2881 14
3001 2941 14
6601 3001 14
6661 6601 14
6721 6661 14
6781 6721 14
6841 6781 14
6901 6841 14
6961 6901 14
7021 6961 14
3482 7082 14
7022 7021 14
3542 3482 14
7082 7022 14
3543 3542 14
3543 3544 14
3544 3545 14
3421 3422 15
3422 3423 15
3423 3424 15
3424 3425 15
3425 3426 15
3426 3486 15
3481 3421 15
3486 3487 15
3487 3488 15
3487 3547 15
3488 7088 15
3504 3505 15
3505 3506 15
3506 3507 15
3507 3508 15
3508 3509 15
3509 3510 15
3510 3511 15
3511 3571 15
7088 7089 15
7089 7090 15
7090 7091 15
7091 7092 15
7092 7093 15
7093 7094 15
7094 7095 15
7095 7096 15
7096 7097 15
7097 7098 15
7098 7099 15
7099 7100 15
7100 7101 15
7101 7102 15
7102 7103 15
7103 7104 15
7104 3504 15
3571 3572 15
3572 3573 15
3573 3574 15
3574 3575 15
3575 3576 15
3576 3577 15
 14  74 16
 74 134 16
134 194 16
194 254 16
254 314 16
314 315 16
315 316 16
316 317 16
317 318 16
318 319 16
319 3919 16
3919 3979 16
3979 4039 16
4039 4099 16
4099 4159 16
4159 4219 16
4219 4279 16
4279 4339 16
4339 4399 16
4399 4459 16
4459 4519 16
4519 4579 16
4579 4639 16
4639 4699 16
4699 4759 16
4759 4819 16
4819 4879 16
4879 4939 16
4939 4999 16
4999 5059 16
5059 5119 16
5119 5179 16
5179 5239 16
5239 5299 16
5299 5359 16
5359 5419 16
5419 5479 16
5479 5539 16
5539 5599 16
5599 5659 16
5659 5719 16
5719 5779 16
5779 5839 16
5839 5899 16
5899 5959 16
5959 6019 16
6019 6079 16
6079 6139 16
6139 6199 16
6199 6259 16
6259 6319 16
6319 6379 16
6379 6439 16
6439 6499 16
6499 6559 16
6559 6619 16
6619 6679 16
6679 6739 16
6739 6799 16
6799 6859 16
6859 6919 16
6919 6979 16
3439 3499 16
6979 7039 16
3499 3559 16
7039 3439 16
7039 7040 16
7040 7041 16
7041 7042 16
7042 7043 16
7043 7044 16
7044 7045 16
7045 7105 16
3529 3589 16
7105 7106 16
7106 7107 16
7107 7108 16
7108 7109 16
7109 7110 16
7110 7111 16
7111 7112 16
7112 7113 16
7113 7114 16
7114 7115 16
7115 7116 16
7116 7117 16
7117 7118 16
7118 7119 16
7119 7120 16
7120 7121 16
7121 7122 16
7122 7123 16
7123 7124 16
7124 7125 16
7125 7126 16
7126 7127 16
7127 7128 16
7128 7129 16
3589 3590 16
7129 3529 16
3590 3591 16
3591 3592 16
3592 3593 16
3593 3594 16
3594 3595 16
3595 3596 16
1321 1261 17
1322 1321 17
1382 1322 17
1442 1382 17
1502 1442 17
1562 1502 17
5162 1562 17
5222 5162 17
5282 5222 17
5342 5282 17
5402 5342 17
5462 5402 17
5522 5462 17
5582 5522 17
5642 5582 17
5702 5642 17
5762 5702 17
2281 2341 17
2282 2281 17
2282 5882 17
5822 5762 17
2283 2282 17
2284 2283 17
2285 2284 17
2286 2285 17
2287 2286 17
2288 2287 17
2289 2288 17
2290 2289 17
2291 2290 17
2292 2291 17
2293 2292 17
2294 2293 17
2295 2294 17
2296 2295 17
2297 2296 17
2298 2297 17
2299 2298 17
2300 2299 17
2301 2300 17
2302 2301 17
2303 2302 17
2304 2303 17
2305 2304 17
2306 2305 17
2307 2306 17
2329 5929 17
2330 2329 17
2331 2330 17
2332 2331 17
2333 2332 17
2334 2333 17
2335 2334 17
2336 2335 17
2337 2336 17
2338 2337 17
2339 2338 17
2340 2339 17
5882 5822 17
5907 2307 17
5908 5907 17
5909 5908 17
5910 5909 17
5911 5910 17
5912 5911 17
5913 5912 17
5914 5913 17
5915 5914 17
5916 5915 17
5917 5916 17
5918 5917 17
5919 5918 17
5920 5919 17
5921 5920 17
5922 5921 17
5923 5922 17
5924 5923 17
5925 5924 17
5926 5925 17
5927 5926 17
5928 5927 17
5929 5928 17
 45  46 18
105  45 18
165 105 18
3765 165 18
3825 3765 18
3885 3825 18
3945 3885 18
4005 3945 18
4065 4005 18
4125 4065 18
4141 541 18
2867 6467 18
2927 2867 18
6467 10067 18
2987 2927 18
3047 2987 18
3107 3047 18
3167 3107 18
3227 3167 18
3287 3227 18
3347 3287 18
3407 3347 18
3467 3407 18
3527 3467 18
3587 3527 18
7725 4125 18
7741 4141 18
7742 7741 18
7743 7742 18
7744 7743 18
7745 7744 18
7746 7745 18
7747 7746 18
7748 7747 18
7749 7748 18
7750 7749 18
7751 7750 18
7752 7751 18
7753 7752 18
7754 7753 18
7755 7754 18
7756 7755 18
7757 7756 18
7758 7757 18
7759 7758 18
7760 7759 18
7761 7760 18
7762 7761 18
7763 7762 18
7764 7763 18
7765 7764 18
7766 7765 18
7767 7766 18
7768 7767 18
7769 7768 18
7770 7769 18
7771 7770 18
7772 7771 18
7773 7772 18
7774 7773 18
7775 7774 18
7776 7775 18
7777 7776 18
7778 7777 18
7779 7778 18
7780 7779 18
7781 7780 18
7782 7781 18
7783 7782 18
7784 7783 18
7785 7725 18
7785 7784 18
7845 7785 18
7905 7845 18
7965 7905 18
8025 7965 18
8085 8025 18
8145 8085 18
8205 8145 18
8265 8205 18
8325 8265 18
8326 8325 18
8386 8326 18
8446 8386 18
8506 8446 18
8566 8506 18
8626 8566 18
8686 8626 18
8746 8686 18
8806 8746 18
8866 8806 18
8926 8866 18
8986 8926 18
9046 8986 18
9106 9046 18
9166 9106 18
9226 9166 18
9286 9226 18
9346 9286 18
9406 9346 18
9466 9406 18
9467 9466 18
9527 9467 18
9587 9527 18
9647 9587 18
9707 9647 18
9767 9707 18
9827 9767 18
9887 9827 18
9947 9887 18
10007 9947 18
10067 10007 18
601 661 19
661 4261 19
4261 7861 19
7146 3546 19
7861 7921 19
7921 7981 19
7981 8041 19
8041 8101 19
8101 8161 19
8161 8221 19
8221 8281 19
8281 8341 19
8341 8401 19
8401 8461 19
8461 8521 19
8521 8581 19
8581 8641 19
8641 8701 19
8701 8761 19
8761 8821 19
8821 8881 19
8881 8941 19
8941 9001 19
9001 9061 19
9061 9121 19
9121 9181 19
9181 9241 19
9241 9301 19
9301 9361 19
9361 9421 19
9421 9481 19
9481 9541 19
9541 9601 19
9601 9661 19
9661 9721 19
9721 9781 19
9781 9841 19
9841 9901 19
9901 9961 19
9961 10021 19
10021 10081 19
10081 10141 19
10141 10201 19
10201 10261 19
10261 10321 19
10321 10381 19
10381 10382 19
10382 10383 19
10383 10443 19
10443 10503 19
10503 10504 19
10504 10505 19
10505 10565 19
10565 10625 19
10625 10685 19
10685 10745 19
10745 10746 19
10746 7146 19
3629  29 20
3689 3629 20
3749 3689 20
3809 3749 20
3869 3809 20
3929 3869 20
3989 3929 20
4049 3989 20
4109 4049 20
4169 4109 20
4229 4169 20
4289 4229 20
4349 4289 20
4409 4349 20
4469 4409 20
4529 4469 20
4589 4529 20
4649 4589 20
4709 4649 20
4769 4709 20
4829 4769 20
1861 1862 20
1862 1863 20
1863 1864 20
1864 5464 20
5464 9064 20
8428 8429 20
8429 4829 20
8488 8428 20
8548 8488 20
8608 8548 20
8668 8608 20
8728 8668 20
8788 8728 20
8848 8788 20
8908 8848 20
8968 8908 20
9028 8968 20
9064 9065 20
9065 9066 20
9066 9067 20
9067 9068 20
9068 9069 20
9069 9070 20
9070 9071 20
9071 9072 20
9072 9073 20
9073 9074 20
9074 9075 20
9075 9076 20
9076 9077 20
9077 9078 20
9078 9079 20
9079 9080 20
9080 9081 20
9081 9082 20
9082 9083 20
9083 9084 20
9084 9085 20
9085 9086 20
9086 9087 20
9087 9088 20
9088 9028 20
  4 3604 21
3604 7204 21
7078 7079 21
3539 3540 21
7079 7139 21
3540 3600 21
7139 3539 21
7204 7264 21
7264 7265 21
7265 7325 21
7325 7326 21
7326 7386 21
7386 7446 21
7446 7447 21
7447 7448 21
7448 7449 21
7449 7450 21
7450 7451 21
7451 7452 21
7452 7453 21
7453 7454 21
7454 7514 21
7514 7515 21
7515 7516 21
7516 7517 21
7517 7518 21
7518 7519 21
7519 7520 21
7520 7521 21
7521 7522 21
7522 7582 21
7582 7583 21
7583 7584 21
7584 7585 21
7585 7586 21
7586 7587 21
7587 7647 21
7647 7648 21
7648 7649 21
7649 7650 21
7650 7651 21
7651 7652 21
7652 7653 21
7653 7654 21
7654 7655 21
7655 7656 21
7656 7657 21
7657 7658 21
7658 7659 21
7659 7660 21
7660 7661 21
7661 7662 21
7662 7663 21
7663 7664 21
7664 7665 21
7665 7666 21
7666 7726 21
7726 7786 21
7786 7846 21
7846 7906 21
7906 7966 21
7966 8026 21
8026 8086 21
8086 8146 21
8146 8206 21
8206 8266 21
8266 8267 21
8267 8327 21
8327 8387 21
8387 8447 21
8447 8507 21
8507 8567 21
8567 8627 21
8627 8687 21
8687 8747 21
8747 8807 21
8807 8867 21
8867 8927 21
8927 8987 21
8987 9047 21
9047 9107 21
9107 9167 21
9167 9227 21
9227 9287 21
9287 9347 21
9347 9407 21
9407 9408 21
9408 9468 21
9468 9528 21
9528 9588 21
9588 9648 21
9648 9708 21
9708 9768 21
9768 9828 21
9828 9888 21
9888 9948 21
9948 10008 21
10008 10068 21
10068 10069 21
10069 10070 21
10070 10071 21
10071 10131 21
10131 10191 21
10191 10251 21
10251 10311 21
10311 10312 21
10312 10313 21
10313 10373 21
10373 10374 21
10374 10434 21
10434 10494 21
10494 10554 21
10554 10614 21
10614 10674 21
10674 10675 21
10675 10676 21
10676 10677 21
10677 10678 21
10678 7078 21
 12  11 22
 72  12 22
 73  72 22
133  73 22
193 133 22
253 193 22
313 253 22
373 313 22
374 373 22
434 374 22
494 434 22
554 494 22
614 554 22
4214 614 22
5240 8840 22
5300 5240 22
5360 5300 22
5420 5360 22
5480 5420 22
5540 5480 22
5600 5540 22
5660 5600 22
5720 5660 22
5780 5720 22
5840 5780 22
5900 5840 22
5960 5900 22
6020 5960 22
6080 6020 22
6140 6080 22
6200 6140 22
6260 6200 22
6320 6260 22
6380 6320 22
6440 6380 22
6500 6440 22
6560 6500 22
6620 6560 22
6680 6620 22
6740 6680 22
6800 6740 22
6860 6800 22
3380 6980 22
6920 6860 22
3440 3380 22
6980 6920 22
3500 3440 22
3560 3500 22
7814 4214 22
7815 7814 22
7816 7815 22
7817 7816 22
7818 7817 22
7819 7818 22
7820 7819 22
7880 7820 22
7940 7880 22
8000 7940 22
8060 8000 22
8120 8060 22
8180 8120 22
8240 8180 22
8300 8240 22
8360 8300 22
8420 8360 22
8480 8420 22
8540 8480 22
8600 8540 22
8660 8600 22
8720 8660 22
8780 8720 22
8840 8780 22
