# Cost: 1542

# Tail Head Net
 66  67 1
136  66 1
206 136 1
267 268 1
268 269 1
269 270 1
270 271 1
271 272 1
272 273 1
273 274 1
274 275 1
275 276 1
276 206 1
336 337 1
337 267 1
351 281 1
406 336 1
421 351 1
476 406 1
491 421 1
546 476 1
561 491 1
616 546 1
631 561 1
676 677 1
677 678 1
678 679 1
679 680 1
680 681 1
681 682 1
682 683 1
683 684 1
684 685 1
684 754 1
685 686 1
686 616 1
701 631 1
737 738 1
738 739 1
739 740 1
740 741 1
741 742 1
742 743 1
743 744 1
744 745 1
745 746 1
746 676 1
754 824 1
771 701 1
771 772 1
772 773 1
773 774 1
774 775 1
775 776 1
776 777 1
777 778 1
778 779 1
779 780 1
780 781 1
781 782 1
782 783 1
783 784 1
784 785 1
785 786 1
786 787 1
787 788 1
788 789 1
789 790 1
790 791 1
791 792 1
792 862 1
803 804 1
804 805 1
805 806 1
806 807 1
807 737 1
824 894 1
841 771 1
862 863 1
863 864 1
864 865 1
865 866 1
866 867 1
867 868 1
868 869 1
869 870 1
870 871 1
871 872 1
872 873 1
873 803 1
894 964 1
911 841 1
964 1034 1
981 911 1
1034 1104 1
1051 981 1
1104 1174 1
1121 1051 1
1174 1244 1
1191 1121 1
1244 1314 1
1261 1191 1
1314 1384 1
1331 1261 1
1384 1454 1
1401 1331 1
1454 1524 1
1471 1401 1
1524 1594 1
1541 1471 1
1594 1664 1
1611 1541 1
1664 1734 1
1681 1611 1
1734 1804 1
1751 1681 1
1804 1874 1
1821 1751 1
1874 1944 1
1891 1821 1
1944 2014 1
1961 1891 1
2014 2084 1
2031 1961 1
2084 2154 1
2101 2031 1
2154 2224 1
2171 2101 1
2224 2294 1
2241 2171 1
2294 2364 1
2311 2241 1
2364 2434 1
2381 2311 1
2434 2504 1
2504 2574 1
2574 2644 1
2644 2714 1
2714 2784 1
2784 2854 1
2854 2924 1
2924 2994 1
2994 3064 1
3064 3134 1
3134 3204 1
3204 3274 1
3274 3344 1
3344 3345 1
3345 3415 1
3415 3485 1
3485 3555 1
3555 3625 1
3625 3695 1
3695 3765 1
3765 3835 1
3835 3905 1
3905 3975 1
3975 4045 1
4045 4115 1
4115 4185 1
4185 4255 1
4255 4325 1
4325 4395 1
4395 4465 1
4465 4535 1
4535 4605 1
4605 4675 1
4675 4745 1
4745 4815 1
4815 4816 1
4816 4886 1
4886 4887 1
4887 4888 1
4888 4889 1
4889 4890 1
4890 4891 1
4946  46 2
7770 2870 2
8093 12993 2
8163 8093 2
8233 8163 2
8303 8233 2
8372 8373 2
8373 8303 2
8442 8372 2
8512 8442 2
8582 8512 2
8652 8582 2
8722 8652 2
8792 8722 2
8862 8792 2
8932 8862 2
9002 8932 2
9072 9002 2
9142 9072 2
4382 9282 2
9212 9142 2
4452 4382 2
9282 9212 2
4522 4452 2
4592 4522 2
4662 4592 2
4730 4731 2
4731 4732 2
4732 4662 2
4800 4730 2
4848 4849 2
4849 4850 2
4850 4851 2
4851 4852 2
4852 4853 2
4853 4854 2
4854 4855 2
4855 4856 2
4856 4857 2
4857 4858 2
4858 4859 2
4859 4860 2
4860 4861 2
4861 4862 2
4862 4863 2
4863 4864 2
4864 4865 2
4865 4866 2
4866 4867 2
4867 4868 2
4868 4869 2
4869 4870 2
4870 4800 2
9846 4946 2
9916 9846 2
9986 9916 2
10056 9986 2
10126 10056 2
10196 10126 2
10266 10196 2
10336 10266 2
10406 10336 2
10476 10406 2
10546 10476 2
10616 10546 2
10686 10616 2
10756 10686 2
10826 10756 2
10896 10826 2
10966 10896 2
11036 10966 2
11106 11036 2
11176 11106 2
11246 11176 2
11316 11246 2
11386 11316 2
11456 11386 2
11526 11456 2
11596 11526 2
11666 11596 2
11736 11666 2
11806 11736 2
11876 11806 2
11946 11876 2
12016 11946 2
12086 12016 2
12156 12086 2
12226 12156 2
12295 12296 2
12296 12226 2
12365 12295 2
12435 12365 2
12505 12435 2
12575 12505 2
12575 12576 2
12576 12577 2
12577 12578 2
12578 12579 2
12579 12580 2
12580 12581 2
12581 12582 2
12582 12583 2
12583 12584 2
12584 12585 2
12585 12586 2
12586 12587 2
12587 12588 2
12588 12589 2
12589 12590 2
12590 12591 2
12591 12592 2
12592 12593 2
12593 12594 2
12594 12595 2
12595 12596 2
12596 12597 2
12597 12598 2
12598 12599 2
12599 12600 2
12600 12670 2
12645 12575 2
12670 7770 2
12715 12645 2
12784 12785 2
12785 12715 2
12853 12854 2
12854 12784 2
12923 12853 2
12993 12923 2
1888 1889 3
1889 1890 3
1958 1888 3
2028 1958 3
2098 2028 3
2168 2098 3
2236 2237 3
2237 2238 3
2238 2168 3
2296 2297 3
2297 2298 3
2298 2299 3
2299 2300 3
2300 2301 3
2301 2302 3
2302 2303 3
2303 2304 3
2304 2305 3
2305 2306 3
2306 2236 3
7193 7194 3
7194 7195 3
7195 7196 3
7196 2296 3
7258 7259 3
7259 7260 3
7260 7261 3
7261 7262 3
7262 7263 3
7263 7193 3
7328 7258 3
7398 7328 3
7468 7398 3
7537 7538 3
7538 7468 3
2731 2732 3
2732 2733 3
2733 2734 3
2734 2735 3
2735 2736 3
2736 2737 3
2737 2738 3
2737 2807 3
2738 2739 3
2739 2740 3
2740 2741 3
2741 2742 3
2742 2743 3
2743 2744 3
2744 2745 3
2745 2746 3
2746 2747 3
2747 2748 3
2748 2749 3
2749 2750 3
2750 2751 3
2751 2752 3
2752 2753 3
2753 2754 3
2754 2755 3
2755 2756 3
2756 2757 3
2757 2758 3
2758 2759 3
2759 2760 3
2760 2761 3
2761 2762 3
2762 2763 3
2763 2764 3
2764 2765 3
2765 2766 3
2766 2767 3
2767 2768 3
2768 2769 3
2769 2770 3
2770 2771 3
2771 2772 3
2771 2841 3
2772 2773 3
2773 2774 3
2774 7674 3
7607 7537 3
2807 2877 3
2841 2911 3
7674 7675 3
7675 7676 3
7676 7677 3
7677 7607 3
2877 2947 3
2911 2981 3
2947 3017 3
2981 3051 3
3017 3087 3
3051 3121 3
3087 3157 3
3121 3191 3
3157 3227 3
3191 3261 3
3227 3297 3
3261 3331 3
3297 3367 3
3331 3401 3
3367 3437 3
3401 3402 3
3402 3472 3
3437 3507 3
3472 3542 3
3507 3577 3
3542 3612 3
3577 3647 3
3612 3613 3
3613 3614 3
3614 3615 3
3615 3616 3
3616 3617 3
3617 3687 3
3647 3717 3
3687 3757 3
3717 3787 3
3757 3827 3
3787 3857 3
3827 3897 3
3857 3927 3
3897 3967 3
3927 3997 3
3967 4037 3
3997 4067 3
4037 4107 3
4067 4137 3
4107 4177 3
4137 4207 3
4177 4247 3
4207 4277 3
4247 4317 3
4277 4347 3
4317 4387 3
4347 4417 3
4387 4457 3
4417 4487 3
4457 4527 3
4487 4557 3
4527 4597 3
4557 4627 3
4597 4667 3
4627 4697 3
4667 4737 3
4697 4767 3
4737 4738 3
4738 4808 3
4767 4837 3
4808 4809 3
4809 4879 3
110  40 4
4971  71 4
4972 4971 4
4973 4972 4
4974 4973 4
4975 4974 4
4976 4975 4
4977 4976 4
4978 4977 4
4979 4978 4
4980 4979 4
180 110 4
5050 4980 4
5051 5050 4
5052 5051 4
5053 5052 4
5054 5053 4
5055 5054 4
5056 5055 4
250 180 4
5126 5056 4
5127 5126 4
5128 5127 4
320 250 4
5198 5128 4
5199 5198 4
390 320 4
5269 5199 4
5270 5269 4
5271 5270 4
460 390 4
5341 5271 4
5342 5341 4
5343 5342 4
5344 5343 4
5345 5344 4
530 460 4
5415 5345 4
5416 5415 4
5417 5416 4
5418 5417 4
5419 5418 4
5420 5419 4
5421 5420 4
5422 5421 4
5423 5422 4
5424 5423 4
5425 5424 4
5426 5425 4
5427 5426 4
5428 5427 4
5429 5428 4
5430 530 4
5430 5429 4
5431 5430 4
5432 5431 4
5433 5432 4
5434 5433 4
5435 5434 4
5436 5435 4
5506 5436 4
5507 5506 4
5508 5507 4
5509 5508 4
5510 5509 4
5580 5510 4
5581 5580 4
5582 5581 4
5583 5582 4
5584 5583 4
5654 5584 4
5655 5654 4
5656 5655 4
839 5739 4
840 839 4
5726 5656 4
5727 5726 4
5727 5797 4
5728 5727 4
5729 5728 4
5730 5729 4
5731 5730 4
5732 5731 4
5733 5732 4
5734 5733 4
5735 5734 4
5736 5735 4
5737 5736 4
5738 5737 4
5739 5738 4
5797 5867 4
5867 5937 4
5937 6007 4
6007 6077 4
6077 6147 4
6147 6217 4
6217 6287 4
6287 6357 4
6357 6427 4
6427 6497 4
6497 6567 4
6567 6637 4
6637 6707 4
6707 6777 4
6777 6847 4
6847 6917 4
6917 6987 4
6987 7057 4
7057 7127 4
7127 7197 4
7197 7267 4
7267 7337 4
7335 7405 4
7336 7335 4
7337 7336 4
7405 7475 4
7474 7544 4
7475 7474 4
7543 7613 4
7544 7543 4
7613 7683 4
7683 7753 4
7753 7823 4
7822 7892 4
7823 7822 4
7892 7962 4
7962 8032 4
8032 8102 4
8100 8170 4
8101 8100 4
8102 8101 4
8170 8240 4
8240 8310 4
8310 8380 4
8380 8450 4
8450 8520 4
8520 8590 4
8590 8660 4
8660 8730 4
8730 8800 4
8800 8870 4
8870 8940 4
8940 9010 4
9010 9080 4
9080 9150 4
9150 9220 4
9220 9290 4
9290 9360 4
9360 9430 4
9430 9500 4
9500 9570 4
9570 9640 4
9640 9710 4
9710 9780 4
9778 4878 4
9779 9778 4
9780 9779 4
142 141 5
143 142 5
213 143 5
283 213 5
5183 283 5
5253 5183 5
3276 8176 5
3277 3276 5
3278 3277 5
3279 3278 5
3280 3279 5
3281 3280 5
3282 3281 5
3283 3282 5
3284 3283 5
3285 3284 5
3286 3285 5
3287 3286 5
3288 3287 5
3289 3288 5
3290 3289 5
8171 13071 5
8172 8171 5
8173 8172 5
8174 8173 5
8175 8174 5
8176 8175 5
8471 8541 5
8541 3641 5
8541 8611 5
8611 13511 5
9661 4761 5
10153 5253 5
10223 10153 5
10293 10223 5
10363 10293 5
10433 10363 5
10503 10433 5
10573 10503 5
10643 10573 5
10644 10643 5
10714 10644 5
10784 10714 5
10854 10784 5
10924 10854 5
10994 10924 5
11064 10994 5
11134 11064 5
11204 11134 5
11274 11204 5
11344 11274 5
11414 11344 5
11484 11414 5
11554 11484 5
11555 11554 5
11625 11555 5
11695 11625 5
11696 11695 5
11766 11696 5
11836 11766 5
11906 11836 5
11976 11906 5
12046 11976 5
12116 12046 5
12186 12116 5
12256 12186 5
12326 12256 5
12396 12326 5
12466 12396 5
12536 12466 5
12606 12536 5
12676 12606 5
12746 12676 5
12816 12746 5
12886 12816 5
12956 12886 5
13024 13094 5
13025 13024 5
13026 12956 5
13026 13025 5
13027 13026 5
13028 13027 5
13029 13028 5
13030 13029 5
13031 13030 5
13032 13031 5
13033 13032 5
13034 13033 5
13035 13034 5
13036 13035 5
13037 13036 5
13038 13037 5
13039 13038 5
13040 13039 5
13041 13040 5
13042 13041 5
13043 13042 5
13044 13043 5
13045 13044 5
13046 13045 5
13047 13046 5
13048 13047 5
13049 13048 5
13050 13049 5
13051 13050 5
13052 13051 5
13053 13052 5
13054 13053 5
13055 13054 5
13056 13055 5
13057 13056 5
13058 13057 5
13059 13058 5
13060 13059 5
13061 13060 5
13062 13061 5
13063 13062 5
13064 13063 5
13065 13064 5
13066 13065 5
13067 13066 5
13068 13067 5
13069 13068 5
13070 13069 5
13071 13070 5
13094 13164 5
13164 13234 5
13234 13304 5
13304 13374 5
13371 8471 5
13372 13371 5
13373 13372 5
13374 13373 5
13511 13581 5
13581 13651 5
13651 13721 5
13721 13791 5
13791 13861 5
13861 13931 5
13931 14001 5
14001 14071 5
14071 14141 5
14141 14211 5
14211 14281 5
14281 14351 5
14351 14421 5
14421 14491 5
14491 14561 5
14561 9661 5
  7  77 6
 77 147 6
147 217 6
217 287 6
287 357 6
357 358 6
357 427 6
358 359 6
359 360 6
360 361 6
361 362 6
362 363 6
363 364 6
364 365 6
365 366 6
366 367 6
367 368 6
368 369 6
369 370 6
370 371 6
371 372 6
372 373 6
373 374 6
374 375 6
375 376 6
376 377 6
377 378 6
378 379 6
379 380 6
380 381 6
381 382 6
382 383 6
383 384 6
384 385 6
385 386 6
386 387 6
387 388 6
388 389 6
389 5289 6
427 5327 6
5289 5290 6
5290 5291 6
5291 5292 6
5292 5293 6
5293 5294 6
5294 5295 6
5295 5296 6
5296 5297 6
5297 5298 6
5298 5299 6
5299 5300 6
5300 5301 6
5301 5371 6
5327 5397 6
5371 5372 6
5372 5373 6
5373 5374 6
5374 5375 6
5375 5376 6
5376 5377 6
5377 5447 6
5397 5467 6
5447 5448 6
5448 5518 6
5467 5537 6
5518 5588 6
5537 5607 6
5588 5589 6
5589 5590 6
5590 5591 6
5591 5592 6
5592 5593 6
5593 5594 6
5594 5664 6
5607 5677 6
5664 5665 6
5665 5666 6
5666 5667 6
5667 5668 6
5668 5669 6
5669 5670 6
5670 5740 6
5677 5747 6
5740 5810 6
5747 5817 6
5810 5880 6
5817 5887 6
5880 5950 6
5887 5957 6
5950 6020 6
5957 6027 6
6020 6090 6
6027 6097 6
6090 6160 6
6097 6167 6
6160 6230 6
6167 6237 6
6230 6300 6
6237 6307 6
6300 6370 6
6307 6377 6
6370 6440 6
6377 6447 6
6440 6510 6
6447 6517 6
6510 6580 6
6517 6587 6
6580 6650 6
6587 6657 6
6650 6720 6
6657 6727 6
6720 6790 6
6727 6728 6
6728 6798 6
6790 6860 6
6798 6868 6
6860 1960 6
6860 6930 6
6868 6938 6
6930 7000 6
6938 7008 6
7000 7070 6
7008 7078 6
7070 7140 6
7078 7148 6
7140 7210 6
7148 7218 6
7210 7280 6
7218 7288 6
7280 7350 6
7288 7358 6
7350 7420 6
7358 7428 6
7420 7490 6
7428 7498 6
7490 7560 6
7498 7568 6
7560 7630 6
7568 7638 6
7630 7700 6
7638 7639 6
7639 7640 6
7640 7710 6
7699 7769 6
7700 7699 6
7710 7780 6
7769 7839 6
7780 7850 6
7839 7909 6
7850 7920 6
7909 7979 6
7920 7990 6
7979 8049 6
7990 8060 6
8049 8119 6
8060 8130 6
8119 8189 6
3300 3370 6
8130 8200 6
8189 8259 6
3370 3440 6
8200 3300 6
8259 8329 6
3440 3510 6
8329 8399 6
3510 3580 6
8399 8469 6
3580 3581 6
3581 3651 6
8469 8539 6
3651 3652 6
3652 3722 6
8539 8609 6
3722 3792 6
8609 8679 6
3792 3862 6
8679 8749 6
3862 3932 6
8749 8819 6
3932 4002 6
8819 8889 6
4002 4072 6
8889 8959 6
4072 4142 6
8959 9029 6
4142 4212 6
9029 9099 6
4212 4282 6
9099 9169 6
4282 4352 6
9169 9239 6
4352 4422 6
9239 9309 6
4422 4492 6
9309 9379 6
4492 4562 6
4549 4619 6
9379 9449 6
4562 4563 6
4563 4633 6
4619 4689 6
9449 4549 6
4633 4703 6
4689 4690 6
4703 4773 6
4773 4843 6
1386 1387 7
1387 1388 7
1388 1389 7
1389 1390 7
1390 1391 7
1391 1392 7
1392 1393 7
1393 1394 7
1394 1395 7
1395 1396 7
1396 1397 7
1397 1398 7
1398 1399 7
1399 1400 7
6277 6278 7
6278 6279 7
6279 6280 7
6280 6281 7
6281 6282 7
6282 6283 7
6283 6284 7
6284 6285 7
6285 6286 7
6286 1386 7
6345 6346 7
6346 6347 7
6347 6277 7
6412 6413 7
6413 6414 7
6414 6415 7
6415 6345 7
6481 6482 7
6482 6412 7
6551 6481 7
6621 6551 7
6690 6691 7
6691 6621 7
6760 6690 7
6829 6830 7
6830 6760 7
6899 6829 7
6968 6969 7
6969 6899 7
7038 6968 7
7107 7108 7
7108 7038 7
7177 7107 7
7247 7177 7
7317 7247 7
7387 7317 7
7457 7387 7
7507 7508 7
7508 7509 7
7509 7510 7
7510 7511 7
7511 7512 7
7512 7513 7
7513 7514 7
7514 7515 7
7515 7516 7
7516 7517 7
7517 7518 7
7518 7519 7
7519 7520 7
7520 7521 7
7521 7522 7
7522 7523 7
7523 7524 7
7524 7525 7
7525 7526 7
7526 7527 7
7527 7457 7
7577 7507 7
7645 7646 7
7646 7647 7
7647 7577 7
7715 7645 7
7785 7715 7
7854 7855 7
7855 7785 7
7924 7854 7
7994 7924 7
8064 7994 7
8132 8133 7
8133 8134 7
8134 8064 7
8202 8132 7
8269 8270 7
8270 8271 7
8271 8272 7
8272 8202 7
3501 3571 7
3501 8401 7
8338 8339 7
8339 8269 7
8401 8402 7
8402 8403 7
8403 8404 7
8404 8405 7
8405 8406 7
8406 8407 7
8407 8408 7
8408 8338 7
9311 4411 8
9381 9311 8
9451 9381 8
9521 9451 8
9522 9521 8
9523 9522 8
9524 9523 8
9525 9524 8
9526 9525 8
9527 9526 8
9528 9527 8
9529 9528 8
9530 9529 8
9531 9530 8
9532 9531 8
9533 9532 8
9534 9533 8
9535 9534 8
9536 9535 8
9537 9536 8
9538 9537 8
9539 9538 8
9540 9539 8
9541 9540 8
9542 9541 8
9543 9542 8
9544 9543 8
9545 9544 8
9546 9545 8
9547 9546 8
9548 9547 8
9549 9548 8
9550 9549 8
9551 9550 8
9552 9551 8
9553 9552 8
9554 9553 8
9555 9554 8
9556 9555 8
9557 9556 8
9558 9557 8
9559 9558 8
9560 9559 8
9561 9560 8
9562 9561 8
9563 9562 8
9564 9563 8
9565 9564 8
9566 9565 8
9567 9566 8
9568 9567 8
4739 9639 8
9569 9568 8
4740 4739 8
9639 9569 8
4810 4740 8
4880 4810 8
4881 4880 8
4882 4881 8
4883 4882 8
4884 4883 8
4885 4884 8
4893 9793 8
4894 4893 8
4895 4894 8
4896 4895 8
4897 4896 8
4898 4897 8
9785 4885 8
9786 9785 8
9787 9786 8
9788 9787 8
9789 9788 8
9790 9789 8
9791 9790 8
9792 9791 8
9793 9792 8
 19  18 9
 20  19 9
 21  20 9
 91  21 9
4991  91 9
4992 4991 9
4993 4992 9
4994 4993 9
5064 4994 9
5065 5064 9
5135 5065 9
5205 5135 9
5206 5205 9
5276 5206 9
5277 5276 9
5278 5277 9
5279 5278 9
5280 5279 9
5281 5280 9
5282 5281 9
5283 5282 9
5284 5283 9
5285 5284 9
5355 5285 9
7952 12852 9
8022 7952 9
8092 8022 9
8162 8092 9
8232 8162 9
4117 9017 9
4118 4117 9
4119 4118 9
4120 4119 9
4121 4120 9
4122 4121 9
4123 4122 9
4124 4123 9
4125 4124 9
4126 4125 9
4127 4126 9
4128 4127 9
4129 4128 9
4130 4129 9
9011 13911 9
9012 9011 9
9013 9012 9
9014 9013 9
9015 9014 9
9016 9015 9
9017 9016 9
9772 4872 9
10255 5355 9
10256 10255 9
10326 10256 9
10327 10326 9
10397 10327 9
10467 10397 9
10537 10467 9
10607 10537 9
10677 10607 9
10747 10677 9
10817 10747 9
10887 10817 9
10957 10887 9
11027 10957 9
11097 11027 9
11167 11097 9
11237 11167 9
11307 11237 9
11377 11307 9
11447 11377 9
11517 11447 9
11587 11517 9
11657 11587 9
11727 11657 9
11728 11727 9
11798 11728 9
11868 11798 9
11938 11868 9
12008 11938 9
12078 12008 9
12148 12078 9
12218 12148 9
12288 12218 9
12289 12288 9
12290 12289 9
12291 12290 9
12361 12291 9
12431 12361 9
12501 12431 9
12502 12501 9
12572 12502 9
12642 12572 9
12712 12642 9
12782 12712 9
12852 12782 9
13132 8232 9
13202 13132 9
13272 13202 9
13342 13272 9
13412 13342 9
13482 13412 9
13552 13482 9
13622 13552 9
13692 13622 9
13762 13692 9
13832 13762 9
13902 13832 9
13902 13972 9
13903 13902 9
13904 13903 9
13905 13904 9
13906 13905 9
13907 13906 9
13908 13907 9
13909 13908 9
13910 13909 9
13911 13910 9
13972 14042 9
14042 14112 9
14112 14182 9
14182 14252 9
14252 14322 9
14322 14392 9
14392 14462 9
14462 14532 9
14532 14602 9
14602 14672 9
14672 9772 9
 65 135 10
135 205 10
196 266 10
197 196 10
198 197 10
199 198 10
200 199 10
201 200 10
202 201 10
203 202 10
204 203 10
205 204 10
265 335 10
266 265 10
335 405 10
405 475 10
475 545 10
545 615 10
605 675 10
606 605 10
607 606 10
608 607 10
609 608 10
610 609 10
611 610 10
612 611 10
613 612 10
614 613 10
615 614 10
666 736 10
667 666 10
668 667 10
669 668 10
670 669 10
671 670 10
672 671 10
673 672 10
674 673 10
675 674 10
706 5606 10
707 706 10
708 707 10
709 708 10
710 709 10
711 710 10
712 711 10
713 712 10
714 713 10
715 714 10
716 715 10
717 716 10
718 717 10
719 718 10
720 719 10
721 720 10
722 721 10
723 722 10
724 723 10
725 724 10
726 725 10
727 726 10
728 727 10
729 728 10
730 729 10
731 730 10
732 731 10
733 732 10
734 733 10
735 734 10
736 735 10
5606 5676 10
5676 5746 10
5746 5816 10
5816 5886 10
5886 5956 10
5956 6026 10
6026 6096 10
6096 6166 10
6166 6236 10
6236 6306 10
6306 6376 10
6376 6446 10
6446 6516 10
6516 6586 10
6586 6656 10
6656 6726 10
6726 6796 10
6796 6866 10
6866 6936 10
6936 7006 10
7006 7076 10
7076 7146 10
7146 7216 10
7216 7286 10
7286 7356 10
7356 7426 10
7426 7496 10
7496 7566 10
7566 7636 10
7636 7706 10
7706 7776 10
7776 7846 10
7846 7916 10
7916 7986 10
7986 8056 10
8056 8126 10
8126 8196 10
8196 8266 10
3436 3506 10
8266 8336 10
3506 3576 10
8336 3436 10
3576 3646 10
3646 3716 10
3716 3786 10
3782 3781 10
3783 3782 10
3784 3783 10
3785 3784 10
3786 3785 10
4906   6 11
4907 4906 11
4908 4907 11
4909 4908 11
4910 4909 11
4911 4910 11
4912 4911 11
4913 4912 11
4914 4913 11
4915 4914 11
4916 4915 11
4917 4916 11
4918 4917 11
4919 4918 11
4920 4919 11
4921 4920 11
4922 4921 11
 24 4924 11
4923 4922 11
 25  24 11
4924 4923 11
 26  25 11
 27  26 11
 28  27 11
 29  28 11
 30  29 11
 31  30 11
 32  31 11
 33  32 11
 34  33 11
 35  34 11
 36  35 11
 37  36 11
 50  51 12
 51  52 12
 52  53 12
 53  54 12
 54  55 12
 55  56 12
 56  57 12
 57  58 12
 58 128 12
128 5028 12
5028 5029 12
5029 5099 12
5099 5100 12
5100 5101 12
5101 5102 12
5102 5172 12
5172 5173 12
5173 5174 12
5174 5244 12
5244 5314 12
5314 5315 12
5315 5316 12
5316 5386 12
5386 5456 12
5456 5457 12
5457 5527 12
5527 10427 12
1749 1750 12
6649 1749 12
10427 10497 12
10497 10498 12
10498 10568 12
10568 10638 12
10638 10639 12
10639 10709 12
10709 10779 12
10779 10849 12
10849 10919 12
10919 10989 12
10989 11059 12
11059 11129 12
11129 11199 12
11199 11269 12
11269 11339 12
11339 11409 12
11409 11479 12
11479 11549 12
11549 6649 12
560 630 13
630 700 13
698 768 13
699 698 13
700 699 13
768 838 13
838 908 13
908 978 13
978 1048 13
1048 1118 13
1118 1188 13
1188 1258 13
1258 1328 13
1328 6228 13
6228 6298 13
6298 6368 13
6368 6438 13
6438 6508 13
6508 6578 13
6578 6648 13
6648 6718 13
6718 6788 13
6788 6858 13
6858 6928 13
6928 6998 13
6998 7068 13
7068 7138 13
7138 7208 13
7208 7278 13
7278 7348 13
7348 7418 13
7418 7488 13
7488 7558 13
7558 7628 13
7628 7698 13
7698 7768 13
7768 7838 13
7838 7908 13
7908 7978 13
7978 8048 13
8048 8118 13
8118 8188 13
8188 8258 13
8258 8328 13
8328 8398 13
8398 8468 13
8468 8538 13
8538 8608 13
8608 8678 13
8678 8748 13
8748 8818 13
8818 8888 13
8888 8958 13
8958 9028 13
9028 9098 13
4268 4269 13
9098 9168 13
4269 4339 13
9168 4268 13
4339 4340 13
4340 4410 13
4410 4480 13
4480 4550 13
