8	70
   44   172   140    27   136    89   142   142    53    51    97   195   167   123   178    68    82   165    96    86   155    37   143   183   156    80    48   152   187   139   149    71   148    24    41   115    81   164   174   184    34   140    98   113   103   167    64     3   128   127   181     8   126   131   180   107   115   197   122   147     1   163    25    56   148    81   151   117   118    82  3958
  187    16   133   117    92    34   195   189   140    67   105   165   106   173   132   141    78   188   158    69    10    27   158    85    55    30    11   130   141   169   167   159    30    38   164   187    87    97    39    68   149   181   130   184    85   177     5   128    52   187    94   120   118    81   179    38    82   198    37    59   126    97   131    32    34   149   105   175   162   191  3911
   94    76    62    34    62   173   181   179   195    32    89   164   179   103    34   133    74     0   139   152   136   135   133   156    93     5   171    17    12    32    49   172   186   125    11   186    10   141   145    40   169   195    66    39   182    53    92   148   180    78    82   115   181   118   113   175     7   125   137    23   150    21    30   105    17    81   148   178    94    53  3632
   52   160   112   191   129    44    91    14    49   112    16    20   109   140   127    68   102   135   196   149    89   197   106   153   190   104    20    72    75     0   131    25    69   189    99    29   178   148   104    85    56    55    29    41    86    31    71    27    75   177   194     9   164    19   128   145   149    53    79     3     4   117    76    37    55   148   142    34   120    53  3228
    5    86   115   171    36     3     8    74   116    20   123   150    13   186   152    77   110    42    34    56    43    37   169   119    63    58   125     3    38     3    98    19   167    70    67    43   188   141   102   179    63    26   161   118   137    15   175    24   189    21   139   174   120    20    99   107   103   110    11    13    40   146    90    31   166   139    80    30    65   107  3014
  111   100   124   145   164   179   195   190   146   169   144    67     7   163   145    54   175   121   190    47   191   131    30    34    21   166    40   103    29   107    68   175   137   167   177    29    64    34   175    54    22    29   120     8   184   185    16    16   107   136   160    60   114    45   182   123    39   195   131    22    98   155    65   176    16   194    56     7   103     9  3670
  184    61   143    11   113   130   170   182   108   169   179   152    92     3    31    39   184   170    23    31    17   106   150   120    41   181   176   126    93    24   182     3   140   178   137   104   134   134    88    49   152   161   175   189     9    99   174   164    81    90   151   143   124    68   127   135   132   153   176    85   148     4   143   196   122    76    24   112     1   160  3966
   83   106    31    21   140    55    27   148    27     6   157    40    21     5    60   175     8   155    91    56    44   150     8    67   193    84    49   100   184    89   103   108   149   155    48     6    79    52    96     4   163   118   168    12   167    35    78    27   141   144    45   127   134   155   185     6    37   164    12    97    33   157    29    12     5    14   122    71    61   102  2900
# Solution: 1 1 0 1 1 0 1 0 1 0 0 1 0 0 1 1 1 0 1 0 0 1 1 0 0 0 0 0 1 0 0 0 0 1 0 0 0 0 1 0 0 1 1 1 1 1 0 0 1 0 1 0 1 1 0 0 1 1 1 0 0 0 1 1 1 0 1 1 0 1
