8	70
   13    63    79    32    52    65    16     5    91    16    22    52    81    77    32    33    63     4    78    31     7    44    45    31    12    62    13    17    98    79    82    75    62    94    82    29    95    25    28    42    53     7    69    21    25    67    52    59    29    80    97    25    74    49    95    72    48    65    43    57    77    80    91    97    17    11    58    49    93    82  1834
   80    70    66    11    78     4    14    44    89    77    15    13    59    23    73    86    74    92    60    98    31    66    68    38    37    16    38    68    61    17    83    80    57    84    18    90    45    42     5    20    14    20     3     0    22    43     5    55    63    98    94    80    96    29    76     2    56    25    65    96    87    27     1    15    19    26    50    31    42    74  1702
   12    19    77    69    95    79    87    33    36    21     9    69    74    57    73    19    38    61    68    23    43    86    12    60    11    40    92    86    24    74    95    20    92    14    86    83     2    51    65    19    23    89    67    52    56    65    59    64     6    97    70    65    57    70     6    48    37    42    52     8     0    17    21    97    63    82    66    40    51     6  1775
   39    61    27    64     7    81     0    21    58    72    57    41    41    43    36    12    79    69    18    40    76     1    98    79    17    83    76    11    89    38    16    25    23     7    36    88    26    16    51    25     1     9    48    90    19    74    50    11    40    36    91    82    85    69    53    53    29    33    46    33    85     7    84    93    56    15    11    37    71    27  1592
    4    47    49     4     8     9    78    20     5    54    73    36    91    66    49    14     8    98    33    91     7    20    40    50    73    76    65    30    95    12    51    10     9    87    71    15    70    52    53    71    82    22    43    55    30    24    13    93    56    22    96     7    27    15    64    33    96    91    72    52    82    57    62    65    83    33     4    36    23     6  1619
    0     2     6    82    86     9    51    53    45    17    92    12    26    36    33    13    22    32    40    64    71    76    38     7     7    63    28    94    23     6    81    18    82    41    37    78    18    15    23    55     0    78    49    47    86    40    20    12    40    55    17    82    71    58    47    29    47    82     4    16    49    90    12    63    20    50    83    14    72    54  1484
   34    84    42    29    27    88    50     4    64    22    67    31    37    31    47    15    51     9    77    10    39    41    89    78    77    35    70    12    41    53    31    36    43    69    68    80     5    10    34    91    36     4    65    36     8    43    60    65     7    89    71    16    90    27    91    63    22    81    65     2    34    27    31    88    47     0     4    61    25    15  1547
   24    69     3     1    66    31    91     2    10    63     4    51    85    27    25    42    77    33    57    78     4    66    44     6    25    46    35    86    42     6    36    12    55    41    39    56    64    96     5    78    58    20    20    48    79    19    60     1    45    15    35    56     7    29    10     0    45    96    76    61     9    93     5    77     6    75     0    59    15    72  1436
# Solution: 1 1 1 1 0 1 1 1 1 1 0 0 0 0 1 0 0 0 1 1 1 1 0 1 1 1 0 0 0 1 0 0 0 0 1 1 1 0 0 0 1 1 0 0 0 0 1 1 1 0 0 1 0 0 0 1 0 1 1 1 1 1 1 0 0 1 1 0 1 0
