8	70
    6    31    39    16    25    32     8     2    45     8    10    26    40    38    16    48    31     2    38    15     3    21    22    15     6    30     6     8    48    39    40    37    30    46    40    14    47    12    14    20    26     3    34    10    12    33    26    29    14    39    16    12    36    24    47    35    24    32    21    28    38    39    45    48     8     5    28    24    46    40   898
   39    34    10     5    38     2    28    22    44    38     7     6    29    11    36    42    37    45    30    48    15    32    33    19    18     7    19    33    30     8    41    39     7    41     8    44    22    21     2    32     7    10     1     0    11    21     2    27    31    48    46    40    47    14    37     1    28    12    32    47    43    13     0     7     9    13    24    15    21    36   832
    6     9    38    34    47    39    43    16    18    10     4    34    11    28    10     9    19    30    34    36    21    42     5    29     5    19    45    42    11    36    47    36    45     7    42    41     1    25    32     9    11    44    33    26    27    32    29    32     3    48    34    32    28    34     3    24    18    21    26     4     0     8    10    48    31    40    32    20    25     3   870
   19    18    13    44     3    40     0    10    28    36    28    20    20    21    18     6    39    34     8    20    37     0    48    39     8    41    37     5    44    19     8    12    11     3    17    43    13     8    25    12     0     4    23    31     9    36    24     5    20    17    45    40    42    34    26    26    14    16    22    16    42     3    41    46    27     7     5    30    35    13   777
    2    23    24     2     4     4    41     9     2    26    36    18    45    32    24     7     4    48    16    45     3     9    19    25    36    37    32    14    47     6    25     4     4    43    35     7    34    25    26    35    40    10    21    27    14    12     6    46    27    11    47     3    13     7    32    16    47    45    35    25    40    28    30    32    39    16     2    17    11     3   790
    0     1     3    41    42     5    25    26    22     8    45    29    13    18    16     6    11    16    19    31    35    37    18     3     3    31    14    46    11     3    40     8    40    20    18    38     9     7    11    27     0    38    24    23    43    20    10     6    20    27     8    40    35     4    23    14    23    40     2     7    24    44     5    31     9    24    41     7    36    26   725
   15    41    23    14    13    43    24     2    31    11    33    17    18    15    23     7    25     4    38     5    19    20    44    39    38    17    34     6    20    26    15    18    21    34    33    39     1     5    17    45    18     2    32    18     4    21    29    32     3    44    35     8    44    13    45    31    11    40    32     2    16    13    15    43    20     0     2    30    12     7   757
   12    34     1     0    32    15    23     1    27    31     2    25    42    13    12    21    38    16    28    38     2    32    22     3    12    22    17    42    20     3    17     6     5    20    19    27    32    47     2    38    28    10     9    45    39     9    29     0    22     7    17    27     3    14     5     0    22    47    37    30     4    46     2    38     3    37     0    29     7    35   700
# Solution: 1 1 1 1 0 1 1 1 1 1 0 0 0 0 1 0 0 0 1 1 1 1 0 1 1 1 0 0 0 1 0 0 0 0 1 1 1 0 0 0 1 1 0 0 0 0 1 1 1 0 0 1 0 0 0 1 0 1 1 1 1 1 1 0 0 1 1 0 1 0
