8	70
   10    42    34     6    33    22     9    35    13    12    23    48    41    30    44    16    20    40    23    21    38    36    35    45    38    19    12    37    46    34    35    17    36     5    10    28    20    40    42    45     8    34    24    27    25    41    15     0    31    31    44     2    31    32    44    26    28    48    30    36     0    40     6    13    36    20    37    28    29    20   963
   46    16    32    28    22     8    48    46    34     4    25    40    26    42    32    34    19    46    39    17     2     6    39    20    13     7     1    32    21    41    41    39     7     9    40    46    34    24     9    16    36    44    32    45    21    43     2    31    13    46    23    29    29    19    44     9    20    48     9    14    31    24    32     8     8    36    25    43    40    47   951
   23    18    15     8    15    42    44    44    48     7    21    40    44    25     8    32    18     0    34    37    33    33    32    38    23    44    42     4    46     7    12    42     2    30     2    46     2    34    35    10    41    48    16     9     1    13    22    36    44    19    20    28    44    29    27    43     1    30    33     5    37     5     7    26     4    20    36    43    23    13   881
   24    39    27    47    31    10    22     3    12    27     4     5    26     0    31    16    25    33    34    36    22    48    26    37    46    25     5    17    18     0    32     6    17    46    12     7    43    36    25    21    13    13     7    10    21     7    17     6    18    43    47     2    40     4    31    35    36    13    19     0    48    29    18     9    13    36    35     8    29    13   780
   10    21    28    42     8     0     2    18    28     4    30    37     3    45    26    19    27     1     8    13    10     9    41    29    15    14    30     0     9     0    24     4    41    17    16    10    46    34    25    44    15     6    39    29    33     3    43     6    46     5    34    42    29     5    24    37    25    27     2     3    10    36    22     7    41    34    19     7    16    26   729
   27    24    30    35    40    44    48    47    36    41    35    16     1     7    35    13    43    29    46    11    47    32    40    43     5    40    10    25     7    26    16    43    33    41    43     7    15     8     8    13     5     7    29     2    45    45     3     4    26    33    39    14    28    11    44    30     9    48    32     5    24    38    16    43     3    47    13     1    25     2   890
   45    15    35    44    27    32     0     2    26    41    44    37    22    41     7     9    45    41     5     7     4    26    37    29    10    44    43    31    22     6    44     0    34    44    33    25    33    33    21    12    37    39    43    46     2    24    43    40    20    22    37    35    30    16    31    33    32    37    43    21    36     1    35    48    30    18     5    27     0    39   963
   20    47     7     5    10    13     6    36     6     1    38    10     5     1    14    43     2    38    22    13    34    36     2    16    26    20    12    24    45    21    25    26    36    38    11     1    19    12    23     1    40    29    41     3    41     8    19     6    34    35    11    31    33    38    45     1     9    40     3    24     8    38     7     2     1     3    30    17    15    25   701
# Solution: 1 1 0 1 1 0 1 0 1 0 0 1 0 0 1 1 1 0 1 0 0 1 1 0 0 0 0 0 1 0 0 0 0 1 0 0 0 0 1 0 0 1 1 1 1 1 0 0 1 0 1 0 1 1 0 0 1 1 1 0 0 0 1 1 1 0 1 1 0 1
