8	70
   22    85    69    13    68    44    70    70    26    25    48    97    83    61    88    33    40    82    48    43    77    74    71    91    77    39    24    75    93    69    18    35    73    12    20    57    40    82    86    91    17    69    49     1    51    83    32    56    64    63    90     4    62    65    89    53    57    98    60    73     0    81    12    27    73    40    75    58    59    40  1960
   93     8    39    58    45    17    97    94    69    33    52    82    53    86    65    70    66    93    79    34     5    13    78    42    27    15     5    64    43    84    83    79    15    19    81    93    70    48    19    33    74    90    64    91    42    88     2    64    26    93    47    60    58    40    89    19    41    98    18    29    63    48    65    16    17    74    52    87    80    95  1939
   46    38    31    17    30    86    90    89    97    16    44    81    89    51    17    66    36     0    69    75    68    67    66    77    47    90    85     8     5    16    24    85    93    62     5     2     5    70    72    20    84    97    33    19    92    26    46    73    89    38    40    57    90    59    56    87     3    62    68    11    74    10    15    52     8    40    73    88    47    26  1799
   26    79    55    95    64    21    72     7    24    56     8    10    54    97    63    34    50    67    69    74    44    98    52    76    94    51    10    36    37     0    65    12    34    94    49    14    88    73    51    42    28    27    14    20    43    15    35    13    37    88    96     4    81     9    63    45    74    26    39     1     1    58    38    18    27    74    71    17    59    26  1596
    2    42    57    85    18     1     4    37    57     9    61    74     6    92    53    59    55    21    17    28    21    18    84    38    31    28    62     1    19     1    49     9    83    35    33    21    93    70    50    89    31    12    80    58    68     7    87    12    94    10    69    86    59    10    49    75    51    55     5     6    20    72    45    15    83    69    39    15    32    53  1490
   55    49    61    72    81    89    97    94    72    84    71    33     3    81    72    96    87    60    94    23    95    65    15    87    10    82    20    51    14    53    33    87    68    83    88    14    32    16    17    27    11    14    59     4    91    92     7     8    53    67    80    30    56    22    90    61    19    97    65    11    48    77    32    87     8    26    27     3    51     4  1815
   92    30    71    88    56    64     1    90    53    84    89    76    46    84    15    19    91    84    11    15     8    53    74    60    20    90     5    62    46    12    90     1    70    89    68    51    66    66    44    24    75    80    87    94     4    49    87    81    40    45    75    71    62    33    63    67    65    76    87    42    73     2    71    97    60    38    12    55     0    79  1964
   41    52    15    10    69    27    13    74    13     3    78    20    10     2    30    87     4    77    45    28    22    74     4    33    96    41    24    50    91    44    51    54    74    77    23     2    39    25    47     2    81    58    83     6    83    17    38    13    70    71    22    63    66    77    92     3    18    81     6    48    16    78    14     6     2     6    60    35    30    51  1432
# Solution: 1 1 0 1 1 0 1 0 1 0 0 1 0 0 1 1 1 0 1 0 0 1 1 0 0 0 0 0 1 0 0 0 0 1 0 0 0 0 1 0 0 1 1 1 1 1 0 0 1 0 1 0 1 1 0 0 1 1 1 0 0 0 1 1 1 0 1 1 0 1
