8	70
   27   127   159   195   104   132    32    11    50    32    44   106   164   155    65    66   128     8   158    63    14    89    90    63    25   125    27    34   198   160   165   151   125   190   165    59   192   183    57    85   107    15   140    43    51   134   106   119    58   162    65    52   149    99   192   145    97   132    88   114   156   161   183   195    35    22   117    99   187   165  3705
  162   141    41    23   157     8    29    89   180   156    31    27   119    47   148   174    62   185   122   197   150   132   137    78    75    32    77   137   123    34   168   161   116   169    36   182    91    86    10   132    28    41     6     1    44    87    10   112   128   197   189   162   194    60   153     5   114    51   131   193   176    56     2    30    38    54   101    63    86   149  3442
   25    40   155   139   192   159   174    66    74    42    19   138   149   115   147    38    77   123   138    46    86   173    24   120    23    81    13   174    48   149   191    41   185    29   173   168     6   103   131    39    47   180   136   106   113   130   120   130    12   195   141   130   115   141    13    97    74    85   105    16     0    35    43   196   128   165   133    81   102   186  3584
   79   123    55   182    14   163     1    43    59   146   114    84    84    86    73    24   159   140    36    81   154     2   197   159    36   167   153    23   179    77    33    50    46    15    72   178    52    33   103    50     2    19    97   128    39   148   101    22    82    72   184   165   170   139   107   108   117    66    93    67   172    15   169   187   113    31    23    74   144    55  3217
    9    81   100     9    16    18   167    40    11   109   146    74   184   133    99    28    16   197    67   184    15    40    95   102   146   154   130    60   191    24   103    20    19   175   143    31   141   105   107   144   165    44    87   111    60    49    27   187   113    45   193    15    54    31   130    67   193   184   145   105   165   115   124   131   158    68     8    72    47    12  3269
    1     5    13   166   174   118   103   107    91    34   185   128    53    73    68    26    45    65    81    24   144   153    76    15    14   128    56   190    47    12   163    36   165    83    75   157    38    30    46   111     1   157   100    94   174    82    41    25    82   112    35   166   143    18    95    59    94   166     8    32   100   181    24   128    40   101   167    28   146   109  3003
   70   169    84    58    55   177   100     9   128    46   136    63    75    63    95    31   103    18   155    21    79    82   179   158   155    70   141    24    95   108    63    73    88   139   137   162    10    21    69   184    74     9   130    73    18    87   121   132    15   180   143    33   182    55   183   127    45   163   131     5    68    56    62   176    84     1     8   123    51    30  3129
   49   138     8     2   133    62   183     5    22   128     7   103   172    55    50    86   155    66   115   156     8   133    89    12    52    93    72   173    85    13    72    25   112    83    79   113   130   193    11   157   117    40    40    96   159    38   121     3    90    31    71   112    14    59    20     1    92   193   154   123    19   188    10   156    14   151     0   120    31   145  2904
# Solution: 1 1 1 1 0 1 1 1 1 1 0 0 0 0 1 0 0 0 1 1 1 1 0 1 1 1 0 0 0 1 0 0 0 0 1 1 1 0 0 0 1 1 0 0 0 0 1 1 1 0 0 1 0 0 0 1 0 1 1 1 1 1 1 0 0 1 1 0 1 0
