8	70
   47    21    25    26    87     4    78    40    44    15    75     9    32    35    74    93    78    14    97    93    19    92    30    84    66    96    83    98    85    56    20    95    15    81    96    65    51     2    97    35    32    27    42    38    40    46    97    55    54    68    49    59    72    97    59    83    94    38    22    21     9    41    58    86    15    11    70    39    25    10  1855
   85    38    54    42    69    40    96     1    37    83    67    72    85    77    95    44    89     7    32    56    62    39    67    50     5    98    90    72    13    43    94    33    32    64    57    54    19    73    97    81    51    91    49    50     9    91    71    83    47    70    67    77    63    10    85    56    41    42    32    56    46    39    64    50    20    56    11    81    45    95  1980
   22    74    72    88    73    60    78    29    46    29    83    97     9    86    57    45    51    17    16    80    30    27    56    69    54    27    75    47    89    82    74    28    84    32    23    14    23    72    88     6    88    47    86    84    96    89    10     6    93    17    29    79    21    10    36     9    62    86    58    63    33    29    96    75    95    53    37    80    76    51  1903
   21    45    61    65     5    16    53    57    12     0    85    80    36    57    69     1    71    27    23    69    17    22    93    46    69    15     8    28     7    16     6    22    28    71    71    28    34     5    87    91    23    73    46    93    30    37    72    27    57     5    10    95    65    19    73    55    45    85    86    53    16    50     1    41    60    19    37    35    91    67  1541
   55    49    15    27    26     0    29    87    28    80    71    23    63    18     5    30    28    27    46    51    90     5    60    70    86    65    79    52    38    84    47     9    19    75    24    23    29    64    46    36    95    57    70     4     5    82    28    45    68    54    68     8    64    93    82    78    75    56    73    75    69    44    21     0    19    54    93    26    53    86  1702
   94    47    69    21    38    62    96    84     5    56    81    63    67     8     9    62    84    54    12    94    69    16    90    21    45    72    83     8    53    47    77    70     4    95    10    54    50    54    94    64    53    85    13    31    91    11    73     3    65    23    98     0    67     9    85    52    62     7    59    16    57    12    56    30    49    39    69    31    96    62  1793
   77    53    44    53     4    11    89    35     3    69    13     5    47    60    90    87     6    63    37    59     3    68    75    39    39    60    86    86    79    44    56    93    17    17    37     2    81    50    20    71    28    21    24    49    24    13    22    50    77    98    40    93     0    93    12    33    76    78    96     4    73     9    81    38    25    28    35    29    24    42  1621
   21    89     6    92    36    60    26    32    66    98    54    20    33    46    18    88    47     3    73    27    76    40    40    61    92    98    23     7     2    78    39    97     6     2    76    77    12    47     3    36    17    55    55     6    78    80     7    47    81    21    68    17    88    12     1    21    11    82    94    58    71    48    42    38    59    98    37    79    94    63  1687
# Solution: 0 1 0 1 1 0 1 0 0 1 0 0 0 0 1 1 1 0 1 1 1 0 1 0 0 1 1 1 0 0 0 0 0 1 0 0 0 0 1 1 1 0 1 1 0 0 1 0 0 0 1 0 0 1 0 0 0 1 1 1 0 0 1 0 1 1 1 1 1 0
