8	70
   23    10    12    17    43     2    32    20    21     7    37     4    15    13    36    46    39     7    48    46     9    45    15    41    32    47    41    48    42    27     9    47     7    40    47    39    25     1    48    17    16    13    20    18    20    22    48    27    26    33    24    29    36    48    29    41    46    19    11    10     4    20    28    42     7     5    34    19    12     5   908
   42    34    44    21    34    19    47     0    18    41    33    35    42    38    47    21    44     3    15    28    31    19    33    24     2    48    26    35     6    21    46    16    16    31    28    26     9    36    48    40    25    45    24    24     4    45    35    41    23    19    33    38    31     5    42    27    20    20    16    27    22    19    31    24    10    28     5    40    22    47   969
   11    37    35    43    36    29    37    14    23    14    41    48     4    43    28    22    25     8     8    39    15    38    28    34    27    13    37    23    44    40    13    14    42    16    11     7    11    35    43     3    43    23    42    41    47    44     5     3    46     8    14    39    10     5    17     4    30    42    29    31    16    14    47    37    47    26    18    39    38    25   934
   10    22    30    32     2     8    26    28     6     0    42    39    18    28    34     0    35    13    11    34     8    10    46    17    34     7     3    14     3     7     3    11    14    35    35    14    22     2    43    45    11    36    22    46    14    18    35    13    28     2     4    47    32     9    36    27    22    42    42    26     8    24     0    20    30     9    18    17    45    33   753
   27    22     7    13    13     0    14    43    14    39    35    11    31     9     2    14    14    13    22    25    44     2    30    34    42    32    39    25    19    41    23     4     9    37    12    11    14    32    22    17    47    28    35     2     2    40    14    22    33    26    33     4    31    46    40    38    37    28    36    37    34    24    10     0     9    27    46    13    26    42   833
   46    23    34    10    19    30    47    42     2    28    40    31    33     4     4    30    41    27     6    46    34     8    44    10    22    38    41     4    26    23     5    34     2    47    36    27    25    26    46    31    26    42     6    15    45     5    36     1    32    11    48     0    33     4    42    25    31     3    29     7    28     6    27    14    24    19    34    15    47    31   879
   38    26    21    26    17     5    44     2     1    34     6     2    23    29    44    25     3    31    18    29     1    34    37    19    19    29    42    42    39    21    27    46     8     8    18     1    40    24    10    35    14    10    12    24    11     6    11    43    38    48    19    46     0    46     6    16    37    38    47     2    36     4    40    18    12    14    17    14    12    20   792
   10    43     3    45    18    29    13    16    32    48    26    10    16    23     9    43    23     1    36    13    37    20    20    30    45     3    11     3     1    39    19     1    48    48    37    38     6    23     1    17     8    27    27     3    38    39     3    23    40    10    33     8    44     6     0    10     5    40    46    28    35    23    20    19    29    48    18    39    46    31   825
# Solution: 0 1 0 1 1 0 1 0 0 1 0 0 0 0 1 1 1 0 1 1 1 0 1 0 0 1 1 1 0 0 0 0 0 1 0 0 0 0 1 1 1 0 1 1 0 0 1 0 0 0 1 0 0 1 0 0 0 1 1 1 0 0 1 0 1 1 1 1 1 0
