8	70
   19   133   124   157   138    58   159   126   181     6   182    16     3    38   148   130   147   115    12    37   172    43   144     9    60    70   122   110    39   126    89     3   114    16    37    64   145    48     8     7   118   182    51    87    31   121    85    63    38   159   108   161    69   167   161   182   190   152    12   175     4    70   189   177    29   107   188    21   109    57  3309
  170    71   146   153     8   170    92    34    67   102   128    39    79    21    95    56    62    64   176    55   156    61   185   167    59   173    13    99   142   110    37   154    46   103    23    15    82   194   106   150    43    42    30   143    56   196    63    34   110    50   117    68    55    56   127   195    97   119    34    39    94   106    52    99   155    25    82   163   133    62  3254
    4   156   154   129     2   175    78   115   122    89   185    42    51    75    93   110   165   122    85    50    75   194    68   141    53    11   105   166    97    22   174    54    23     5    32   129   144     5   106     5    11    79    55    44   112    67   166   174    74    49   135    13   125    28   161   131    90   126   161   172    96     0   135    72    75   147    35     7    86   131  3184
  154    60    88   112    35   105   107   189   190   129    35   161   137   139    30   181    17   136    51    27   127   122   116   169    37   126    68    96     6   108   176    99   103    17   149    85   119    97   109   113    26   122   146    27    88     8   155    89    52    20    19   132   189    17   147    26   158   129   123   184   140    68   164   117   184   115     1    10    26   138  3472
   50    11    85     0    79    20   162   148   185    29    62   183    44   175   172   189   194    81   158   165   157    35   169   143    15   132   154   108    26     1    47   178   171   173    12    86    59    33    31    37    33   178   141    12   127   159     2   137   123   165   123    56   123   116   123    19   184   101   113    95   124    60   141   193    83     8    40    96   179    54  3533
  151    40   158    84   128   186    25    44   160    42   180    47    86   100   106    37   193   132   144   192    27    68   127    95   125     2    57    81    99    81   151   107    75    49   171    79   189   118    19   131   127   191     5    74    21    30    53    66   166    35    60    93   104   110    78   127    70    38    45    92    44   122    70    41    41   139   122    84    63   126  3261
  142    58   112    77    44   164   145    15     2    56   131    79   148    79   119    66    35     5    31    84   143   130   102   153     5    80   137   141   181   100   197   109    38   198   152   144   137    99   189   147    90   146    26    52   198     8    95     6   169   156   190   194   166    43    62   135    71    55    17    20    84    97    21   190    70    68    35    50    50    40  3389
    3    43   103   176    64    75   139    22   115    88    24    48    88   172   110    51   105   181   179   142    14    51   117   153    18   105    75   114   188     3    65   193   137   149   141    39   140    17   124     9   105    33   143    50    65    32   151   145    97   146    19   123    75   120    55    74    44   143   105   157   138    44   134    21   161   152   129    50    45   169  3352
# Solution: 1 0 0 1 1 0 0 0 1 0 1 1 0 1 1 0 0 0 1 0 0 1 0 1 1 1 1 0 0 1 0 0 1 0 0 0 1 1 1 0 1 1 1 1 1 1 1 0 1 1 1 0 1 0 1 0 0 1 1 0 1 0 0 0 0 1 1 0 0 0
