8	70
    9    66    61    78    68    28    79    62    90     3    90     8     1    19    73    64    73    57     5    18    85    21    72     4    30    34    60    55    19    62    44     1    57     8    18    32    72    24     4     3    58    90    25    43    15    60    42    31    19    79    54    80    34    83    80    90    94    75     6    87     2    34    94    88    14    53    93    10    54    28  1636
   84    35    72    76     4    84    45    17    33    51    63    19    39    10    47    27    31    32    97    27    77    19    92    83    29    86     6    49    70    55    18    76    23    51    11     7    41    96    52    74    21    21    15    71    28    97    31    17    54    25    58    34    27    28    63    87    48    59    17    30    47    53    26    49    77    12    41    81    66    30  1610
   67    77    77    64     1    87    39    57    60    44    92    21    25    37    46    55    82    61    42    24    37    96    34     6    26     5    52    82    48    11    86    26    11     2    16    64    71     2    52     2     5    39    27    21    55    33    83    86    36    24    67    70    62    13    80    65    45    62    80    85    48     0     2    36    37    73    17     3    42    65  1574
   76    30    44    56    17    52    53    94    94    64    17    80    68    69    15    90     8    68    25    13    63    60    57    84    18    62    34    47     3    53    87    49    51     8    74    42    59    48    54    56    13    60    72    13    44     4    77    44    26     9     9    65    94     8    73    13    79    64    61    91    70    33    81    58    91    57     0     5    13    68  1718
   25     5    42     0    39    91    80    73    92    14    31    10    21    87    85    15    96    40    78    82    78    17    84    71     7    66    77    53    13     0    23    88    85    86     6    43    29    16    94    18    16    89    70     6    63    79     1    68    61    82    61    28    61    58    61     9    91    50    56    47    62    30    70    96    41     4    20    47    89    27  1751
   75    20    78    41    64    94    12    22    79    20    89    23    42    50    52    18    96    65    72    95    13    33    63    47    62     1    28    40    49    40    75    53    37    24    85    39     2    59     9    65    63    95    92    37    10    15    26    33    82    17    30    46    51    54    38    63    34    19    22    45    22    61    34    20    20    69    61    41    31    62  1612
   70    29    56    21    21    81    72     7     1    28    65    39    73    39    59    33    17     2    15    41    71    65    50    76     2    40    68    70    90    50    98    54    35    98    75    71    68    49    94    73    45    72    13    26    98     4    47     3    84    77    94    96    82    38    31    67    35    27     8    10    42    48    10    94    19    33    17    24    25    20  1677
    1    21    51    87     4    37    69    11    57    43    12    24    43    85    55    25    52    90    89    71     7    25    58    76     9    52    37    57    93     1    32    96    68    74    70    19    69    36    61    32    52    16    71    25    32    16    75    72    48    73     9    61    37    60    27     8    22    71    52    78    69    22    66    10    80    75    64    25    22    84  1660
# Solution: 1 0 0 1 1 0 0 0 1 0 1 1 0 1 1 0 0 0 1 0 0 1 0 1 1 1 1 0 0 1 0 0 1 0 0 0 1 1 1 0 1 1 1 1 1 1 1 0 1 1 1 0 1 0 1 0 0 1 1 0 1 0 0 0 0 1 1 0 0 0
