8	70
    4    32    30    38    34    14    39    44    31     1    44     4     0     9    36    32    36    28     2     9    42    10    35    15    14    17    30    27     9    31    22     0    28     4     9    15    35    12     2     1    29    44    12    21     7    29    21     2     9    39    26    39    17    41    39    44    47    37     3    43     1    17    46    43     7    26    46     5    26    14   802
   42    17    36    37     2    42    22     8     9    25    31     9    19     5    23    13    15    15    48    13    38    15    45    41    14    42     3    24    34    27    16    37    11    25     5     3    20    47    26    37    10    10     7    35    14    48    15     8    27    12    28    16    13    13    31    43    24    29     8     9    23    26    12    24    38     6    20    40    32    15   788
   32    38    38    31     0    43    19    28    30    22    45    10    12    18    23    27    40    30    21    12    18    47    16     3    13     2    26    40    23     5    43    13     5     1     7    31    35     1    26     1     2    19    13    10    27    16    41    42    18    12    33    34    31     6    39     1    22    31    39    42    23     0    33    17    18    36     8     1    21    32   771
   38    14    21    27     8    25    26    12    46    31     8     4    33    34     7    44    39    33    46     6    31    30    28    41     9    31    16    23     1    26    43    24    25     4    36    20    29    23    26    27     6    30    36     6    21     2    38    21    12     4     4    32    46     4    36     6    39    31    30    45    34    16    40    28    45    28     0     2     6    34   838
   12     2    21     0    19     5    40    36     4     7    15    45    10    43    42     7    47    20    39    40    38     8    41    35     3    32    38    26     6     0    11    43    42    42     3    21    14     8    46     9     8    44    34     3    31    39     0    33    30    40    30    14    30    28    30    45    45    25    27    23    30    15    34    47    20     2    10    23    44    13   858
   37     9    38    20    31    45     6    11    39    10    44    11    21    24    26     9    47    32    35    47     6    16    31    23    30     0    14    20    24    20    37    26    18    12    42    19    46    29     4    32    31    47     1    18     5     7    13    16    41     8    14    22    25    27    19    31    17     9    11    22    11    30    17    10    10    34    30    20    15    31   791
   35    14    27    12    10    40    35     3     0    13    32    19    36    19    29    16     8     1     7    20    35    32    25    37     1    19    33    34    44    24    48    27    17    48    37    35    33    24    46    36    22    36     6    12    48     2    23     1    41    38    46    47    40    10    15    33    17    13     4     5    20    24     5    46     9    16     8    19    12    10   819
    0    10    25    29    15    18    34     5    28    21     6    11    21    42    27    12    26    44    44    35     3    12    28    37     4    26    18    28    46     0    16    47    33    36    34     9    34    18    30     2    25     8    35    12    16     7    37    35    24    36     4    30    18    43    13     4    11    35    26    38    34    11    33     5    39    37    31    12    11    41   812
# Solution: 1 0 0 1 1 0 0 0 1 0 1 1 0 1 1 0 0 0 1 0 0 1 0 1 1 1 1 0 0 1 0 0 1 0 0 0 1 1 1 0 1 1 1 1 1 1 1 0 1 1 1 0 1 0 1 0 0 1 1 0 1 0 0 0 0 1 1 0 0 0
