8	70
   95    42    51    52   175     9   132    82    88    30   152    19    64    71   149   187   158    29   196   188    39   185    92   168   133   193   167   197   171   113    40   192    31   162   193   158   102     5   196    70    65    55    84    76    82    61   196   111   109   137    99   119   146   195   120   167   190    77    45    42    18    84   116   174    30    23   141    79    51    21  3744
  172    78   182    85   139    80   194     3    75   167   135   145    98   155   191    88   179    14    64   114   126    79   134   100    12   197   109   145    26    87   189    67    66   129   115   109    39   146   196   164   103   183   170   101    19   183   143   167    94   141   135   156   126    20   171   113    83    84    65   113    92    80   129   100    41   113    23   164    90   191  3993
   45   150   145   177   146   121    54    59    93    58   167    91    19   174   115   195   103    34    32   161    61   156   113   139   109    55   151    95   179   165   150    57   170    65    48    28    47   145   178    12   177    95   174   170   193   180    22    13   188    35    58   159    43    20    72    19   125   173   118   126    67    60   194   151   192   107    75   162   154   103  3843
   42    92   124   131    11    34   107   115    25     0   171   161    73   114   139     2   144    55    48   140    34    44   188    70   139    31    16    57    14    32    13    44    56   143   143    57    91    11   176   183    46   147    93   186    60    76   145    55   116    10    20   191   131    38   146   111    91   171   174   108    33   100     3    84   122    38    74    71   184   136  3115
  111   100    31    55    53     0    59   176    56   161   143    47   127    36    11    60    57    54    92   103   181    11   122   140   174   130   159   104    78   170    95    19    39   151    49    46    58   130    92    72   191   116   142     9    10   165    58    90   137   109   137    16   128   187   165   157   152   114   147   151   140    89    42     0    39   110   187    53   107   173  3436
  190    95   140   171    78   124   194   170    10   114   164   128   136    17    18   125   169   110    25   189   140    33   181    43    92    20   168    17   107    95   155   141     8   191   146   109   101   109   190   128   107    42    26    64   183    23   148     6   132    47   198     0   136    19   172   105   126    14   118    32   114    24   113    60   100    78   139    62   193   126  3624
  155   108    88   106     8    23   179    72     7   139    28    10    95   121   181   101    13   126   153   119     7   138   151    80    79   120   173   172   159    89   113   188    35    35    76     5   164   100    41   142    57    43    49    99    48    27    44   176   155   197    80   188     0   187    25    66    75   157   194     8   147    18   164    76    50    57    72    59    50    84  3275
   42   177    13   185    73   121    53    65   133   197   109    40    67    94    37   177    96     7   147    55   152    81    81   123   185    12    47    14     4   158    79     7   198     5   153   155    25    94   196    72    35   110   111    13   157   162    14    94   163    43   137    34   180    25     2    42    23   166   189   116   143    96    85    77   120   198    74   158   190   128  3407
# Solution: 0 1 0 1 1 0 1 0 0 1 0 0 0 0 1 1 1 0 1 1 1 0 1 0 0 1 1 1 0 0 0 0 0 1 0 0 0 0 1 1 1 0 1 1 0 0 1 0 0 0 1 0 0 1 0 0 0 1 1 1 0 0 1 0 1 1 1 1 1 0
