# Cost: 929

# Tail Head Net
 33  34 1
 33  73 1
 34  35 1
 73 113 1
 35  36 1
 36  37 1
 37  38 1
 38  39 1
 39  40 1
113 153 1
153 193 1
193 233 1
233 273 1
273 313 1
313 353 1
353 393 1
393 433 1
433 473 1
473 513 1
513 553 1
553 593 1
593 594 1
593 633 1
594 595 1
595 596 1
596 597 1
597 598 1
598 599 1
599 600 1
633 673 1
673 713 1
713 753 1
752 792 1
753 752 1
791 831 1
792 791 1
831 871 1
871 911 1
906 946 1
907 906 1
908 907 1
909 908 1
910 909 1
911 910 1
942 982 1
943 942 1
944 943 1
945 944 1
946 945 1
962 961 1
963 962 1
964 963 1
965 964 1
966 965 1
967 966 1
968 967 1
969 968 1
970 969 1
971 970 1
972 971 1
973 972 1
974 973 1
975 974 1
976 975 1
977 976 1
978 977 1
979 978 1
980 979 1
981 980 1
982 981 1
982 1022 1
1022 1062 1
1062 1102 1
1102 1142 1
1142 1182 1
1182 1222 1
1222 1262 1
1262 1302 1
1302 1342 1
1342 1382 1
1382 1422 1
1422 1462 1
1462 1502 1
1502 1542 1
1542 1582 1
1582 1581 1
 17  16 2
 17  18 2
 18  19 2
 57  17 2
 19  20 2
1657  57 2
1697 1657 2
1737 1697 2
1777 1737 2
1817 1777 2
1857 1817 2
1897 1857 2
1937 1897 2
1977 1937 2
2017 1977 2
2057 2017 2
2097 2057 2
2137 2097 2
2177 2137 2
2217 2177 2
2257 2217 2
2297 2257 2
2337 2297 2
2377 2337 2
2417 2377 2
2457 2417 2
912 913 2
913 914 2
914 915 2
915 916 2
916 917 2
917 918 2
918 919 2
919 920 2
920 960 2
2494 2495 2
2495 2496 2
2496 2497 2
2497 2457 2
2497 2498 2
2498 2499 2
2499 2500 2
2500 2501 2
2501 2502 2
2502 2503 2
2503 2504 2
2504 2505 2
2505 2506 2
2506 2507 2
2507 2508 2
2508 2509 2
2509 2510 2
2510 2511 2
2511 2512 2
2512 912 2
960 1000 2
2534 2494 2
1013 2613 2
2574 2534 2
1053 1013 2
2613 2614 2
2614 2574 2
1091 1092 2
1092 1093 2
1093 1053 2
1131 1091 2
1161 1162 2
1162 1163 2
1163 1164 2
1164 1165 2
1165 1166 2
1166 1167 2
1167 1168 2
1168 1169 2
1169 1170 2
1170 1171 2
1171 1131 2
1171 1211 2
1211 1251 2
1251 1291 2
1291 1331 2
1331 1371 2
1371 1411 2
1411 1451 2
1451 1491 2
1491 1531 2
1531 1571 2
1570 1569 2
1571 1570 2
 23  63 3
 63 103 3
103 1703 3
1703 1743 3
1743 1783 3
1783 1823 3
1823 1824 3
1824 1825 3
1825 1826 3
1826 1866 3
1866 1906 3
315 316 3
316 317 3
317 318 3
318 319 3
319 320 3
320 280 3
1906 1907 3
1906 1946 3
1907 1908 3
1908 1909 3
1909 1910 3
1910 1911 3
1911 1912 3
1912 1913 3
1913 1914 3
1914 1915 3
1915 315 3
1946 1986 3
1986 2026 3
2026 2066 3
2066 2106 3
2106 2146 3
2146 2186 3
2186 2226 3
2226 2266 3
2266 2306 3
2306 2346 3
783 823 3
784 783 3
785 784 3
2346 2386 3
823 863 3
2385 785 3
2386 2385 3
2386 2387 3
2387 2388 3
2388 2389 3
2389 2390 3
2390 2391 3
2391 2392 3
2392 2393 3
2393 2433 3
863 903 3
2433 2473 3
901 941 3
902 901 3
903 902 3
2473 2513 3
922 921 3
923 922 3
924 923 3
925 924 3
926 925 3
927 926 3
928 927 3
929 928 3
930 929 3
931 930 3
932 931 3
933 932 3
934 933 3
935 934 3
936 935 3
937 936 3
938 937 3
939 938 3
940 939 3
941 940 3
2513 2553 3
993 994 3
2553 2593 3
994 1034 3
2593 993 3
1034 1074 3
1074 1075 3
1075 1115 3
1115 1116 3
1116 1156 3
1156 1196 3
1196 1197 3
1197 1237 3
1237 1277 3
1277 1317 3
1317 1357 3
1357 1397 3
1397 1398 3
1397 1437 3
1398 1399 3
1399 1400 3
1437 1477 3
1477 1517 3
1517 1557 3
1557 1597 3
  5   4 4
  6   5 4
  7   6 4
  8   7 4
  9   8 4
1609   9 4
1610 1609 4
1611 1610 4
1612 1611 4
1613 1612 4
1614 1613 4
1615 1614 4
1616 1615 4
1617 1616 4
1618 1617 4
1619 1618 4
1620 1619 4
1621 1620 4
1622 1621 4
1623 1622 4
1624 1623 4
 26 1626 4
1625 1624 4
 27  26 4
 27  67 4
1626 1625 4
 28  27 4
 67 107 4
 29  28 4
 30  29 4
107 147 4
147 187 4
187 227 4
227 267 4
267 307 4
307 347 4
347 387 4
387 427 4
427 2027 4
2027 2067 4
2067 2107 4
2107 2147 4
2147 2187 4
2187 2227 4
2227 2267 4
2267 2307 4
2307 3907 4
2627 2628 4
2628 2668 4
2668 2708 4
2708 2748 4
1188 1228 4
2748 2788 4
2776 2816 4
2777 2776 4
2778 2777 4
2779 2778 4
2780 2779 4
2781 2780 4
2782 2781 4
2783 2782 4
2784 2783 4
2785 2784 4
2786 2785 4
2787 2786 4
1228 1268 4
2788 1188 4
2788 2787 4
2788 2789 4
2789 2829 4
1239 1240 4
1242 1241 4
1243 1242 4
1244 1243 4
1245 1244 4
1246 1245 4
2812 2852 4
2813 2812 4
2814 2813 4
2815 2814 4
2816 2815 4
1268 1308 4
2829 2830 4
2830 2831 4
2831 2832 4
2832 2833 4
2833 2834 4
2834 2835 4
2835 2836 4
2836 2837 4
2837 2838 4
2838 2839 4
2839 1239 4
2846 1246 4
2847 2846 4
2848 2847 4
2849 2848 4
2850 2849 4
2851 2850 4
2852 2851 4
1308 1348 4
1348 1388 4
1388 1428 4
1428 1468 4
1468 1508 4
1508 1548 4
1548 1588 4
3907 3947 4
3947 3987 4
3987 4027 4
4027 4067 4
4067 4107 4
4107 4147 4
4147 4187 4
4187 4227 4
4227 2627 4
281 241 5
1881 281 5
1921 1881 5
1961 1921 5
2001 1961 5
2041 2001 5
2081 2041 5
2121 2081 5
2161 2121 5
2201 2161 5
2241 2201 5
2281 2241 5
2321 2281 5
2361 2321 5
2401 2361 5
2441 2401 5
2481 2441 5
2521 2481 5
2561 2521 5
2601 2561 5
2641 2601 5
2681 1081 5
2681 2641 5
2682 2681 5
2683 2682 5
2684 2683 5
2685 2684 5
2686 2685 5
2687 2686 5
2688 2687 5
2689 2688 5
2690 2689 5
2691 2690 5
2731 2691 5
2732 2731 5
1173 2773 5
2772 2732 5
1213 1173 5
2773 2772 5
1253 1213 5
1293 1253 5
1333 1293 5
1373 1333 5
1413 1373 5
1453 1413 5
1493 1453 5
1533 1493 5
1573 1533 5
1573 1574 5
1574 1575 5
1575 1576 5
1576 1577 5
1577 1578 5
1578 1579 5
1579 1580 5
1580 3180 5
1589 1590 5
1590 1591 5
1591 1592 5
1592 1593 5
3180 3181 5
3181 3182 5
3182 3183 5
3183 3184 5
3184 3185 5
3185 3186 5
3186 3187 5
3187 3188 5
3188 3189 5
3189 1589 5
120  80 6
120 160 6
160 200 6
200 240 6
240 1840 6
1840 1880 6
1880 1920 6
1920 1960 6
1960 2000 6
2000 2040 6
2040 2080 6
2080 480 6
2080 2120 6
2120 2160 6
2160 2200 6
2200 2240 6
2240 2280 6
2280 2320 6
2320 2360 6
2360 760 6
2360 2400 6
2400 2440 6
2440 2480 6
2480 2520 6
2520 2560 6
2560 2600 6
2600 2640 6
2640 2680 6
2680 2720 6
2720 2760 6
2760 2800 6
2800 2840 6
2840 2880 6
2880 2920 6
2920 2960 6
2960 3000 6
3000 3040 6
3040 3080 6
3080 3120 6
3120 3160 6
3139 3179 6
3140 3139 6
3141 3140 6
3142 3141 6
3143 3142 6
3144 3143 6
3145 3144 6
3146 3145 6
3147 3146 6
3148 3147 6
3149 3148 6
3150 3149 6
3151 3150 6
3152 3151 6
3153 3152 6
3154 3153 6
3155 3154 6
3156 3155 6
3157 3156 6
3158 3157 6
3159 3158 6
3160 3159 6
3164 1564 6
3165 3164 6
3166 3165 6
3167 3166 6
3168 3167 6
3169 3168 6
3170 3169 6
3171 3170 6
3172 3171 6
3173 3172 6
3174 3173 6
3175 3174 6
3176 3175 6
3177 3176 6
3178 3177 6
3179 3178 6
481 441 7
521 481 7
561 521 7
601 561 7
602 601 7
603 602 7
643 603 7
683 643 7
684 683 7
724 684 7
764 724 7
804 764 7
805 804 7
845 805 7
846 845 7
847 846 7
848 847 7
849 848 7
850 849 7
851 850 7
852 851 7
2452 852 7
2492 2452 7
2532 2492 7
2572 2532 7
2573 2572 7
3028 4628 7
3068 3028 7
3069 3068 7
3070 3069 7
3071 3070 7
3072 3071 7
1518 3118 7
3112 3072 7
3113 3112 7
3114 3113 7
3115 3114 7
3116 3115 7
3117 3116 7
1558 1518 7
3118 3117 7
1598 1558 7
1599 1598 7
1600 1599 7
4173 2573 7
4213 4173 7
4253 4213 7
4293 4253 7
4294 4293 7
4334 4294 7
4374 4334 7
4414 4374 7
4454 4414 7
4455 4454 7
4495 4455 7
4496 4495 7
4497 4496 7
4498 4497 7
4499 4498 7
4500 4499 7
4501 4500 7
4541 4501 7
4542 4541 7
4543 4542 7
4583 4543 7
4584 4583 7
4585 4584 7
4586 4585 7
4587 4586 7
4588 4587 7
4628 4588 7
 65  25 8
105  65 8
138 139 8
139 140 8
140 141 8
141 142 8
142 143 8
143 144 8
144 145 8
145 105 8
178 138 8
217 218 8
218 178 8
257 217 8
294 295 8
295 296 8
296 297 8
297 257 8
333 334 8
334 294 8
373 333 8
410 411 8
411 412 8
412 413 8
413 373 8
450 410 8
490 450 8
530 490 8
570 530 8
609 610 8
610 570 8
2209 609 8
2249 2209 8
2289 2249 8
2329 2289 8
2369 2329 8
2407 2408 8
2408 2409 8
2409 2369 8
2447 2407 8
2486 2487 8
2487 2447 8
2526 2486 8
1001 1002 8
1002 2602 8
2562 2563 8
2563 2564 8
2564 2565 8
2565 2566 8
2566 2526 8
1041 1001 8
2602 2562 8
1481 1482 9
1482 1483 9
1483 1484 9
1484 1524 9
1524 1525 9
1525 1526 9
1526 1566 9
1566 1567 9
1567 1568 9
 15  55 10
 55  56 10
 56 1656 10
1656 3256 10
1792 1793 10
1793 1794 10
1794 1795 10
1795 1796 10
1796 1836 10
1836 1837 10
1837 1877 10
1877 1917 10
1917 1957 10
1957 1958 10
1958 1998 10
1998 1999 10
1999 2039 10
2039 2079 10
2079 2119 10
2119 2159 10
2159 2199 10
2199 2239 10
2239 2279 10
2279 2319 10
2319 2359 10
2359 2399 10
2399 2439 10
2439 2479 10
2479 2519 10
959 999 10
2519 2559 10
999 1039 10
2559 959 10
1039 1040 10
3256 3257 10
3257 3258 10
3258 3259 10
3259 3260 10
3260 3261 10
3261 3262 10
3262 3263 10
3263 3303 10
3303 3304 10
3304 3305 10
3305 3306 10
3306 3307 10
3307 3308 10
3308 3309 10
3309 3310 10
3310 3311 10
3311 3312 10
3312 3352 10
3352 3392 10
3392 1792 10
841 842 11
842 2442 11
2442 2482 11
2482 2522 11
2522 4122 11
2883 2884 11
2884 2924 11
2924 2925 11
2925 2926 11
2926 2966 11
2966 2967 11
2967 2968 11
2968 2969 11
2969 3009 11
3009 3049 11
3049 3089 11
3089 3090 11
3090 3091 11
3091 3092 11
1532 1572 11
3092 3132 11
3132 1532 11
4122 4162 11
4162 4202 11
4202 4242 11
4242 4282 11
4282 4322 11
4322 4362 11
4362 4402 11
4402 4442 11
4442 4443 11
4443 4483 11
4483 2883 11
1801 201 12
359 1959 12
399 359 12
1959 3559 12
439 399 12
479 439 12
519 479 12
520 519 12
560 520 12
3401 1801 12
3402 3401 12
3403 3402 12
3404 3403 12
3405 3404 12
3406 3405 12
3407 3406 12
3408 3407 12
3409 3408 12
3410 3409 12
3411 3410 12
3412 3411 12
3413 3412 12
3453 3413 12
3454 3453 12
3455 3454 12
3456 3455 12
3457 3456 12
3458 3457 12
3459 3458 12
3460 3459 12
3461 3460 12
3462 3461 12
3463 3462 12
3464 3463 12
3465 3464 12
3466 3465 12
3467 3466 12
3507 3467 12
3508 3507 12
3509 3508 12
3510 3509 12
3511 3510 12
3512 3511 12
3513 3512 12
3514 3513 12
3515 3514 12
3516 3515 12
3556 3516 12
3557 3556 12
3558 3557 12
3559 3558 12
121 122 13
122 123 13
123 124 13
124 164 13
164 165 13
165 205 13
205 206 13
206 246 13
246 286 13
286 326 13
326 366 13
366 367 13
367 407 13
407 447 13
447 448 13
448 488 13
488 528 13
528 568 13
568 608 13
608 648 13
648 649 13
649 650 13
650 651 13
651 652 13
652 653 13
653 654 13
654 694 13
694 695 13
695 696 13
696 697 13
697 698 13
698 699 13
699 700 13
700 701 13
701 702 13
702 703 13
703 704 13
704 705 13
705 706 13
706 707 13
707 708 13
708 709 13
709 710 13
710 711 13
711 712 13
712 2312 13
2312 2313 13
2313 2353 13
2353 2354 13
2354 2394 13
2394 2434 13
2434 2474 13
2474 2514 13
954 955 13
2514 2554 13
955 956 13
956 957 13
957 958 13
958 998 13
2554 954 13
998 1038 13
1038 1078 13
1078 1079 13
1079 1119 13
1119 1120 13
1120 1160 13
 24  64 14
 64 104 14
104 1704 14
1704 1705 14
1705 1706 14
1706 1707 14
1707 1708 14
1708 1709 14
1709 1710 14
1710 1750 14
1750 1751 14
1751 1791 14
1791 1831 14
1831 1832 14
1832 1833 14
1833 1834 14
1834 1874 14
1874 1875 14
1875 1876 14
1876 1916 14
1916 1956 14
1956 1996 14
1996 1997 14
1997 2037 14
2037 2038 14
2038 2078 14
2078 2118 14
2118 2158 14
2158 2198 14
2198 2238 14
2238 2278 14
2278 2318 14
2318 2358 14
2358 2398 14
2398 2438 14
2438 2478 14
2478 2518 14
2518 2558 14
2558 2598 14
2598 2638 14
2638 2678 14
1118 1158 14
2678 2718 14
1158 1198 14
2718 1118 14
1198 1238 14
1238 1278 14
1278 1279 14
1279 1319 14
1319 1320 14
