# Cost: 721

# Tail Head Net
840 780 1
900 840 1
960 900 1
1020 960 1
1080 1020 1
1140 1080 1
1200 1140 1
1260 1200 1
1320 1260 1
1380 1320 1
1440 1380 1
1500 1440 1
1560 1500 1
1620 1560 1
1680 1620 1
1733 1734 1
1734 1735 1
1735 1736 1
1736 1737 1
1737 1738 1
1738 1739 1
1739 1740 1
1740 1680 1
1789 1790 1
1790 1791 1
1791 1792 1
1792 1793 1
1793 1733 1
1809 1810 1
1810 1811 1
1811 1812 1
1812 1813 1
1813 1814 1
1814 1815 1
1815 1816 1
1816 1817 1
1817 1818 1
1818 1819 1
1819 1820 1
1820 1821 1
1821 1822 1
1822 1823 1
1823 1824 1
1824 1825 1
1825 1826 1
1826 1827 1
1827 1828 1
1828 1829 1
1829 1830 1
1830 1831 1
1831 1832 1
1832 1833 1
1833 1834 1
1834 1835 1
1835 1836 1
1836 1837 1
1837 1838 1
1838 1839 1
1839 1840 1
1840 1841 1
1841 1842 1
1842 1843 1
1843 1844 1
1844 1845 1
1845 1846 1
1846 1847 1
1847 1848 1
1848 1849 1
1849 1789 1
1869 1809 1
1929 1869 1
1989 1929 1
2048 2049 1
2049 1989 1
2106 2107 1
2107 2108 1
2108 2048 1
2165 2166 1
2166 2106 1
2225 2165 1
2285 2225 1
2345 2285 1
2405 2345 1
2465 2405 1
2525 2465 1
2585 2525 1
2645 2585 1
2705 2645 1
2765 2705 1
2825 2765 1
2885 2825 1
2945 2885 1
3005 2945 1
3065 3005 1
3125 3065 1
3185 3125 1
3245 3185 1
3305 3245 1
3365 3305 1
3425 3365 1
3484 3485 1
3485 3425 1
3544 3484 1
1321 1261 2
1381 1321 2
1441 1381 2
1501 1441 2
1561 1501 2
1621 1561 2
1681 1621 2
1741 1681 2
1801 1741 2
1861 1801 2
1921 1861 2
1981 1921 2
2041 1981 2
2101 2041 2
2161 2101 2
2221 2161 2
2281 2221 2
2341 2281 2
2401 2341 2
2461 2401 2
2462 2461 2
2463 2462 2
2523 2463 2
2583 2523 2
2584 2583 2
2644 2584 2
6244 2644 2
6245 6244 2
6246 6245 2
6247 6246 2
6307 6247 2
6308 6307 2
6309 6308 2
6369 6309 2
6429 6369 2
6430 6429 2
6431 6430 2
6432 6431 2
6433 6432 2
6434 6433 2
6435 6434 2
6436 6435 2
6496 6436 2
6497 6496 2
6557 6497 2
6617 6557 2
6677 6617 2
6737 6677 2
6797 6737 2
6798 6797 2
6858 6798 2
6859 6858 2
6919 6859 2
6920 6919 2
6980 6920 2
7040 6980 2
3509 7109 2
3510 3509 2
3511 3510 2
3512 3511 2
3513 3512 2
3514 3513 2
3515 3514 2
3516 3515 2
3517 3516 2
3518 3517 2
3519 3518 2
3520 3519 2
3521 3520 2
3522 3521 2
3523 3522 2
3524 3523 2
3525 3524 2
3526 3525 2
3527 3526 2
3528 3527 2
3529 3528 2
3530 3529 2
3531 3530 2
3532 3531 2
3533 3532 2
7100 7040 2
7101 7100 2
7102 7101 2
7103 7102 2
7104 7103 2
7105 7104 2
7106 7105 2
7107 7106 2
7108 7107 2
7109 7108 2
3593 3533 2
3594 3593 2
3595 3594 2
3596 3595 2
3597 3596 2
3572 3571 3
3573 3572 3
3574 3573 3
3575 3574 3
3576 3575 3
3577 3576 3
3578 3577 3
3579 3578 3
3580 3579 3
3581 3580 3
3582 3581 3
3583 3582 3
3584 3583 3
420 480 4
480 540 4
540 600 4
600 660 4
659 719 4
660 659 4
719 779 4
757 817 4
758 757 4
759 758 4
760 759 4
761 760 4
762 761 4
763 762 4
764 763 4
765 764 4
766 765 4
767 766 4
768 767 4
769 768 4
770 769 4
771 770 4
772 771 4
773 772 4
774 773 4
775 774 4
776 775 4
777 776 4
778 777 4
779 778 4
816 876 4
817 816 4
874 934 4
875 874 4
876 875 4
934 994 4
994 1054 4
1054 1114 4
1113 1173 4
1114 1113 4
1173 1233 4
1232 1292 4
1233 1232 4
1292 1352 4
1351 1411 4
1352 1351 4
1411 1471 4
1471 1531 4
1531 1591 4
1591 5191 4
5190 5250 4
5191 5190 4
5249 5309 4
5250 5249 4
5309 5369 4
5369 5429 4
5429 5489 4
5489 5549 4
5549 5609 4
5606 5666 4
5607 5606 4
5608 5607 4
5609 5608 4
5666 5726 4
5726 5786 4
5786 5846 4
2302 2362 4
2303 2302 4
2304 2303 4
2305 2304 4
2306 2305 4
5846 5906 4
2358 2418 4
2359 2358 4
2360 2359 4
2361 2360 4
2362 2361 4
5906 2306 4
2418 2478 4
2478 2538 4
2538 2598 4
2598 2658 4
2658 2718 4
2718 2778 4
2778 2838 4
2838 2898 4
2898 2958 4
2958 3018 4
3018 3078 4
3078 3138 4
3138 3198 4
3197 3257 4
3198 3197 4
3257 3317 4
3317 3377 4
3377 3437 4
3437 3497 4
3496 3556 4
3497 3496 4
3556 3555 4
  7  67 5
  8   7 5
 67 127 5
  9   8 5
 10   9 5
 11  10 5
 12  11 5
 13  12 5
 14  13 5
 15  14 5
 16  15 5
 17  16 5
 18  17 5
 19  18 5
 20  19 5
 21  20 5
 22  21 5
 23  22 5
 24  23 5
 25  24 5
 26  25 5
127 187 5
187 247 5
247 307 5
307 367 5
367 427 5
427 487 5
487 547 5
547 607 5
607 667 5
667 727 5
727 787 5
787 847 5
847 907 5
907 967 5
967 1027 5
1027 1087 5
1087 1147 5
1147 1207 5
1207 1267 5
1267 1327 5
1327 1387 5
1387 1447 5
1447 1507 5
1507 1567 5
1567 1627 5
1627 1687 5
1687 1747 5
1747 1807 5
1807 1867 5
1867 1927 5
1927 1987 5
1987 2047 5
2046 5646 5
2047 2046 5
5646 5706 5
5706 5766 5
5766 5826 5
5826 5886 5
5886 5946 5
5946 6006 5
6006 6066 5
2526 2586 5
6066 6126 5
2586 2646 5
6126 2526 5
2646 2706 5
2706 2766 5
2766 2826 5
2826 2886 5
2886 2946 5
2946 3006 5
3006 3066 5
3066 3126 5
3126 3186 5
3186 3246 5
3246 3306 5
3306 3366 5
3366 3426 5
3426 3486 5
3486 3546 5
3546 3545 5
3610 3611 6
3611 3612 6
3612 3613 6
3613 3614 6
3614 3615 6
3615 3616 6
3616 3617 6
3617 3618 6
3618 3619 6
3619 3620 6
3620 3621 6
3621 3622 6
3622 3623 6
3623 3624 6
3624 3625 6
3625 3626 6
3626 3627 6
3627 3628 6
3628 3629 6
3629 3630 6
3630 3631 6
3631 3632 6
3632 3633 6
3633 3634 6
3634 3635 6
3635 3636 6
3636 3637 6
3637 3638 6
3638 3639 6
3639 3640 6
3640  40 6
3670 3610 6
3730 3670 6
3790 3730 6
3850 3790 6
3910 3850 6
3970 3910 6
4030 3970 6
4090 4030 6
4150 4090 6
4210 4150 6
4270 4210 6
4330 4270 6
4390 4330 6
4450 4390 6
4510 4450 6
4570 4510 6
4630 4570 6
4690 4630 6
4750 4690 6
4810 4750 6
4870 4810 6
4930 4870 6
4990 4930 6
5050 4990 6
5110 5050 6
5170 5110 6
5230 5170 6
5290 5230 6
5350 5290 6
5410 5350 6
5470 5410 6
5530 5470 6
5590 5530 6
5650 5590 6
5710 5650 6
5770 5710 6
5830 5770 6
5890 5830 6
5950 5890 6
6010 5950 6
6070 6010 6
2581 2582 6
2582 6182 6
2590 2650 6
6130 6070 6
2641 2581 6
6182 6183 6
6183 6184 6
6184 6185 6
6185 6186 6
6186 6187 6
6187 6188 6
6188 6189 6
6189 6190 6
2650 2710 6
6190 2590 6
6190 6130 6
2710 2770 6
2770 2830 6
2830 2890 6
2890 2950 6
2950 3010 6
3010 3070 6
3070 3130 6
3130 3190 6
3190 3250 6
3250 3310 6
3310 3370 6
3370 3430 6
3430 3490 6
3490 3550 6
2100 2160 7
2160 2220 7
2220 2280 7
2280 2340 7
2340 2400 7
2400 2460 7
2460 2520 7
2520 2580 7
2580 2640 7
2640 2700 7
2699 2759 7
2700 2699 7
2702 2701 7
2703 2702 7
2704 2703 7
2728 6328 7
2729 2728 7
2730 2729 7
2731 2730 7
2732 2731 7
2733 2732 7
2734 2733 7
2735 2734 7
2736 2735 7
2737 2736 7
2738 2737 7
2739 2738 7
2740 2739 7
2741 2740 7
2742 2741 7
2743 2742 7
2744 2743 7
2745 2744 7
2746 2745 7
2747 2746 7
2748 2747 7
2749 2748 7
2750 2749 7
2751 2750 7
2752 2751 7
2753 2752 7
2754 2753 7
2755 2754 7
2756 2755 7
2757 2756 7
2758 2757 7
2759 2758 7
6304 2704 7
6305 6304 7
6306 6305 7
6328 9928 7
9906 6306 7
9907 9906 7
9908 9907 7
9909 9908 7
9910 9909 7
9911 9910 7
9912 9911 7
9913 9912 7
9914 9913 7
9915 9914 7
9916 9915 7
9917 9916 7
9928 9927 7
9918 9917 7
9919 9918 7
9920 9919 7
9921 9920 7
9922 9921 7
9923 9922 7
9924 9923 7
9925 9924 7
9926 9925 7
9927 9926 7
 98  38 8
158  98 8
218 158 8
278 218 8
338 278 8
398 338 8
458 398 8
518 458 8
578 518 8
638 578 8
698 638 8
4298 698 8
4358 4298 8
4418 4358 8
4478 4418 8
4538 4478 8
4598 4538 8
4658 4598 8
4718 4658 8
4778 4718 8
4838 4778 8
4898 4838 8
4958 4898 8
5018 4958 8
5078 5018 8
5138 5078 8
5198 5138 8
5258 5198 8
5318 5258 8
5378 5318 8
1860 5460 8
5438 5378 8
5439 5438 8
5440 5439 8
5441 5440 8
5442 5441 8
5443 5442 8
5444 5443 8
5445 5444 8
5446 5445 8
5447 5446 8
5448 5447 8
5449 5448 8
5450 5449 8
5451 5450 8
5452 5451 8
5453 5452 8
5454 5453 8
5455 5454 8
5456 5455 8
5457 5456 8
5458 5457 8
5459 5458 8
5460 5459 8
5460 5520 8
5520 5580 8
5580 5640 8
5640 5700 8
5700 5760 8
5760 5820 8
5820 5880 8
5880 5940 8
5940 6000 8
6000 6060 8
6060 6120 8
6120 6180 8
6180 6240 8
6240 6300 8
2760 2820 8
6300 6360 8
2820 2880 8
6360 2760 8
2880 2940 8
2940 3000 8
3000 3060 8
3060 3120 8
3300 3360 9
3360 3420 9
 35  95 10
 95 3695 10
3695 3755 10
3755 3815 10
3815 3875 10
3875 3935 10
3935 3995 10
3995 4055 10
4055 4115 10
4115 4175 10
4175 4235 10
4235 4295 10
4295 4355 10
4355 4415 10
4415 4475 10
4475 4535 10
4535 4595 10
4595 4655 10
4655 4715 10
4715 4775 10
4775 4835 10
4835 4895 10
4895 4955 10
4955 5015 10
5015 5075 10
5075 5135 10
5135 5195 10
5195 5255 10
5255 5315 10
5315 5375 10
5375 5435 10
5435 5495 10
5495 5555 10
5555 5615 10
5615 5675 10
5675 5735 10
5735 5795 10
5795 5855 10
5855 5915 10
5915 5975 10
5975 6035 10
6035 6095 10
6095 6155 10
6155 6215 10
6215 6275 10
6275 6335 10
6335 6395 10
6395 6455 10
6455 6515 10
6515 6575 10
6575 6635 10
6635 6695 10
6695 6755 10
6755 6815 10
6815 6875 10
6875 6935 10
6935 6995 10
6995 7055 10
7055 7115 10
7115 7175 10
3585 3586 10
3586 3587 10
7175 7176 10
7176 7177 10
7177 7178 10
7178 7179 10
7179 7180 10
7180 7181 10
7181 7182 10
7182 7183 10
7183 7184 10
7184 7185 10
7185 3585 10
