# Cost: 1148

# Tail Head Net
 70 160 1
160 250 1
250 340 1
340 430 1
430 520 1
520 610 1
610 700 1
700 790 1
790 880 1
880 970 1
970 1060 1
1060 1150 1
1150 1240 1
1240 1330 1
1330 1420 1
1420 1510 1
1510 1600 1
1600 1690 1
1690 1780 1
1780 1870 1
1870 1960 1
1960 2050 1
2050 2140 1
2140 2230 1
2230 2320 1
2320 2410 1
2410 2500 1
2500 2590 1
2590 2680 1
2680 2770 1
2770 2860 1
2860 2950 1
2950 3040 1
3040 3130 1
3130 3220 1
3220 3310 1
3310 3400 1
3400 3490 1
3490 3580 1
3580 3670 1
3670 3760 1
3760 3850 1
3840 3930 1
3841 3840 1
3842 3841 1
3843 3842 1
3844 3843 1
3845 3844 1
3846 3845 1
3847 3846 1
3848 3847 1
3849 3848 1
3850 3849 1
3850 3851 1
3851 3852 1
3852 3853 1
3853 3854 1
3854 3855 1
3855 3856 1
3856 3857 1
3857 3858 1
3858 3859 1
3859 3860 1
3860 3861 1
3861 3862 1
3862 3863 1
3863 3864 1
3864 3865 1
3865 3866 1
3866 3867 1
3867 3868 1
3868 3869 1
3869 3870 1
3930 4020 1
4020 4110 1
4110 4200 1
4200 4290 1
4290 4380 1
4380 4470 1
4470 4560 1
4560 4650 1
4650 4740 1
4740 4830 1
4830 4920 1
4920 5010 1
5010 5100 1
5100 5190 1
5190 5280 1
5280 5370 1
5370 5460 1
5460 5550 1
5550 5640 1
5640 5730 1
5730 5820 1
5820 5910 1
5910 6000 1
6000 6090 1
6090 6180 1
6180 6270 1
6270 6360 1
6360 6450 1
6450 6540 1
6540 6630 1
6630 6720 1
6720 6810 1
6810 6900 1
6900 6990 1
6990 7080 1
7080 7170 1
7170 7260 1
7260 7350 1
7350 7440 1
7440 7530 1
7530 7620 1
7620 7710 1
7710 7800 1
7800 7890 1
7890 7980 1
7980 8070 1
8107   7 2
8108 8107 2
8109 8108 2
8110 8109 2
8111 8110 2
8112 8111 2
8113 8112 2
8114 8113 2
8115 8114 2
8116 8115 2
8117 8116 2
8118 8117 2
8119 8118 2
8120 8119 2
8121 8120 2
8122 8121 2
8123 8122 2
8124 8123 2
8125 8124 2
8126 8125 2
8127 8126 2
8128 8127 2
8129 8128 2
8130 8129 2
8131 8130 2
8132 8131 2
8133 8132 2
8134 8133 2
8135 8134 2
8136 8135 2
8137 8136 2
8138 8137 2
8139 8138 2
8140 8139 2
8141 8140 2
8142 8141 2
8143 8142 2
8144 8143 2
8145 8144 2
8146 8145 2
8147 8146 2
8148 8147 2
8149 8148 2
8150 8149 2
8151 8150 2
8152 8151 2
8153 8152 2
8154 8153 2
8155 8154 2
8156 8155 2
8157 8156 2
8158 8157 2
8159 8158 2
8160 8159 2
8161 8160 2
8162 8161 2
8163 8162 2
8164 8163 2
8165 8164 2
8166 8165 2
8167 8166 2
8168 8167 2
8169 8168 2
8170 8169 2
8171 8170 2
8172 8171 2
8173 8172 2
8174 8173 2
8175 8174 2
8176 8175 2
8177 8176 2
8178 8177 2
8179 8178 2
8180 8179 2
8181 8180 2
8182 8181 2
8183 8182 2
8184 8183 2
8185 8184 2
8186 8185 2
8187 8186 2
8188 8187 2
8189 8188 2
8190 8189 2
8280 8190 2
8370 8280 2
8460 8370 2
8550 8460 2
8640 8550 2
8730 8640 2
8820 8730 2
8910 8820 2
9000 8910 2
9090 9000 2
9180 9090 2
9270 9180 2
9360 9270 2
9450 9360 2
9540 9450 2
9630 9540 2
9720 9630 2
9810 9720 2
9900 9810 2
9990 9900 2
10080 9990 2
10170 10080 2
10260 10170 2
10350 10260 2
10440 10350 2
10530 10440 2
10620 10530 2
10710 10620 2
10800 10710 2
10890 10800 2
2970 11070 2
10980 10890 2
11070 10980 2
11070 11160 2
11160 11250 2
11250 11340 2
11340 11430 2
11430 11520 2
11520 11610 2
11610 11700 2
11700 11790 2
11790 11880 2
11880 11970 2
3960 4050 2
11970 12060 2
4050 4140 2
12060 3960 2
4140 4230 2
4230 4320 2
4320 4410 2
4410 4500 2
4500 4590 2
4590 4680 2
4680 4770 2
4770 4860 2
4860 4950 2
4950 5040 2
5040 5130 2
5130 5220 2
5220 5310 2
5310 5400 2
5400 5490 2
5490 5580 2
5580 5670 2
5670 5760 2
5760 5850 2
5850 5940 2
5940 6030 2
6030 6120 2
6120 6210 2
6210 6300 2
6300 6390 2
6390 6480 2
6480 6570 2
6570 6660 2
6660 6750 2
6750 6840 2
6840 6930 2
6930 7020 2
7020 7110 2
7110 7200 2
7200 7290 2
7290 7380 2
7380 7470 2
7470 7560 2
 14  15 3
 15  16 3
 16  17 3
 17  18 3
 18  19 3
 19  20 3
 20  21 3
 21  22 3
 22  23 3
 23 113 3
113 203 3
203 293 3
293 383 3
383 473 3
473 563 3
563 653 3
653 743 3
743 833 3
833 923 3
923 1013 3
1013 1103 3
1103 1193 3
1193 1283 3
1283 1373 3
1373 1463 3
1463 1553 3
1553 1643 3
1643 1733 3
1733 1823 3
1823 1913 3
1913 2003 3
2003 2093 3
2093 2183 3
2183 2273 3
2273 2363 3
2363 2453 3
2453 2543 3
2543 2633 3
2633 2723 3
2723 2813 3
2813 2814 3
2814 2815 3
2815 2905 3
2905 2995 3
2995 2996 3
2996 3086 3
3086 3087 3
3087 3088 3
3088 3089 3
3089 3090 3
3090 3091 3
3091 3092 3
3092 3093 3
3093 3094 3
3094 3095 3
3095 3096 3
3096 3097 3
3097 3098 3
3098 3099 3
3099 3100 3
3100 3101 3
3101 3102 3
3102 3103 3
3103 3104 3
3104 3105 3
3105 3106 3
3106 3107 3
3107 3108 3
3108 3109 3
3109 3110 3
3110 3111 3
3111 3112 3
3112 3113 3
3113 3114 3
3114 3115 3
3115 3116 3
3116 3117 3
3117 3118 3
3118 3119 3
3119 3120 3
3120 3121 3
3121 3122 3
3122 3123 3
3123 3124 3
3124 3125 3
3125 3126 3
3126 3127 3
3127 3128 3
3128 3218 3
3218 3219 3
3219 11319 3
11319 11320 3
11320 11410 3
11410 11411 3
11411 11412 3
11412 11413 3
11413 11414 3
11414 11415 3
11415 11416 3
11416 11417 3
11417 11418 3
11418 11419 3
11419 11420 3
11420 11421 3
11421 11422 3
3412 3413 3
11422 11512 3
3413 3414 3
3414 3415 3
3415 3416 3
3416 3417 3
3417 3418 3
3418 3419 3
3419 3420 3
11512 3412 3
2701 2611 4
2791 2701 4
2881 2791 4
2971 2881 4
3061 2971 4
3151 3061 4
3241 3151 4
3331 3241 4
3421 3331 4
3511 3421 4
3601 3511 4
3691 3601 4
3781 3691 4
3871 3781 4
3961 3871 4
4051 3961 4
4141 4051 4
4231 4141 4
4321 4231 4
4411 4321 4
4501 4411 4
4591 4501 4
4681 4591 4
4771 4681 4
4861 4771 4
4951 4861 4
5041 4951 4
5131 5041 4
128  38 5
8228 128 5
8318 8228 5
8408 8318 5
8498 8408 5
8588 8498 5
8678 8588 5
8768 8678 5
8858 8768 5
8947 8948 5
8948 8858 5
9037 8947 5
9127 9037 5
9217 9127 5
9307 9217 5
9397 9307 5
9487 9397 5
9577 9487 5
9667 9577 5
9757 9667 5
9847 9757 5
9937 9847 5
10027 9937 5
10117 10027 5
10207 10117 5
10297 10207 5
10387 10297 5
10477 10387 5
10566 10567 5
10567 10477 5
10656 10566 5
10746 10656 5
10836 10746 5
10926 10836 5
11016 10926 5
11106 11016 5
11196 11106 5
11286 11196 5
11376 11286 5
11466 11376 5
11555 11556 5
11556 11466 5
11645 11555 5
11735 11645 5
11825 11735 5
11915 11825 5
12005 11915 5
12094 12095 5
12095 12005 5
12184 12094 5
12274 12184 5
12364 12274 5
12453 12454 5
12454 12364 5
12543 12453 5
12633 12543 5
12722 12723 5
12723 12633 5
12812 12722 5
12902 12812 5
12991 12992 5
12992 12902 5
13081 12991 5
13170 13171 5
13171 13081 5
13260 13170 5
13348 13349 5
13349 13350 5
13350 13260 5
13438 13348 5
13528 13438 5
13618 13528 5
13708 13618 5
13797 13798 5
13798 13708 5
13887 13797 5
13976 13977 5
13977 13887 5
14066 13976 5
14156 14066 5
14246 14156 5
14336 14246 5
14426 14336 5
14515 14516 5
14516 14426 5
14592 14593 5
14593 14594 5
14594 14595 5
14595 14596 5
14596 14597 5
14597 14598 5
14598 14599 5
14599 14600 5
14600 14601 5
14601 14602 5
14602 14603 5
14603 14604 5
14604 14605 5
14605 14515 5
14681 14682 5
14682 14592 5
14768 14769 5
14769 14770 5
14770 14771 5
14771 14681 5
14858 14768 5
14947 14948 5
14948 14858 5
15036 15037 5
15037 14947 5
7111 15211 5
15123 15124 5
15124 15125 5
15125 15126 5
15126 15036 5
7201 7111 5
15211 15212 5
15212 15213 5
15213 15123 5
7291 7201 5
7381 7291 5
7471 7381 5
1079 1080 6
1080 990 6
9179 1079 6
9269 9179 6
9359 9269 6
9449 9359 6
9539 9449 6
9629 9539 6
9719 9629 6
9809 9719 6
9899 9809 6
9989 9899 6
10079 9989 6
10169 10079 6
10259 10169 6
10349 10259 6
10439 10349 6
10529 10439 6
10619 10529 6
10709 10619 6
10799 10709 6
10889 10799 6
10979 10889 6
11069 10979 6
11159 11069 6
11249 11159 6
11339 11249 6
11429 11339 6
11519 11429 6
11609 11519 6
11699 11609 6
11789 11699 6
11879 11789 6
11969 11879 6
12059 11969 6
12149 12059 6
12239 12149 6
12329 12239 6
12419 12329 6
12509 12419 6
12599 12509 6
12689 12599 6
12779 12689 6
12869 12779 6
12959 12869 6
13045 13046 6
13046 13047 6
13047 13048 6
13048 13049 6
13049 12959 6
13135 13045 6
13225 13135 6
13315 13225 6
13405 13315 6
13495 13405 6
13585 13495 6
13675 13585 6
13765 13675 6
13855 13765 6
13944 13945 6
13945 13855 6
14034 13944 6
14124 14034 6
14214 14124 6
14303 14304 6
14304 14214 6
14393 14303 6
14482 14483 6
14483 14393 6
14572 14482 6
14662 14572 6
14751 14752 6
14752 14662 6
14840 14841 6
14841 14751 6
14929 14930 6
14930 14840 6
15019 14929 6
15108 15109 6
15109 15019 6
15197 15198 6
15198 15108 6
15286 15287 6
15287 15197 6
15362 15363 6
15363 15364 6
15364 15365 6
15365 15366 6
15366 15367 6
15367 15368 6
15368 15369 6
15369 15370 6
15370 15371 6
15371 15372 6
15372 15373 6
15373 15374 6
15374 15375 6
15375 15376 6
15376 15286 6
15452 15362 6
15542 15452 6
15631 15632 6
15632 15542 6
15717 15718 6
15718 15719 6
15719 15720 6
15720 15721 6
15721 15631 6
15801 15802 6
15802 15803 6
15803 15804 6
15804 15805 6
15805 15806 6
15806 15807 6
15807 15717 6
15891 15801 6
15981 15891 6
8025 8024 6
8026 8025 6
8027 8026 6
8028 8027 6
8029 8028 6
8030 8029 6
8031 8030 6
8032 8031 6
8033 8032 6
8034 8033 6
8035 8034 6
8036 8035 6
8037 8036 6
8038 8037 6
8039 8038 6
8040 8039 6
8041 8040 6
8042 8041 6
8043 8042 6
8044 8043 6
8045 8044 6
8046 8045 6
8047 8046 6
8048 8047 6
8049 8048 6
8050 8049 6
8051 8050 6
8052 8051 6
8053 8052 6
8054 8053 6
8055 8054 6
8056 8055 6
8057 8056 6
8057 16157 6
16069 16070 6
16070 16071 6
16071 15981 6
16157 16158 6
16158 16159 6
16159 16069 6
179  89 7
269 179 7
359 269 7
449 359 7
539 449 7
629 539 7
719 629 7
809 719 7
899 809 7
988 989 7
989 899 7
1078 988 7
1168 1078 7
1258 1168 7
1348 1258 7
1438 1348 7
1528 1438 7
1618 1528 7
1708 1618 7
1798 1708 7
1888 1798 7
1978 1888 7
2068 1978 7
2158 2068 7
2248 2158 7
2338 2248 7
2428 2338 7
2518 2428 7
2608 2518 7
10708 2608 7
10798 10708 7
10888 10798 7
10978 10888 7
11068 10978 7
11158 11068 7
11248 11158 7
11338 11248 7
11428 11338 7
11518 11428 7
11608 11518 7
11698 11608 7
11788 11698 7
11878 11788 7
3958 12058 7
11968 11878 7
4048 3958 7
12058 11968 7
4138 4048 7
4228 4138 7
4318 4228 7
4408 4318 7
4498 4408 7
4588 4498 7
4678 4588 7
4768 4678 7
4858 4768 7
4948 4858 7
5038 4948 7
5128 5038 7
5218 5128 7
5308 5218 7
5398 5308 7
5488 5398 7
5578 5488 7
5668 5578 7
5758 5668 7
5759 5758 7
5849 5759 7
5939 5849 7
6029 5939 7
6119 6029 7
6209 6119 7
6299 6209 7
6389 6299 7
6479 6389 7
6569 6479 7
6659 6569 7
6749 6659 7
6839 6749 7
6929 6839 7
7019 6929 7
7109 7019 7
7199 7109 7
7289 7199 7
7379 7289 7
7469 7379 7
7559 7469 7
7649 7559 7
7739 7649 7
7829 7739 7
7830 7829 7
7920 7830 7
8010 7920 7
8100 8010 7
165 8265 8
 77 167 8
166 165 8
167 166 8
8262 16362 8
8263 8262 8
8264 8263 8
8265 8264 8
8461 361 8
8462 8461 8
16328 16418 8
16329 16328 8
16330 16329 8
16331 16330 8
16332 16331 8
16333 16332 8
16334 16333 8
16335 16334 8
16336 16335 8
16337 16336 8
16338 16337 8
16339 16338 8
16340 16339 8
16341 16340 8
16342 16341 8
16343 16342 8
16344 16343 8
16345 16344 8
16346 16345 8
16347 16346 8
16348 16347 8
16349 16348 8
16350 16349 8
16351 16350 8
16352 16351 8
16353 16352 8
16354 16353 8
16355 16354 8
16356 16355 8
16357 16356 8
16358 16357 8
16359 16358 8
16360 16359 8
16361 16360 8
16362 16361 8
16417 16507 8
16418 16417 8
16494 16584 8
16495 16494 8
16496 16495 8
16497 16496 8
16498 16497 8
16499 16498 8
16500 16499 8
16501 16500 8
16502 16501 8
16503 16502 8
16504 16503 8
16505 16504 8
16506 16505 8
16507 16506 8
16562 8462 8
16563 16562 8
16564 16563 8
16565 16564 8
16566 16565 8
16567 16566 8
16568 16567 8
16569 16568 8
16570 16569 8
16571 16570 8
16572 16571 8
16573 16572 8
16574 16573 8
16575 16574 8
16576 16575 8
16577 16576 8
16578 16577 8
16579 16578 8
16580 16579 8
16581 16580 8
16582 16581 8
16583 16582 8
16584 16583 8
 33 123 9
123 213 9
213 303 9
303 393 9
393 483 9
483 573 9
573 663 9
663 753 9
753 843 9
843 933 9
933 1023 9
1023 1113 9
1113 1203 9
1203 1293 9
1293 1383 9
1383 1473 9
1473 1563 9
1563 1653 9
1653 1743 9
1743 1833 9
1833 1923 9
1923 2013 9
2013 2103 9
2103 2193 9
2193 2283 9
2283 2373 9
2373 2463 9
2463 2553 9
2553 2643 9
2643 2733 9
2733 2823 9
2823 2913 9
2913 3003 9
3003 3004 9
3004 3005 9
3005 3006 9
3006 3007 9
3007 11107 9
11107 11197 9
11197 11287 9
11287 11377 9
11377 11467 9
11467 11557 9
11557 11647 9
11647 11737 9
11737 11827 9
11827 11917 9
11917 12007 9
12007 12097 9
12097 12187 9
12187 12277 9
12277 12367 9
12367 12457 9
12457 12547 9
12547 12637 9
12637 12727 9
12727 12817 9
12817 12907 9
12907 12997 9
12997 13087 9
13087 13177 9
13177 13267 9
13267 13357 9
13357 13447 9
13447 13537 9
13537 13627 9
13627 13717 9
13717 13807 9
13807 13897 9
13897 13987 9
13987 14077 9
14077 14167 9
14167 14257 9
14257 14347 9
14347 14437 9
14437 14527 9
14527 14617 9
14617 14707 9
14707 14797 9
14797 14887 9
14887 14977 9
14977 15067 9
15067 15157 9
15157 15247 9
15247 15337 9
15337 15427 9
15427 15517 9
7441 7531 9
15517 15518 9
15518 15519 9
15519 15520 9
15520 15521 9
15521 15522 9
15522 15523 9
15523 15524 9
15524 15525 9
15525 15526 9
15526 15527 9
15527 15528 9
15528 15529 9
15529 15530 9
15530 15531 9
15531 15532 9
15532 15533 9
15533 15534 9
15534 15535 9
15535 15536 9
15536 15537 9
15537 15538 9
15538 15539 9
15539 15540 9
15540 15541 9
7531 7621 9
15541 7441 9
7621 7711 9
7711 7801 9
7801 7891 9
7891 7981 9
7981 8071 9
8071 8072 9
8072 8073 9
8073 8074 9
8074 8075 9
8075 8076 9
8076 8077 9
8077 8078 9
8078 8079 9
8079 8080 9
8080 8081 9
8081 8082 9
8082 8083 9
8083 8084 9
8084 8085 9
8085 8086 9
8086 8087 9
8087 8088 9
8088 8089 9
8089 8090 9
8090 8091 9
8091 8092 9
 41  40 10
 42  41 10
 43  42 10
 44  43 10
 45  44 10
 46  45 10
 47  46 10
 48  47 10
 49  48 10
 50  49 10
 51  50 10
 52  51 10
 53  52 10
 54  53 10
 55  54 10
 56  55 10
 57  56 10
 58  57 10
 59  58 10
 60  59 10
 61  60 10
 62  61 10
 63  62 10
 64  63 10
 65  64 10
 66  65 10
 67  66 10
 68  67 10
 69  68 10
159  69 10
249 159 10
339 249 10
429 339 10
519 429 10
609 519 10
699 609 10
789 699 10
879 789 10
969 879 10
1059 969 10
1149 1059 10
1239 1149 10
1329 1239 10
1419 1329 10
1509 1419 10
1599 1509 10
1689 1599 10
1779 1689 10
1869 1779 10
1959 1869 10
2049 1959 10
2139 2049 10
2229 2139 10
2319 2229 10
2409 2319 10
2499 2409 10
2589 2499 10
2679 2589 10
2769 2679 10
2859 2769 10
2949 2859 10
3039 2949 10
3055 11155 10
3056 3055 10
3057 3056 10
3058 3057 10
3059 3058 10
3060 3059 10
11139 3039 10
11140 11139 10
11141 11140 10
11142 11141 10
11143 11142 10
11144 11143 10
11145 11144 10
11146 11145 10
11147 11146 10
11148 11147 10
11149 11148 10
11150 11149 10
11151 11150 10
11152 11151 10
11153 11152 10
11154 11153 10
11155 11154 10
  5   6 11
  6  96 11
 96  97 11
 97  98 11
 98  99 11
 99 100 11
100 101 11
101 102 11
102 103 11
103 104 11
104 105 11
105 106 11
106 107 11
107 108 11
108 109 11
109 110 11
110 111 11
111 112 11
112 8212 11
126  36 11
8212 8213 11
8213 8214 11
8214 8215 11
8215 8216 11
8216 8217 11
8217 8218 11
8218 8219 11
8219 8220 11
8220 8221 11
8221 8222 11
8222 8223 11
8223 8224 11
8224 8225 11
8225 8226 11
8226 126 11
