# Cost: 1604

# Tail Head Net
109 110 1
110 111 1
111 112 1
 13  14 1
112 113 1
 14  15 1
113  13 1
 15  16 1
 16  17 1
 17  18 1
 18  19 1
 19  20 1
 20  21 1
 21  22 1
 22  23 1
 23  24 1
 24  25 1
 25  26 1
 26  27 1
 27  28 1
 28  29 1
 29  30 1
 30  31 1
 31  32 1
 32  33 1
 33  34 1
 34  35 1
 35  36 1
 36  37 1
 37  38 1
 38  39 1
 39  40 1
201 202 1
202 203 1
203 204 1
204 205 1
205 206 1
206 207 1
207 208 1
208 209 1
209 109 1
301 201 1
401 301 1
501 401 1
601 501 1
701 601 1
801 701 1
6201 6301 2
6301 6401 2
6401 6501 2
6501 6601 2
6601 6701 2
6701 6801 2
6801 6901 2
6901 7001 2
7001 7101 2
7101 7201 2
7201 7301 2
7301 7401 2
7401 7501 2
7501 7601 2
7601 7701 2
7701 7801 2
7801 7901 2
7901 8001 2
8001 8101 2
8101 8201 2
8201 8301 2
8301 8401 2
8401 8501 2
8501 8601 2
8601 8701 2
8701 8801 2
8801 8901 2
8901 9001 2
9001 9101 2
9101 9201 2
9201 9301 2
9301 9401 2
9401 9501 2
9501 9601 2
9601 9701 2
9701 9801 2
9801 9901 2
9901 9902 2
9902 9903 2
9903 9904 2
9904 9905 2
9905 9906 2
9906 9907 2
9907 9908 2
9908 9909 2
9909 9910 2
9910 9911 2
9911 9912 2
9912 9913 2
9913 9914 2
9914 9915 2
9915 9916 2
9916 9917 2
9917 9918 2
9918 9919 2
9919 9920 2
9920 9921 2
9921 9922 2
9922 9923 2
9923 9924 2
9924 9925 2
9925 9926 2
9926 9927 2
9927 9928 2
9928 9929 2
9929 9930 2
9930 9931 2
9931 9932 2
9932 9933 2
9933 9934 2
9934 9935 2
9935 9936 2
9936 9937 2
9937 9938 2
9938 9939 2
9939 9940 2
9940 9941 2
9941 9942 2
9942 9943 2
9943 9944 2
1200 1100 3
1300 1200 3
1400 1300 3
1500 1400 3
1600 1500 3
1700 1600 3
1800 1700 3
1900 1800 3
2000 1900 3
2100 2000 3
2200 2100 3
2300 2200 3
2400 2300 3
2500 2400 3
2600 2500 3
2700 2600 3
2800 2700 3
2900 2800 3
3000 2900 3
3100 3000 3
3200 3100 3
3300 3200 3
3400 3300 3
3499 3500 3
3500 3400 3
3598 3599 3
3599 3499 3
3698 3598 3
3798 3698 3
3898 3798 3
3998 3898 3
4098 3998 3
4197 4198 3
4198 4098 3
4297 4197 3
4397 4297 3
4482 4483 3
4483 4484 3
4484 4485 3
4485 4486 3
4486 4487 3
4487 4488 3
4488 4489 3
4489 4490 3
4490 4491 3
4491 4492 3
4492 4493 3
4493 4494 3
4494 4495 3
4495 4496 3
4496 4497 3
4497 4397 3
4580 4581 3
4581 4582 3
4582 4482 3
4680 4580 3
4780 4680 3
4880 4780 3
4980 4880 3
5080 4980 3
5179 5180 3
5180 5080 3
5279 5179 3
5379 5279 3
5478 5479 3
5479 5379 3
5578 5478 3
5678 5578 3
5776 5777 3
5777 5778 3
5778 5678 3
5876 5776 3
5975 5976 3
5976 5876 3
6075 5975 3
6174 6175 3
6175 6075 3
6274 6174 3
6374 6274 3
6472 6473 3
6473 6474 3
6474 6374 3
6572 6472 3
6671 6672 3
6672 6572 3
6771 6671 3
6869 6870 3
6870 6871 3
6871 6771 3
6969 6869 3
7069 6969 3
7169 7069 3
7269 7169 3
7368 7369 3
7369 7269 3
7468 7368 3
7567 7568 3
7568 7468 3
7667 7567 3
7766 7767 3
7767 7667 3
7866 7766 3
7966 7866 3
8065 8066 3
8066 7966 3
8164 8165 3
8165 8065 3
8264 8164 3
8364 8264 3
8464 8364 3
8564 8464 3
8664 8564 3
8764 8664 3
8864 8764 3
8963 8964 3
8964 8864 3
9063 8963 3
9163 9063 3
9260 9261 3
9261 9262 3
9262 9263 3
9263 9163 3
9360 9260 3
9459 9460 3
9460 9360 3
9559 9459 3
9659 9559 3
9759 9659 3
9859 9759 3
9959 9859 3
 46  47 4
 47  48 4
 48  49 4
 49  50 4
 50  51 4
 51  52 4
 52  53 4
 53  54 4
 54  55 4
 55  56 4
 56  57 4
 57  58 4
 58  59 4
 59 10059 4
10059 10159 4
10159 10259 4
10259 10260 4
10260 10360 4
10360 10460 4
10460 10461 4
10461 10462 4
10462 10463 4
10463 10464 4
10464 10465 4
10465 10466 4
10466 10467 4
10467 10468 4
10468 10469 4
10469 10569 4
10569 10570 4
10570 10670 4
10670 10671 4
10671 10672 4
10672 10673 4
10673 10773 4
10773 10774 4
10774 10775 4
10775 10875 4
10875 10876 4
10876 10877 4
10877 10977 4
10977 10978 4
10978 11078 4
11078 11178 4
11178 11278 4
11278 11378 4
11378 11478 4
11478 11578 4
11578 11678 4
11678 11778 4
11778 11878 4
11878 11978 4
11978 12078 4
12078 12178 4
12178 12278 4
12278 12378 4
12378 12478 4
12478 12578 4
12578 12579 4
12579 12679 4
12679 12779 4
12779 12780 4
12780 12880 4
12880 12980 4
12980 13080 4
13080 13180 4
13180 13181 4
13181 13281 4
13281 13381 4
13381 13481 4
13481 13482 4
13482 13582 4
13582 13583 4
13583 13683 4
13683 13684 4
13684 13685 4
13685 13785 4
13785 13786 4
13786 13787 4
13787 13788 4
13788 13888 4
13888 13988 4
13988 14088 4
14088 14188 4
14188 14288 4
14288 14388 4
14388 14389 4
14389 14489 4
14489 14490 4
14490 14491 4
14491 14492 4
14492 14493 4
14493 14593 4
14593 14693 4
14693 14694 4
14694 14794 4
14794 14894 4
14894 14994 4
14994 15094 4
15094 15095 4
15095 15096 4
15096 15196 4
15196 15296 4
15296 15396 4
15396 15496 4
15496 15497 4
15497 15597 4
5598 5599 4
5599 5600 4
15597 15598 4
15598 5598 4
  7 107 5
107 10107 5
10107 10207 5
10207 10307 5
10307 10407 5
10407 10507 5
10507 10607 5
10607 10707 5
10707 10807 5
10807 10907 5
10907 11007 5
11007 11107 5
11107 11207 5
11207 11307 5
11307 11407 5
11407 11507 5
11507 11607 5
11607 11707 5
11707 11807 5
11807 11907 5
11907 12007 5
12007 12107 5
12107 12207 5
12207 12307 5
12307 12407 5
12407 12507 5
12507 12607 5
12607 12707 5
12707 12807 5
2902 2901 5
12807 12907 5
12902 2902 5
12903 12902 5
12904 12903 5
12905 12904 5
12906 12905 5
12907 12906 5
12907 13007 5
13007 13107 5
13107 13207 5
13207 13307 5
13307 13407 5
13407 13507 5
13507 13607 5
13607 13707 5
13707 13708 5
13708 13709 5
13709 13809 5
13809 13909 5
13909 14009 5
14009 14109 5
14109 14209 5
14209 14210 5
14210 14310 5
14310 14410 5
14410 14411 5
14411 14511 5
14511 14611 5
14611 14711 5
14711 14811 5
14811 14911 5
14911 15011 5
15011 15012 5
15012 15013 5
15013 15113 5
15113 15213 5
15213 15214 5
15214 15314 5
15314 15414 5
15414 15415 5
15415 15515 5
15515 15615 5
15615 15616 5
15616 15716 5
15716 15816 5
15816 15817 5
15817 15917 5
15917 16017 5
16017 16018 5
16018 16118 5
16118 16119 5
16119 16219 5
16219 16319 5
16319 16320 5
16320 16420 5
16420 16520 5
16520 16620 5
16620 16621 5
16621 16622 5
16622 16722 5
16722 16822 5
16822 16823 5
16823 16923 5
16923 17023 5
17023 17024 5
17024 17124 5
17124 17125 5
17125 17126 5
17126 17226 5
17226 17227 5
17227 17228 5
17228 17229 5
17229 17230 5
17230 17231 5
17231 17232 5
17232 17233 5
17233 17234 5
17234 17235 5
17235 17236 5
17236 17237 5
17237 17238 5
17238 17239 5
17239 17240 5
17240 17241 5
17241 17242 5
17242 17243 5
17243 17244 5
17244 17344 5
17344 17345 5
17345 17346 5
17346 17446 5
17446 17447 5
17447 17547 5
17547 17647 5
17647 17648 5
17648 17649 5
17649 17650 5
17650 17750 5
17750 17850 5
17850 17851 5
17851 17852 5
17852 17853 5
17853 17953 5
17953 18053 5
18053 18054 5
18054 18055 5
18055 18056 5
18056 18156 5
18156 18157 5
18157 18257 5
18257 18258 5
18258 18259 5
18259 18260 5
18260 18360 5
18360 18361 5
18361 18461 5
18461 18462 5
18462 18463 5
18463 18464 5
18464 18564 5
18564 18664 5
18664 18764 5
18764 18765 5
18765 18865 5
18865 18866 5
18866 18867 5
18867 18868 5
18868 18869 5
18869 18870 5
18870 18970 5
18970 19070 5
19070 19071 5
19071 19072 5
19072 19172 5
19172 19272 5
19272 19273 5
19273 19274 5
19274 19275 5
19275 19276 5
19276 19376 5
19376 19476 5
19476 19576 5
19576 19676 5
19676 19677 5
19677 19678 5
19678 19679 5
19679 19779 5
19779 19780 5
19780 19880 5
19880 19881 5
19881 19882 5
19882 19982 5
9983 9984 5
9984 9985 5
19982 19983 5
19983 9983 5
 97  96 6
10097  97 6
10197 10097 6
10297 10197 6
10397 10297 6
10497 10397 6
10597 10497 6
10697 10597 6
10797 10697 6
10897 10797 6
10997 10897 6
11097 10997 6
11197 11097 6
11297 11197 6
11298 11297 6
11398 11298 6
11498 11398 6
11598 11498 6
11698 11598 6
11798 11698 6
11898 11798 6
11998 11898 6
11999 11998 6
12000 11999 6
12100 12000 6
12200 12100 6
12300 12200 6
12400 12300 6
12500 12400 6
12600 12500 6
12700 12600 6
12800 12700 6
12900 12800 6
13000 12900 6
13100 13000 6
13200 13100 6
13300 13200 6
13400 13300 6
13500 13400 6
13600 13500 6
13700 13600 6
13800 13700 6
13900 13800 6
14000 13900 6
14100 14000 6
14200 14100 6
14300 14200 6
4500 14500 6
14400 14300 6
14500 14400 6
181  81 7
281 181 7
381 281 7
481 381 7
581 481 7
681 581 7
781 681 7
881 781 7
981 881 7
1081 981 7
1181 1081 7
1281 1181 7
1381 1281 7
1481 1381 7
1581 1481 7
1681 1581 7
1702 1701 7
1703 1702 7
1704 1703 7
1705 1704 7
1706 1705 7
1707 1706 7
1708 1707 7
1709 1708 7
1710 1709 7
1711 1710 7
1712 1711 7
1713 1712 7
1714 1713 7
1715 1714 7
1716 1715 7
1717 1716 7
1718 1717 7
1719 1718 7
1720 1719 7
1721 1720 7
1722 1721 7
1723 1722 7
1724 1723 7
1725 1724 7
1726 1725 7
1727 1726 7
1728 1727 7
1729 1728 7
1730 1729 7
1731 1730 7
1732 1731 7
1733 1732 7
1734 1733 7
1735 1734 7
1736 1735 7
1737 1736 7
1738 1737 7
1739 1738 7
1740 1739 7
1741 1740 7
1742 1741 7
1743 1742 7
1744 1743 7
1745 1744 7
1746 1745 7
1747 1746 7
1748 1747 7
1749 1748 7
1750 1749 7
1751 1750 7
1752 1751 7
1753 1752 7
1754 1753 7
1755 1754 7
1756 1755 7
1757 1756 7
1758 1757 7
1759 1758 7
1760 1759 7
1761 1760 7
1762 1761 7
1763 1762 7
1764 1763 7
1765 1764 7
1766 1765 7
1767 1766 7
1768 1767 7
1769 1768 7
1770 1769 7
1771 1770 7
1772 1771 7
1773 1772 7
1774 1773 7
1775 1774 7
1776 1775 7
1777 1776 7
1778 1777 7
1779 1778 7
1780 1779 7
1781 1681 7
1781 1780 7
1782 1781 7
1783 1782 7
1784 1783 7
1785 1784 7
1786 1785 7
1787 1786 7
1788 1787 7
1789 1788 7
1790 1789 7
1791 1790 7
1792 1791 7
1793 1792 7
1794 1793 7
11794 1794 7
11795 11794 7
11796 11795 7
11896 11796 7
11897 11896 7
11997 11897 7
12097 11997 7
12197 12097 7
12297 12197 7
12397 12297 7
12497 12397 7
12498 12497 7
12598 12498 7
12698 12598 7
12798 12698 7
12898 12798 7
12998 12898 7
13098 12998 7
13198 13098 7
13298 13198 7
13398 13298 7
13498 13398 7
13499 13498 7
13599 13499 7
13699 13599 7
13799 13699 7
13899 13799 7
13999 13899 7
14099 13999 7
14199 14099 7
14299 14199 7
14399 14299 7
14499 14399 7
14599 14499 7
14699 14599 7
14799 14699 7
14800 14799 7
14900 14800 7
15000 14900 7
15100 15000 7
15200 15100 7
15300 15200 7
15400 15300 7
15500 15400 7
15600 15500 7
15700 15600 7
15800 15700 7
15900 15800 7
16000 15900 7
16100 16000 7
16200 16100 7
16300 16200 7
16400 16300 7
16500 16400 7
16600 16500 7
16700 16600 7
16800 16700 7
16900 16800 7
17000 16900 7
17100 17000 7
17200 17100 7
17300 17200 7
17400 17300 7
17500 17400 7
17600 17500 7
17700 17600 7
17800 17700 7
17900 17800 7
18000 17900 7
18100 18000 7
18200 18100 7
8400 18400 7
18300 18200 7
8500 8400 7
18400 18300 7
8600 8500 7
3201 3202 8
3202 3203 8
3203 3204 8
3204 3205 8
3205 3206 8
3206 3207 8
3207 3208 8
3208 13208 8
13208 13209 8
13209 13210 8
13210 13211 8
13211 13212 8
13212 13213 8
13213 13214 8
13214 13215 8
13215 13216 8
13216 13217 8
13217 13218 8
13218 13219 8
13219 13220 8
13220 13221 8
13221 13222 8
13222 13223 8
13223 13224 8
13224 13225 8
13225 13226 8
13226 13227 8
13227 13228 8
13228 13229 8
13229 13230 8
13230 13231 8
13231 13232 8
13232 13233 8
13233 13234 8
13234 13235 8
13235 13236 8
13236 13237 8
13237 13238 8
13238 13239 8
13239 13240 8
13240 13241 8
13241 13242 8
13242 13243 8
13243 13244 8
13244 13245 8
13245 13246 8
13246 13247 8
13247 13248 8
13248 13249 8
13249 13250 8
13250 13251 8
13251 13252 8
13252 13352 8
13352 13452 8
13452 13552 8
13552 13553 8
13553 13653 8
13653 13654 8
13654 13655 8
13655 13656 8
13656 13657 8
13657 13658 8
13658 13659 8
13659 13660 8
13660 13661 8
13661 13662 8
13662 13663 8
13663 13664 8
13664 13665 8
13665 13666 8
13666 13667 8
13667 13668 8
13668 13669 8
13669 13670 8
13670 13671 8
13671 13672 8
13672 13673 8
13673 13674 8
13674 13675 8
13675 13676 8
13676 13677 8
13677 13678 8
13678 13679 8
13679 13680 8
13680 13681 8
13681 13682 8
13682 13782 8
13782 13783 8
13783 13784 8
13784 13884 8
13884 13885 8
13885 13886 8
13886 13887 8
13887 13987 8
13987 14087 8
14087 14187 8
14187 14287 8
14287 14387 8
14387 14487 8
14487 14587 8
14587 14588 8
14588 14589 8
14589 14590 8
14590 14591 8
14591 14592 8
14592 14692 8
14692 14792 8
14792 14793 8
14793 14893 8
14893 14993 8
14993 15093 8
15093 15193 8
15193 15194 8
15194 15195 8
15195 15295 8
15295 15395 8
15395 15495 8
15495 15595 8
15595 15695 8
15695 15696 8
15696 15796 8
15796 15896 8
15896 15897 8
15897 15997 8
15997 16097 8
16097 16197 8
16197 16198 8
16198 16298 8
16298 16299 8
16299 16399 8
16399 16499 8
6599 6600 8
16499 16599 8
6600 6700 8
16599 6599 8
3699 3700 9
3799 3699 9
3899 3799 9
3999 3899 9
4099 3999 9
4199 4099 9
4299 4199 9
4399 4299 9
4499 4399 9
4599 4499 9
4600 4599 9
4700 4600 9
4800 4700 9
4900 4800 9
5000 4900 9
5100 5000 9
12801 2801 10
12901 12801 10
13001 12901 10
13101 13001 10
13201 13101 10
13301 13201 10
3501 13501 10
13401 13301 10
3601 3501 10
13501 13401 10
3701 3601 10
3801 3701 10
3901 3801 10
4001 3901 10
4101 4001 10
4201 4101 10
4301 4201 10
4401 4301 10
4501 4401 10
4601 4501 10
4701 4601 10
4801 4701 10
4901 4801 10
5001 4901 10
5101 5001 10
5201 5101 10
5301 5201 10
5401 5301 10
5501 5401 10
5601 5501 10
5701 5601 10
5801 5701 10
102   2 11
10102 102 11
10202 10102 11
10203 10202 11
10303 10203 11
10403 10303 11
10503 10403 11
10603 10503 11
10703 10603 11
10803 10703 11
10903 10803 11
11003 10903 11
11103 11003 11
11203 11103 11
11303 11203 11
11403 11303 11
11503 11403 11
11603 11503 11
11703 11603 11
1804 11804 11
11704 11703 11
1805 1804 11
1806 1805 11
1807 1806 11
1808 1807 11
1809 1808 11
1810 1809 11
1811 1810 11
1812 1811 11
1813 1812 11
1814 1813 11
1815 1814 11
1816 1815 11
1817 1816 11
1818 1817 11
1819 1818 11
1820 1819 11
1821 1820 11
1822 1821 11
1823 1822 11
1824 1823 11
1825 1824 11
1826 1825 11
1827 1826 11
1828 1827 11
1829 1828 11
1830 1829 11
1831 1830 11
1832 1831 11
1833 1832 11
1834 1833 11
1835 1834 11
1836 1835 11
1837 1836 11
1838 1837 11
1839 1838 11
1840 1839 11
1841 1840 11
1842 1841 11
1843 1842 11
1844 1843 11
1845 1844 11
1846 1845 11
1847 1846 11
1848 1847 11
1849 1848 11
1850 1849 11
1851 1850 11
1852 1851 11
1853 1852 11
1854 1853 11
1855 1854 11
11804 11704 11
1955 1855 11
1956 1955 11
2056 1956 11
2156 2056 11
2157 2156 11
2158 2157 11
2159 2158 11
2160 2159 11
2161 2160 11
2162 2161 11
2163 2162 11
2164 2163 11
2165 2164 11
2166 2165 11
2167 2166 11
2168 2167 11
2169 2168 11
2170 2169 11
2171 2170 11
2172 2171 11
2173 2172 11
2174 2173 11
2175 2174 11
2176 2175 11
2276 2176 11
2376 2276 11
2476 2376 11
2576 2476 11
2676 2576 11
2776 2676 11
2876 2776 11
2976 2876 11
3076 2976 11
3176 3076 11
3276 3176 11
3376 3276 11
3476 3376 11
3576 3476 11
3676 3576 11
3677 3676 11
3678 3677 11
3679 3678 11
3680 3679 11
3780 3680 11
3880 3780 11
3980 3880 11
4080 3980 11
4180 4080 11
4280 4180 11
4380 4280 11
4480 4380 11
14480 4480 11
14580 14480 11
14680 14580 11
14780 14680 11
14880 14780 11
14980 14880 11
15080 14980 11
5280 15280 11
15180 15080 11
5380 5280 11
15280 15180 11
5480 5380 11
5580 5480 11
5680 5580 11
5780 5680 11
5880 5780 11
5980 5880 11
6080 5980 11
6180 6080 11
6280 6180 11
6380 6280 11
6480 6380 11
6580 6480 11
6680 6580 11
6780 6680 11
6880 6780 11
6980 6880 11
7080 6980 11
7180 7080 11
7280 7180 11
7380 7280 11
7480 7380 11
7580 7480 11
7680 7580 11
7780 7680 11
7880 7780 11
7980 7880 11
8080 7980 11
8180 8080 11
8280 8180 11
8380 8280 11
8480 8380 11
8580 8480 11
8680 8580 11
8780 8680 11
8880 8780 11
8980 8880 11
9080 8980 11
9180 9080 11
9280 9180 11
9380 9280 11
9480 9380 11
9580 9480 11
9680 9580 11
9780 9680 11
9880 9780 11
9980 9880 11
1301 1401 12
1401 1501 12
1501 1601 12
1601 1602 12
1602 1603 12
1603 1604 12
1604 1605 12
1605 1606 12
1606 1607 12
1607 1608 12
1608 1609 12
1609 1610 12
1610 1611 12
1611 1612 12
1612 1613 12
1613 1614 12
1614 1615 12
1615 1616 12
1616 1617 12
1617 1618 12
1618 1619 12
1619 1620 12
1620 1621 12
1621 1622 12
1622 1623 12
1623 1624 12
1624 1625 12
1625 1626 12
1626 1627 12
1627 1628 12
1628 1629 12
1629 1630 12
1630 1631 12
1631 1632 12
1632 1633 12
1633 1634 12
1634 1635 12
1635 1636 12
1636 1637 12
1637 1638 12
1638 1639 12
1639 1640 12
1640 1641 12
1641 1642 12
1642 1643 12
1643 1644 12
1644 1645 12
1645 1646 12
1646 1647 12
1647 1648 12
1648 1649 12
1649 1650 12
1650 1651 12
1651 1652 12
1652 1653 12
1653 1654 12
1654 1655 12
1655 1656 12
1656 1657 12
1657 1658 12
1658 1659 12
1659 1660 12
1660 1661 12
1661 1662 12
1662 1663 12
1663 1664 12
1664 1665 12
1665 1666 12
1666 1667 12
1667 1668 12
1668 1669 12
1669 1670 12
1670 1671 12
1671 1672 12
1672 1673 12
1673 1674 12
1674 1675 12
1675 1676 12
1676 1677 12
1677 1678 12
1678 1679 12
1679 1680 12
1680 11680 12
11680 11681 12
11681 11781 12
11781 11782 12
11782 11783 12
11783 11784 12
11784 11785 12
11785 11786 12
11786 11787 12
11787 11788 12
11788 11789 12
11789 11790 12
11790 11890 12
11890 11990 12
11990 11991 12
11991 12091 12
12091 12191 12
12191 12291 12
12291 12391 12
12391 12491 12
12491 12591 12
12591 12691 12
12691 12791 12
12791 12891 12
12891 12991 12
12991 13091 12
13091 13191 12
13191 13291 12
13291 13391 12
13391 13491 12
13491 13591 12
13591 13691 12
13691 13791 12
13791 13891 12
13891 13991 12
13991 14091 12
14091 14191 12
14191 14291 12
14291 14292 12
14292 14293 12
14293 14294 12
14294 14295 12
14295 14395 12
14395 14495 12
14495 14595 12
14595 14695 12
14695 14795 12
14795 14895 12
4995 5095 12
14895 14995 12
5095 5195 12
14995 4995 12
5195 5295 12
5295 5395 12
5395 5495 12
5495 5595 12
5595 5695 12
5695 5795 12
5795 5895 12
5895 5995 12
5995 6095 12
6095 6195 12
6195 6295 12
6295 6395 12
6395 6495 12
6495 6595 12
6595 6695 12
6695 6795 12
6795 6796 12
6796 6797 12
6797 6798 12
6798 6799 12
6799 6800 12
6800 6900 12
10063  63 13
10163 10063 13
10263 10163 13
10363 10263 13
10364 10363 13
10365 10364 13
10366 10365 13
10367 10366 13
10368 10367 13
10369 10368 13
10370 10369 13
10470 10370 13
10471 10470 13
10571 10471 13
10572 10571 13
10573 10572 13
10574 10573 13
10674 10574 13
10675 10674 13
10676 10675 13
10776 10676 13
10777 10776 13
10778 10777 13
10878 10778 13
10879 10878 13
10979 10879 13
11079 10979 13
11179 11079 13
11279 11179 13
11379 11279 13
11479 11379 13
11579 11479 13
11679 11579 13
11779 11679 13
11879 11779 13
11979 11879 13
12079 11979 13
12179 12079 13
12279 12179 13
12379 12279 13
12479 12379 13
12480 12479 13
12580 12480 13
12680 12580 13
12681 12680 13
12781 12681 13
12881 12781 13
12981 12881 13
13081 12981 13
13082 13081 13
13182 13082 13
13282 13182 13
13382 13282 13
13383 13382 13
13483 13383 13
13484 13483 13
13584 13484 13
13585 13584 13
13586 13585 13
13686 13586 13
13687 13686 13
13688 13687 13
13689 13688 13
13789 13689 13
13889 13789 13
13989 13889 13
14089 13989 13
14189 14089 13
14289 14189 13
14290 14289 13
14390 14290 13
14391 14390 13
14392 14391 13
14393 14392 13
14394 14393 13
4594 14594 13
14494 14394 13
4694 4594 13
14594 14494 13
4794 4694 13
4894 4794 13
4994 4894 13
5094 4994 13
5194 5094 13
5294 5194 13
5394 5294 13
5494 5394 13
5594 5494 13
5694 5594 13
5794 5694 13
5894 5794 13
5994 5894 13
6094 5994 13
6194 6094 13
6294 6194 13
6394 6294 13
6494 6394 13
6594 6494 13
6694 6594 13
6794 6694 13
6894 6794 13
6994 6894 13
7094 6994 13
7194 7094 13
7294 7194 13
7394 7294 13
7494 7394 13
7495 7494 13
7595 7495 13
7695 7595 13
7795 7695 13
7895 7795 13
7995 7895 13
8095 7995 13
8195 8095 13
8295 8195 13
8395 8295 13
8495 8395 13
8595 8495 13
8695 8595 13
8795 8695 13
8895 8795 13
8995 8895 13
9095 8995 13
9195 9095 13
9295 9195 13
9395 9295 13
9396 9395 13
9496 9396 13
9596 9496 13
9597 9596 13
9598 9597 13
9599 9598 13
9600 9599 13
9700 9600 13
9800 9700 13
 80  79 14
10080  80 14
 82 10082 14
10081 10080 14
 83  82 14
10082 10081 14
 84  83 14
 85  84 14
 86  85 14
 87  86 14
 88  87 14
 89  88 14
 90  89 14
 91  90 14
 92  91 14
 93  92 14
 94  93 14
 95  94 14
9979 19979 15
9981 9982 15
19979 19980 15
19980 19981 15
19981 9981 15
600 700 16
700 800 16
800 900 16
900 1000 16
999 1099 16
1000 999 16
1099 1199 16
1199 1299 16
1299 1399 16
1399 1499 16
1499 1599 16
1599 1699 16
1699 1799 16
1799 1899 16
1899 1999 16
1999 2099 16
2099 2199 16
2199 2299 16
2299 2399 16
2399 2499 16
2499 2599 16
2599 2699 16
2699 2799 16
2799 2899 16
2899 2999 16
2999 3099 16
3099 3199 16
3199 3299 16
3299 3399 16
3398 3498 16
3399 3398 16
3497 3597 16
3498 3497 16
3597 3697 16
3697 3797 16
3797 3897 16
3897 3997 16
3997 4097 16
4096 4196 16
4097 4096 16
4196 4296 16
4296 4396 16
4381 4481 16
4382 4381 16
4383 4382 16
4384 4383 16
4385 4384 16
4386 4385 16
4387 4386 16
4388 4387 16
4389 4388 16
4390 4389 16
4391 4390 16
4392 4391 16
4393 4392 16
4394 4393 16
4395 4394 16
4396 4395 16
4481 14481 16
14481 14581 16
14581 14681 16
14681 14781 16
14781 14881 16
14881 14981 16
14981 15081 16
15081 15181 16
15181 15281 16
15281 15381 16
15379 15479 16
15380 15379 16
15381 15380 16
15478 15578 16
15479 15478 16
15578 15678 16
15678 15778 16
15776 15876 16
15777 15776 16
15778 15777 16
15876 15976 16
15975 16075 16
15976 15975 16
16075 16175 16
16174 16274 16
16175 16174 16
16274 16374 16
16374 16474 16
16472 16572 16
16473 16472 16
16474 16473 16
16572 16672 16
16671 16771 16
16672 16671 16
16771 16871 16
16869 16969 16
16870 16869 16
16871 16870 16
16969 17069 16
17069 17169 16
17169 17269 16
17269 17369 16
17368 17468 16
17369 17368 16
17468 17568 16
17567 17667 16
17568 17567 16
17667 17767 16
17767 17867 16
17867 17967 16
17967 18067 16
18067 18167 16
18167 18267 16
18267 18367 16
18367 18467 16
18467 18567 16
18567 18667 16
8766 8866 16
18667 18767 16
8866 8966 16
18766 8766 16
18767 18766 16
8966 9066 16
9066 9166 16
9166 9266 16
9266 9366 16
9366 9466 16
9466 9566 16
9565 9665 16
9566 9565 16
9663 9763 16
9664 9663 16
9665 9664 16
9763 9863 16
9863 9963 16
9962 9961 16
9963 9962 16
