# Cost: 2249

# Tail Head Net
2096 2097 1
2097 2098 1
2098 2099 1
2099 2100 1
2194 2195 1
2195 2196 1
2196 2096 1
2294 2194 1
2390 2391 1
2391 2392 1
2392 2393 1
2393 2394 1
2394 2294 1
2476 2477 1
2477 2478 1
2478 2479 1
2479 2480 1
2480 2481 1
2481 2482 1
2482 2483 1
2483 2484 1
2484 2485 1
2485 2486 1
2486 2487 1
2487 2488 1
2488 2489 1
2489 2490 1
2490 2390 1
2572 2573 1
2573 2574 1
2574 2575 1
2575 2576 1
2576 2476 1
2671 2672 1
2672 2572 1
2771 2671 1
2870 2871 1
2871 2771 1
2970 2870 1
3064 3065 1
3065 3066 1
3066 3067 1
3067 3068 1
3068 3069 1
3069 3070 1
3070 2970 1
3164 3064 1
3254 3255 1
3255 3256 1
3256 3257 1
3257 3258 1
3258 3259 1
3259 3260 1
3260 3261 1
3261 3262 1
3262 3263 1
3263 3264 1
3264 3164 1
3353 3354 1
3354 3254 1
3439 3440 1
3440 3441 1
3441 3442 1
3442 3443 1
3443 3444 1
3444 3445 1
3445 3446 1
3446 3447 1
3447 3448 1
3448 3449 1
3449 3450 1
3450 3451 1
3451 3452 1
3452 3453 1
3453 3353 1
3533 3534 1
3534 3535 1
3535 3536 1
3536 3537 1
3537 3538 1
3538 3539 1
3539 3439 1
3630 3631 1
3631 3632 1
3632 3633 1
3633 3533 1
3729 3730 1
3730 3630 1
3823 3824 1
3824 3825 1
3825 3826 1
3826 3827 1
3827 3828 1
3828 3829 1
3829 3729 1
3921 3922 1
3922 3923 1
3923 3823 1
4017 4018 1
4018 4019 1
4019 4020 1
4020 4021 1
4021 3921 1
4115 4116 1
4116 4117 1
4117 4017 1
4215 4115 1
4312 4313 1
4313 4314 1
4314 4315 1
4315 4215 1
4412 4312 1
4512 4412 1
4610 4611 1
4611 4612 1
4612 4512 1
4705 4706 1
4706 4707 1
4707 4708 1
4708 4709 1
4709 4710 1
4710 4610 1
4805 4705 1
4905 4805 1
5005 4905 1
5101 5102 1
5101 5201 1
5102 5103 1
5103 5104 1
5104 5105 1
5105 5005 1
5201 5301 1
5301 5401 1
5401 5501 1
5501 5601 1
5601 5701 1
5701 5801 1
5801 5901 1
5901 6001 1
6001 6101 1
6101 6201 1
6201 6301 1
6301 6401 1
6401 6501 1
6501 6601 1
6601 6701 1
6701 6801 1
6801 6901 1
6901 7001 1
7001 7101 1
7101 7102 1
7102 7103 1
7103 7104 1
7104 7105 1
7105 7205 1
7205 7206 1
7206 7207 1
7207 7208 1
7208 7209 1
7209 7210 1
7210 7211 1
7211 7212 1
7212 7213 1
7213 7214 1
7214 7215 1
7215 7216 1
7216 7217 1
7217 7218 1
7218 7219 1
7219 7220 1
7220 7221 1
7221 7222 1
7222 7223 1
7222 7322 1
7223 7224 1
7224 7225 1
7225 7226 1
7226 7227 1
7227 7228 1
7228 7229 1
7229 7230 1
7230 7231 1
7231 7232 1
7232 7233 1
7233 7234 1
7234 7235 1
7235 7236 1
7236 7237 1
7237 7238 1
7238 7239 1
7239 7240 1
7240 7241 1
7241 7242 1
7242 7243 1
7243 7244 1
7244 7245 1
7245 7246 1
7246 7247 1
7247 7248 1
7248 7249 1
7249 7250 1
7250 7251 1
7251 7252 1
7252 7253 1
7253 7254 1
7254 7255 1
7255 7256 1
7256 7257 1
7257 7258 1
7258 7259 1
7259 7260 1
7260 7261 1
7261 7262 1
7262 7263 1
7263 7264 1
7264 7265 1
7265 7266 1
7266 7267 1
7267 7268 1
7268 7269 1
7269 7270 1
7270 7271 1
7271 7272 1
7272 7273 1
7273 7274 1
7274 7275 1
7275 7276 1
7276 7277 1
7277 7278 1
7278 7279 1
7279 7280 1
7280 7281 1
7281 7282 1
7282 7283 1
7283 7284 1
7284 7285 1
7285 7286 1
7286 7287 1
7287 7288 1
7288 7289 1
7289 7290 1
7290 7291 1
7291 7292 1
7292 7293 1
7293 7294 1
7294 7295 1
7295 7296 1
7296 7297 1
7297 7298 1
7298 7299 1
7299 7300 1
7299 7399 1
7322 7422 1
7399 7400 1
7400 7500 1
7422 7522 1
7500 7600 1
7522 7622 1
7599 7699 1
7600 7599 1
7600 7700 1
7622 7722 1
7699 7799 1
7700 7800 1
7722 7822 1
7799 7899 1
7800 7900 1
7822 7922 1
7899 7999 1
7900 8000 1
7922 7923 1
7923 8023 1
7999 8099 1
8000 8100 1
8023 8123 1
8099 8199 1
8100 8200 1
8123 8223 1
8199 8299 1
8223 8323 1
8297 8397 1
8298 8297 1
8299 8298 1
8323 8423 1
8396 8496 1
8397 8396 1
8423 8523 1
8496 8596 1
8523 8623 1
8596 8696 1
8623 8723 1
8696 8796 1
8723 8823 1
8796 8896 1
8823 8923 1
8896 8996 1
8923 9023 1
8996 9096 1
9023 9123 1
9096 9196 1
9123 9223 1
9196 9296 1
9223 9323 1
9296 9396 1
9323 9423 1
9396 9496 1
9423 9523 1
9496 9596 1
9523 9623 1
9596 9696 1
9623 9723 1
9696 9796 1
9723 9823 1
9795 9895 1
9796 9795 1
9823 9824 1
9824 9924 1
9895 9995 1
114  14 2
 50  51 2
 51  52 2
150  50 2
 52  53 2
214 114 2
249 250 2
250 150 2
314 214 2
348 349 2
349 249 2
414 314 2
448 348 2
514 414 2
548 448 2
614 514 2
647 648 2
648 548 2
714 614 2
747 647 2
814 714 2
847 747 2
914 814 2
947 847 2
1014 914 2
1047 947 2
1114 1014 2
1147 1047 2
1214 1114 2
1247 1147 2
1314 1214 2
1347 1247 2
1414 1314 2
1447 1347 2
1514 1414 2
1547 1447 2
1614 1514 2
1647 1547 2
1714 1614 2
1743 1744 2
1744 1745 2
1745 1746 2
1746 1747 2
1747 1647 2
1814 1714 2
1843 1743 2
1914 1814 2
1943 1843 2
2014 1914 2
2043 1943 2
2114 2014 2
2143 2043 2
2214 2114 2
2242 2243 2
2243 2143 2
2314 2214 2
2342 2242 2
2414 2314 2
2442 2342 2
2491 2492 2
2492 2493 2
2493 2494 2
2494 2495 2
2495 2496 2
2496 2497 2
2497 2498 2
2498 2499 2
2499 2500 2
12403 12404 2
12404 12405 2
12405 12406 2
12406 12407 2
12407 12408 2
12408 12409 2
12409 12410 2
12410 12411 2
12411 12412 2
12412 12413 2
12413 12414 2
12414 2414 2
12414 12415 2
12415 12416 2
12416 12417 2
12417 12418 2
12418 12419 2
12419 12420 2
12420 12421 2
12421 12422 2
12422 12423 2
12423 12424 2
12424 12425 2
12425 12426 2
12426 12427 2
12427 12428 2
12428 12429 2
12429 12430 2
12430 12431 2
12431 12432 2
12432 12433 2
12433 12434 2
12434 12435 2
12435 12436 2
12436 12437 2
12437 12438 2
12438 12439 2
12439 12440 2
12440 12441 2
12441 12442 2
12442 2442 2
12442 12443 2
12443 12444 2
12444 12445 2
12445 12446 2
12446 12447 2
12447 12448 2
12448 12449 2
12449 12450 2
12450 12451 2
12451 12452 2
12452 12453 2
12453 12454 2
12454 12455 2
12455 12456 2
12456 12457 2
12457 12458 2
12458 12459 2
12459 12460 2
12460 12461 2
12461 12462 2
12462 12463 2
12463 12464 2
12464 12465 2
12465 12466 2
12466 12467 2
12467 12468 2
12468 12469 2
12469 12470 2
12470 12471 2
12471 12472 2
12472 12473 2
12473 12474 2
12474 12475 2
12475 12476 2
12476 12477 2
12477 12478 2
12478 12479 2
12479 12480 2
12480 12481 2
12481 12482 2
12482 12483 2
12483 12484 2
12484 12485 2
12485 12486 2
12486 12487 2
12487 12488 2
12488 12489 2
12489 12490 2
12490 12491 2
12491 2491 2
12502 12503 2
12503 12403 2
12601 12602 2
12602 12502 2
12701 12601 2
12801 12701 2
12901 12801 2
13001 12901 2
13101 13001 2
13201 13101 2
13301 13201 2
13401 13301 2
13501 13401 2
13601 13501 2
13701 13601 2
13801 13701 2
13901 13801 2
14001 13901 2
14101 14001 2
14201 14101 2
14301 4301 2
14301 14201 2
14401 14301 2
14501 14401 2
14601 14501 2
14701 14601 2
14801 14701 2
14901 14801 2
15001 14901 2
15101 15001 2
15201 15101 2
15301 15201 2
15401 15301 2
15501 15401 2
15601 15501 2
15701 15601 2
15801 15701 2
15901 15801 2
16001 15901 2
16101 16001 2
16201 16101 2
16301 16201 2
16401 16301 2
16501 16401 2
16601 16501 2
16701 16601 2
16801 16701 2
16901 16801 2
17001 16901 2
17101 17001 2
17201 17101 2
17301 17201 2
17401 17301 2
17501 17401 2
17601 17501 2
17701 17601 2
17801 17701 2
17901 17801 2
18001 17901 2
8201 18201 2
18101 18001 2
8301 8201 2
18201 18101 2
8401 8301 2
8501 8401 2
8601 8501 2
8701 8601 2
8801 8701 2
8901 8801 2
9001 8901 2
9101 9001 2
9201 9101 2
9301 9201 2
9401 9301 2
9501 9401 2
 42 142 3
 43  42 3
142 242 3
 44  43 3
 45  44 3
 45 10045 3
10045 10046 3
10046 10047 3
10047 10048 3
10048 10049 3
10049 10050 3
10050 10051 3
10051 10052 3
10052 10053 3
10053 10054 3
10054 10055 3
10055 10056 3
10056 10057 3
10057 10058 3
10058 10059 3
10059 10060 3
10060 10061 3
10061 10062 3
10062 10063 3
10063 10064 3
10064 10065 3
10065 10066 3
10066 10067 3
10067 10068 3
10068 10069 3
10069 10070 3
10070 10071 3
10071 10072 3
10072 10073 3
10073 10074 3
10074 10075 3
10075 10076 3
10076 10077 3
10077 10078 3
10078 10079 3
10079 10080 3
10080 10081 3
10081 10082 3
10082 10083 3
10083 10084 3
10084 10085 3
10085 10185 3
241 341 3
242 241 3
10185 10186 3
10186 10286 3
341 441 3
10286 10287 3
10287 10288 3
10288 10388 3
440 540 3
441 440 3
10388 10488 3
539 639 3
540 539 3
10488 10489 3
10489 10589 3
638 738 3
639 638 3
10589 10590 3
10590 10591 3
10591 10691 3
738 838 3
10691 10791 3
838 938 3
10791 10891 3
937 1037 3
938 937 3
10891 10991 3
1037 1137 3
10991 11091 3
1137 1237 3
11091 11191 3
1237 1337 3
11191 11192 3
11192 11193 3
11193 11194 3
11193 11293 3
11194 11195 3
11195 11295 3
1337 1437 3
11293 11393 3
11295 11395 3
1434 1534 3
1435 1434 3
1436 1435 3
1437 1436 3
11393 11493 3
11395 11396 3
11396 11496 3
1534 1634 3
11493 11593 3
11496 11596 3
1634 1734 3
11593 11693 3
11596 11696 3
1734 1834 3
11693 11793 3
11696 11796 3
1833 1933 3
1834 1833 3
11793 11893 3
11796 11896 3
1933 2033 3
11893 11993 3
11896 11996 3
2033 2133 3
11993 12093 3
11996 12096 3
2130 2230 3
2131 2130 3
2132 2131 3
2133 2132 3
12093 12193 3
12096 12196 3
2230 2330 3
12193 12293 3
12196 12296 3
2330 2430 3
12293 12393 3
12296 12396 3
2424 2524 3
2425 2424 3
2426 2425 3
2427 2426 3
2428 2427 3
2429 2428 3
2430 2429 3
12393 12394 3
12394 12395 3
12395 12495 3
12396 12397 3
12397 12497 3
2524 2624 3
12495 12496 3
12496 12596 3
2597 2598 3
12497 12498 3
2598 2599 3
12498 12598 3
2599 2600 3
2624 2724 3
12596 12597 3
12597 2597 3
12598 12698 3
2724 2824 3
12698 12798 3
2824 2924 3
12798 12898 3
2924 3024 3
12898 12998 3
3024 3124 3
12998 13098 3
3124 13124 3
13098 13198 3
13124 13224 3
13198 13298 3
13223 13323 3
13224 13223 3
13298 13398 3
13323 13423 3
13398 13498 3
13423 13523 3
13498 13598 3
13523 13623 3
13598 13698 3
13622 13722 3
13623 13622 3
13698 13699 3
13699 13799 3
13722 13822 3
13799 13899 3
13822 13922 3
13899 13999 3
13922 14022 3
13999 14099 3
14022 14122 3
14099 14199 3
14122 14222 3
14199 14299 3
14222 14322 3
14299 14399 3
14322 14422 3
14399 14499 3
14422 14522 3
14499 14599 3
14522 14622 3
14599 14699 3
14622 14722 3
14699 14799 3
14722 14822 3
14799 14899 3
14822 14922 3
14899 14999 3
14922 15022 3
14999 15099 3
15019 15119 3
15020 15019 3
15021 15020 3
15022 15021 3
15099 15199 3
15108 15208 3
15109 15108 3
15110 15109 3
15111 15110 3
15112 15111 3
15113 15112 3
15114 15113 3
15115 15114 3
15116 15115 3
15117 15116 3
15118 15117 3
15119 15118 3
15199 15299 3
15208 15308 3
15299 15399 3
15308 15408 3
15399 15499 3
15408 15508 3
15499 15599 3
15508 15608 3
15599 15699 3
15608 15708 3
15699 15799 3
15708 15808 3
5899 5999 3
15799 15899 3
15808 15908 3
5999 6099 3
15899 5899 3
15908 16008 3
6099 6100 3
6099 6199 3
6100 6200 3
16008 16108 3
6199 6299 3
16108 16208 3
6299 6300 3
6300 6400 3
16208 16308 3
16308 16408 3
16408 16508 3
16507 16607 3
16508 16507 3
16607 16707 3
16706 16806 3
16707 16706 3
16806 16906 3
16906 17006 3
17005 17105 3
17006 17005 3
17105 17205 3
17205 17305 3
17305 17405 3
17405 17505 3
17505 17605 3
17605 17705 3
17705 17805 3
17805 17905 3
17905 18005 3
18005 18105 3
18105 18205 3
18205 18305 3
18305 18405 3
18405 18505 3
18505 18605 3
18605 18705 3
18705 18805 3
18805 18905 3
18905 19005 3
19005 19105 3
19105 19205 3
19205 19305 3
19305 19405 3
9504 9604 3
19405 19505 3
9604 9704 3
19504 9504 3
19505 19504 3
9704 9804 3
9801 9901 3
9802 9801 3
9803 9802 3
9804 9803 3
2101 2001 4
2201 2101 4
2301 2201 4
2401 2301 4
2501 2401 4
2601 2501 4
2701 2601 4
2801 2701 4
2901 2801 4
3001 2901 4
3101 3001 4
3201 3101 4
3301 3201 4
3401 3301 4
3501 3401 4
3601 3501 4
3602 3601 4
3702 3602 4
3702 3701 4
3703 3702 4
3704 3703 4
3705 3704 4
3706 3705 4
3707 3706 4
3708 3707 4
3709 3708 4
3710 3709 4
3711 3710 4
3712 3711 4
3713 3712 4
3714 3713 4
3715 3714 4
3716 3715 4
3717 3716 4
3718 3717 4
3719 3718 4
3720 3719 4
3721 3720 4
3722 3721 4
3723 3722 4
13723 3723 4
13823 13723 4
13923 13823 4
13924 13923 4
13925 13924 4
13926 13925 4
14026 13926 4
4130 14130 4
4131 4130 4
4132 4131 4
4133 4132 4
4134 4133 4
4135 4134 4
4136 4135 4
4137 4136 4
14126 14026 4
14127 14126 4
14128 14127 4
14129 14128 4
14130 14129 4
4237 4137 4
4238 4237 4
4239 4238 4
4240 4239 4
4241 4240 4
4242 4241 4
4243 4242 4
4244 4243 4
4245 4244 4
4246 4245 4
4346 4246 4
4446 4346 4
4447 4446 4
4448 4447 4
4449 4448 4
4450 4449 4
4451 4450 4
4452 4451 4
4452 14452 4
4453 4452 4
4454 4453 4
4455 4454 4
4456 4455 4
4457 4456 4
4458 4457 4
4459 4458 4
4460 4459 4
4461 4460 4
4462 4461 4
4463 4462 4
4464 4463 4
4465 4464 4
4466 4465 4
4467 4466 4
4468 4467 4
4469 4468 4
4470 4469 4
4471 4470 4
4472 4471 4
4473 4472 4
4474 4473 4
4475 4474 4
4476 4475 4
4477 4476 4
14452 14552 4
4577 4477 4
14552 14652 4
4677 4577 4
4678 4677 4
4679 4678 4
4680 4679 4
4681 4680 4
14652 14752 4
4781 4681 4
4782 4781 4
4783 4782 4
4784 4783 4
4785 4784 4
4786 4785 4
4787 4786 4
4788 4787 4
4789 4788 4
4790 4789 4
4791 4790 4
4792 4791 4
4793 4792 4
4794 4793 4
4795 4794 4
4796 4795 4
4797 4796 4
4798 4797 4
4799 4798 4
4800 4799 4
4800 4900 4
14752 14852 4
4900 5000 4
14852 14952 4
5000 5100 4
14952 15052 4
5100 5200 4
15052 15152 4
5200 5300 4
15152 15252 4
5300 5400 4
15252 15352 4
15352 15452 4
15451 15551 4
15452 15451 4
15550 15650 4
15551 15550 4
15650 15750 4
15749 15849 4
15750 15749 4
15849 15949 4
15949 16049 4
16049 16149 4
16149 16249 4
16249 16349 4
16349 16449 4
16449 16549 4
16549 16649 4
16649 16749 4
16749 16849 4
16849 16949 4
16949 17049 4
17049 17149 4
17149 17249 4
17249 17349 4
17349 17449 4
17449 17549 4
17549 17649 4
17649 17749 4
7849 7949 4
17749 17849 4
7949 8049 4
17849 7849 4
8049 8149 4
8149 8249 4
8249 8349 4
8349 8449 4
8449 8549 4
8549 8649 4
8649 8749 4
8749 8849 4
8849 8949 4
8949 9049 4
9049 9149 4
9149 9249 4
9249 9349 4
9349 9449 4
9449 9549 4
9549 9649 4
9649 9749 4
9749 9849 4
9848 9948 4
9849 9848 4
169  69 5
269 169 5
369 269 5
469 369 5
569 469 5
669 569 5
10668 10669 5
10669 669 5
10768 10668 5
10868 10768 5
10968 10868 5
11068 10968 5
11152 11153 5
11153 11154 5
11154 11155 5
11155 11156 5
11156 11157 5
11157 11158 5
11158 11159 5
11159 11160 5
11160 11161 5
11161 11162 5
11162 11163 5
11163 11164 5
11164 11165 5
11165 11166 5
11166 11167 5
11167 11168 5
11168 11068 5
11251 11252 5
11252 11152 5
11319 11320 5
11320 11321 5
11321 11322 5
11322 11323 5
11323 11324 5
11324 11325 5
11325 11326 5
11326 11327 5
11327 11328 5
11328 11329 5
11329 11330 5
11330 11331 5
11331 11332 5
11332 11333 5
11333 11334 5
11334 11335 5
11335 11336 5
11336 11337 5
11337 11338 5
11338 11339 5
11339 11340 5
11340 11341 5
11341 11342 5
11342 11343 5
11343 11344 5
11344 11345 5
11345 11346 5
11346 11347 5
11347 11348 5
11348 11349 5
11349 11350 5
11350 11351 5
11351 11251 5
11419 11319 5
11519 11419 5
11618 11619 5
11619 11519 5
1801 1802 5
1802 1803 5
1802 1902 5
1803 1804 5
1804 1805 5
1805 1806 5
1806 1807 5
1807 11807 5
11716 11717 5
11717 11718 5
11718 11618 5
1902 2002 5
11807 11808 5
11808 11809 5
11809 11810 5
11810 11811 5
11811 11812 5
11812 11813 5
11813 11814 5
11814 11815 5
11815 11816 5
11816 11716 5
2002 2102 5
2102 2202 5
2202 2302 5
2302 2402 5
2402 2502 5
2502 2602 5
2602 2702 5
2702 12702 5
12702 12802 5
12802 12902 5
12902 13002 5
13002 13102 5
13102 13202 5
13202 13302 5
13302 13402 5
13402 13502 5
13502 13602 5
13602 13702 5
13702 13802 5
13802 13902 5
13902 14002 5
14002 14102 5
14102 14202 5
14202 14302 5
14302 14402 5
14402 14502 5
14502 14602 5
14602 14702 5
14702 14802 5
14802 14902 5
14902 15002 5
15002 15102 5
15102 15202 5
15202 15302 5
15302 15402 5
15402 15502 5
15502 15602 5
15602 15702 5
15702 15802 5
15802 15902 5
15902 16002 5
16002 16102 5
16102 16202 5
16202 16302 5
16302 16402 5
16402 16502 5
16502 16602 5
16602 16702 5
16702 16802 5
16802 16902 5
16902 17002 5
17002 17102 5
17102 17202 5
17202 17302 5
17302 17402 5
17402 17502 5
17502 17602 5
17602 17702 5
17702 17802 5
17802 17902 5
17902 18002 5
18002 18102 5
18102 18202 5
18202 18302 5
18302 18402 5
18402 18502 5
18502 18602 5
18602 18702 5
18702 18802 5
18802 18902 5
18902 19002 5
19002 19102 5
19102 19202 5
19202 19302 5
19302 19402 5
19402 19502 5
19502 19602 5
19602 19603 5
19603 19604 5
19604 19605 5
19605 19606 5
19606 19607 5
19607 19608 5
19608 19609 5
19609 19610 5
19610 19611 5
19611 19612 5
19612 19613 5
19613 19614 5
19614 19615 5
19615 19616 5
9716 9816 5
19616 19617 5
19616 19716 5
19617 19618 5
19618 19619 5
19619 19620 5
19620 19621 5
19621 19622 5
19622 19623 5
19623 19624 5
19624 19625 5
19625 19626 5
19626 19627 5
19627 19628 5
19628 19728 5
9816 9916 5
19716 9716 5
19728 19729 5
19729 19730 5
9830 9930 5
19730 19731 5
19730 19830 5
19731 19831 5
19830 9830 5
19831 19832 5
19832 19833 5
19833 19834 5
19834 19835 5
19835 19836 5
19836 19837 5
19837 19937 5
9950 9951 5
9951 9952 5
9952 9953 5
9953 9954 5
9954 9955 5
9955 9956 5
9956 9957 5
9957 9958 5
9958 9959 5
19937 19938 5
19938 19939 5
19939 19940 5
19940 19941 5
19941 19942 5
19942 19943 5
19943 19944 5
19944 19945 5
19945 19946 5
19946 19947 5
19947 19948 5
19948 19949 5
19949 19950 5
19950 9950 5
173  73 6
 83  84 6
 84  85 6
183  83 6
 85  86 6
 86  87 6
 87  88 6
 88  89 6
 89  90 6
 90  91 6
272 273 6
273 173 6
10183 183 6
10272 272 6
10372 10272 6
1371 11371 6
1471 1371 6
11371 21371 6
1571 1471 6
1668 1669 6
1669 1670 6
1670 1671 6
1671 1571 6
1768 1668 6
1868 1768 6
1968 1868 6
2068 1968 6
2168 2068 6
2263 2264 6
2264 2265 6
2265 2266 6
2266 2267 6
2267 2268 6
2268 2168 6
2363 2263 6
2463 2363 6
2563 2463 6
2653 2654 6
2654 2655 6
2655 2656 6
2656 2657 6
2657 2658 6
2658 2659 6
2659 2660 6
2660 2661 6
2661 2662 6
2662 2663 6
2663 2563 6
2753 2653 6
2853 2753 6
2951 2952 6
2952 2953 6
2953 2853 6
3051 2951 6
3151 3051 6
3251 3151 6
3338 3339 6
3339 3340 6
3340 3341 6
3341 3342 6
3342 3343 6
3343 3344 6
3344 3345 6
3345 3346 6
3346 3347 6
3347 3348 6
3348 3349 6
3349 3350 6
3350 3351 6
3351 3251 6
3437 3438 6
3438 3338 6
13437 3437 6
13537 13437 6
13637 13537 6
13737 13637 6
13837 13737 6
13937 13837 6
14037 13937 6
14137 14037 6
14237 14137 6
14337 14237 6
14437 14337 6
14537 14437 6
14637 14537 6
14737 14637 6
4902 4901 6
4903 4902 6
14837 14737 6
5003 4903 6
5004 5003 6
14937 14837 6
15004 5004 6
15037 14937 6
15104 15004 6
15105 15104 6
15137 15037 6
15205 15105 6
15206 15205 6
15237 15137 6
15306 15206 6
15337 15237 6
15437 15337 6
15537 15437 6
15637 15537 6
15737 15637 6
15837 15737 6
15937 15837 6
16037 15937 6
16136 16137 6
16137 16037 6
16236 16136 6
16336 16236 6
16436 16336 6
16536 16436 6
16636 16536 6
16736 16636 6
16836 16736 6
16936 16836 6
17036 16936 6
17136 17036 6
17236 17136 6
17336 17236 6
17436 17336 6
17536 17436 6
17636 17536 6
17736 17636 6
17836 17736 6
17936 17836 6
18036 17936 6
8225 18225 6
8226 8225 6
18136 18036 6
18225 28225 6
8326 8226 6
8327 8326 6
8328 8327 6
8336 18336 6
18236 18136 6
8428 8328 6
8436 8336 6
18336 18236 6
8528 8428 6
8529 8528 6
8536 8436 6
8629 8529 6
8630 8629 6
8631 8630 6
8636 8536 6
8731 8631 6
8732 8731 6
8736 8636 6
8832 8732 6
8833 8832 6
8834 8833 6
8835 8834 6
8836 8736 6
8935 8835 6
8936 8836 6
9035 8935 6
9036 8936 6
9036 9035 6
9136 9036 6
9236 9136 6
9336 9236 6
9436 9336 6
9536 9436 6
9636 9536 6
9736 9636 6
9836 9736 6
9936 9836 6
9936 9937 6
9937 9938 6
9938 9939 6
20174 20175 6
20175 20176 6
20176 20177 6
20177 20178 6
20178 20179 6
20179 20180 6
20180 20181 6
20181 20182 6
20182 20183 6
20183 10183 6
20273 20274 6
20274 20174 6
20371 20372 6
20372 10372 6
20373 20273 6
20471 20371 6
20473 20373 6
20571 20471 6
20573 20473 6
20671 20571 6
20673 20573 6
20771 20671 6
20773 20673 6
20871 20771 6
20873 20773 6
20971 20871 6
20971 20972 6
20972 20973 6
20973 20873 6
21071 20971 6
21171 21071 6
21271 21171 6
21371 21271 6
25306 15306 6
25406 25306 6
25407 25406 6
25507 25407 6
25607 25507 6
25608 25607 6
25609 25608 6
25709 25609 6
25809 25709 6
25909 25809 6
25910 25909 6
25911 25910 6
26011 25911 6
26012 26011 6
26112 26012 6
26113 26112 6
26213 26113 6
26313 26213 6
26314 26313 6
26414 26314 6
26415 26414 6
26416 26415 6
26516 26416 6
26517 26516 6
26518 26517 6
26519 26518 6
26619 26519 6
26719 26619 6
26720 26719 6
26721 26720 6
26821 26721 6
26921 26821 6
27021 26921 6
27022 27021 6
27122 27022 6
27222 27122 6
27322 27222 6
27422 27322 6
27522 27422 6
27622 27522 6
27722 27622 6
27723 27722 6
27823 27723 6
27824 27823 6
27924 27824 6
28024 27924 6
28124 28024 6
28224 28124 6
28225 28224 6
  9   8 7
  9  10 7
 10  11 7
 10 110 7
 11  12 7
110 210 7
 12 10012 7
10012 10013 7
10013 10014 7
10014 10015 7
 16  17 7
10015 10016 7
10016  16 7
210 310 7
310 410 7
410 510 7
510 610 7
610 710 7
710 810 7
810 910 7
910 1010 7
1010 1110 7
1110 1210 7
1210 1310 7
1310 1410 7
1410 1510 7
1510 1610 7
1610 1710 7
1710 1810 7
1810 1910 7
1910 2010 7
2010 2110 7
2110 2210 7
2210 2310 7
2310 2410 7
2410 2510 7
2510 2610 7
2610 2710 7
2710 2810 7
2810 2910 7
2910 3010 7
3010 3011 7
3011 3111 7
3111 3211 7
3211 3311 7
3311 3411 7
3411 3511 7
3511 3611 7
3611 3612 7
3612 3613 7
3613 3614 7
3614 3615 7
3615 3616 7
3616 3617 7
3617 3618 7
3618 3619 7
3619 3620 7
3620 3621 7
3621 3622 7
3622 3623 7
3623 3624 7
3624 3625 7
3625 3725 7
3725 3726 7
3726 3727 7
3727 13727 7
13727 13827 7
13827 13927 7
13927 13928 7
13928 14028 7
14028 14029 7
14029 14030 7
14030 14031 7
14031 14131 7
14131 14231 7
14231 14331 7
14331 14431 7
14431 14531 7
14531 14631 7
14631 14731 7
14731 14831 7
14831 14931 7
14931 15031 7
15031 15131 7
15131 15231 7
15231 15331 7
15331 15431 7
15431 15531 7
15531 15631 7
15631 15731 7
15731 15831 7
15831 15931 7
15931 16031 7
16031 16131 7
16131 16231 7
16231 16331 7
16331 16431 7
16431 16531 7
16531 16631 7
16631 16731 7
16731 16831 7
16831 16931 7
16931 17031 7
17031 17131 7
17131 17132 7
17132 17232 7
17232 17332 7
17332 17432 7
17432 17532 7
17532 17632 7
17632 17732 7
17732 17832 7
17832 17932 7
17932 18032 7
18032 18132 7
18132 18232 7
18232 18332 7
18332 18432 7
18432 18532 7
18532 18632 7
18632 18732 7
18732 18832 7
18832 18932 7
18932 19032 7
19032 19132 7
19132 19232 7
19232 19332 7
19332 19432 7
19432 19532 7
9533 9633 7
19532 19533 7
9633 9733 7
19533 9533 7
19533 19534 7
19534 19535 7
19535 19536 7
19536 19636 7
9733 9833 7
19636 19637 7
19637 19638 7
19638 19639 7
19639 19640 7
19640 19641 7
19641 19642 7
19642 19643 7
19643 19644 7
19644 19645 7
19645 19646 7
19646 19647 7
19647 19648 7
19648 19649 7
19649 19749 7
9833 9933 7
19749 19750 7
19750 19751 7
19751 19851 7
19851 19951 7
9960 9961 7
9961 9962 7
9962 9963 7
9963 9964 7
9964 9965 7
9965 9966 7
9966 9967 7
9967 9968 7
9968 9969 7
9969 9970 7
9970 9971 7
9971 9972 7
9972 9973 7
9973 9974 7
9974 9975 7
9975 9976 7
9976 9977 7
9977 9978 7
9978 9979 7
19951 19952 7
19952 19953 7
19953 19954 7
19954 19955 7
19955 19956 7
19956 19957 7
19957 19958 7
19958 19959 7
19959 19960 7
19960 9960 7
 23  22 8
 24  23 8
 25  24 8
 26  25 8
 27  26 8
 28  27 8
 29  28 8
 30  29 8
 31  30 8
 32  31 8
 33  32 8
133  33 8
148  48 8
10133 133 8
10134 10133 8
10135 10134 8
10136 10135 8
10137 10136 8
10138 10137 8
10139 10138 8
10140 10139 8
10141 10140 8
10142 10141 8
10143 10142 8
10144 10143 8
10145 10144 8
10146 10145 8
10147 10146 8
10148 148 8
10148 10147 8
10149 10148 8
10150 10149 8
10250 10150 8
10251 10250 8
10252 10251 8
10352 10252 8
10353 10352 8
10453 10353 8
10553 10453 8
10554 10553 8
10555 10554 8
10556 10555 8
10557 10556 8
10558 10557 8
10559 10558 8
10560 10559 8
10561 10560 8
10562 10561 8
10563 10562 8
10564 10563 8
10565 10564 8
10566 10565 8
10567 10566 8
10568 10567 8
10569 10568 8
10570 10569 8
10670 10570 8
10770 10670 8
10870 10770 8
10970 10870 8
11070 10970 8
11170 11070 8
11270 11170 8
11370 11270 8
11470 11370 8
11570 11470 8
11571 11570 8
11671 11571 8
11771 11671 8
11871 11771 8
11971 11871 8
12071 11971 8
12171 12071 8
12271 12171 8
12272 12271 8
12273 12272 8
12274 12273 8
12275 12274 8
12276 12275 8
2399 2400 8
12376 12276 8
12399 2399 8
2579 12579 8
2580 2579 8
2581 2580 8
2582 2581 8
2583 2582 8
2584 2583 8
2585 2584 8
2586 2585 8
2587 2586 8
2588 2587 8
2589 2588 8
2590 2589 8
2591 2590 8
2592 2591 8
2593 2592 8
2594 2593 8
2595 2594 8
2596 2595 8
12499 12399 8
12579 22579 8
2696 2596 8
2697 2696 8
2698 2697 8
2699 2698 8
2699 12699 8
12599 12499 8
2799 2699 8
12699 12599 8
2899 2799 8
2999 2899 8
3099 2999 8
3199 3099 8
3299 3199 8
3399 3299 8
3499 3399 8
3599 3499 8
13599 3599 8
5700 15700 8
15700 15800 8
15700 25700 8
15800 15900 8
15900 16000 8
16000 16100 8
16100 16200 8
16200 16300 8
16300 16400 8
16400 16500 8
16500 16600 8
16600 16700 8
16700 16800 8
16800 16900 8
16900 17000 8
17000 17100 8
17100 17200 8
17200 17300 8
17300 17400 8
17400 17500 8
17500 17600 8
17600 17700 8
17700 17800 8
17800 17900 8
17900 18000 8
18000 18100 8
18100 18200 8
8300 8400 8
18200 18300 8
8400 8500 8
18300 8300 8
8500 8600 8
8600 8700 8
8700 8800 8
8800 8900 8
8900 9000 8
9000 9100 8
9100 9200 8
22376 12376 8
22377 22376 8
22378 22377 8
22379 22378 8
22479 22379 8
22579 22479 8
23599 13599 8
23699 23599 8
23799 23699 8
23899 23799 8
23999 23899 8
24099 23999 8
24199 24099 8
24299 24199 8
24399 24299 8
24499 24399 8
24599 24499 8
24699 24599 8
24799 24699 8
24899 24799 8
24999 24899 8
25099 24999 8
25199 25099 8
25299 25199 8
25399 25299 8
25499 25399 8
25599 25499 8
25699 25599 8
25700 25699 8
159  59 9
10159 159 9
10160 10159 9
10161 10160 9
10162 10161 9
10163 10162 9
10164 10163 9
10165 10164 9
10166 10165 9
10167 10166 9
10168 10167 9
10169 10168 9
10170 10169 9
10171 10170 9
10172 10171 9
10173 10172 9
10273 10173 9
10274 10273 9
10275 10274 9
10276 10275 9
10277 10276 9
10278 10277 9
10279 10278 9
10280 10279 9
10281 10280 9
10282 10281 9
10283 10282 9
10284 10283 9
10285 10284 9
10385 10285 9
10386 10385 9
10387 10386 9
10487 10387 9
10587 10487 9
10687 10587 9
10787 10687 9
10887 10787 9
10987 10887 9
11087 10987 9
11187 11087 9
11287 11187 9
11387 11287 9
11487 11387 9
11587 11487 9
11687 11587 9
11787 11687 9
11887 11787 9
11888 11887 9
11988 11888 9
11989 11988 9
11990 11989 9
11991 11990 9
12091 11991 9
12191 12091 9
12291 12191 9
12292 12291 9
12392 12292 9
12492 12392 9
12592 12492 9
12692 12592 9
12792 12692 9
12892 12792 9
12992 12892 9
13092 12992 9
13192 13092 9
13292 13192 9
13392 13292 9
13492 13392 9
13592 13492 9
13692 13592 9
13792 13692 9
13892 13792 9
13992 13892 9
14092 13992 9
14192 14092 9
14292 14192 9
14392 14292 9
14492 14392 9
14592 14492 9
14692 14592 9
14792 14692 9
14892 14792 9
14992 14892 9
15092 14992 9
15192 15092 9
15292 15192 9
15392 15292 9
15492 15392 9
15592 15492 9
15692 15592 9
15792 15692 9
15892 15792 9
15992 15892 9
16092 15992 9
16192 16092 9
16292 16192 9
16392 16292 9
16492 16392 9
16592 16492 9
16692 16592 9
16792 16692 9
16892 16792 9
16992 16892 9
17092 16992 9
17192 17092 9
17292 17192 9
17392 17292 9
17492 17392 9
17592 17492 9
17692 17592 9
17792 17692 9
17892 17792 9
17992 17892 9
18092 17992 9
18192 18092 9
18292 18192 9
18392 18292 9
18492 18392 9
18592 18492 9
18692 18592 9
18792 18692 9
18892 18792 9
18992 18892 9
19092 18992 9
19192 19092 9
19292 19192 9
19392 19292 9
19492 19392 9
19592 19492 9
19593 19592 9
19693 19593 9
19694 19693 9
19794 19694 9
19795 19794 9
19796 19795 9
9897 19897 9
19797 19796 9
9997 9897 9
9997 9998 9
19897 19797 9
9998 9999 9
3300 3400 10
3400 3500 10
3500 3600 10
3600 3700 10
3693 3793 10
3694 3693 10
3695 3694 10
3696 3695 10
3697 3696 10
3698 3697 10
3699 3698 10
3700 3699 10
3791 13791 10
3792 3791 10
3793 3792 10
13791 13891 10
13891 13991 10
13991 14091 10
14091 14191 10
14191 14291 10
14291 14391 10
14391 14491 10
14491 14591 10
14591 14691 10
14691 14791 10
14791 14891 10
14891 14991 10
14991 15091 10
15091 15191 10
15191 15291 10
15291 15391 10
15391 15491 10
15491 15591 10
15591 15691 10
15691 15791 10
15791 15891 10
15891 15991 10
15991 16091 10
16091 16191 10
16191 16291 10
16291 16391 10
16391 16491 10
16491 16591 10
16591 16691 10
16691 16791 10
16791 16891 10
16891 16991 10
16991 17091 10
17091 17191 10
17191 17291 10
17291 17391 10
17391 17491 10
17491 17591 10
17591 17691 10
17691 17791 10
17791 17891 10
17891 17991 10
17991 18091 10
18090 18190 10
18091 18090 10
18190 18290 10
18289 18389 10
18290 18289 10
18389 18489 10
18488 18588 10
18489 18488 10
18588 18688 10
18687 18787 10
18688 18687 10
18787 18887 10
18886 18986 10
18887 18886 10
18986 19086 10
19086 19186 10
19186 19286 10
19286 19386 10
19386 19486 10
19486 19586 10
19586 19686 10
19686 19786 10
19786 19886 10
19886 19986 10
19909 9909 10
19962 29962 10
19963 19962 10
19964 19963 10
19965 19964 10
19966 19965 10
19967 19966 10
19968 19967 10
19969 19968 10
19970 19969 10
19971 19970 10
19972 19971 10
19973 19972 10
19974 19973 10
19975 19974 10
19976 19975 10
19977 19976 10
19978 19977 10
19979 19978 10
19980 19979 10
19981 19980 10
19982 19981 10
19983 19982 10
19984 19983 10
19985 19984 10
19986 9986 10
19986 19985 10
29909 19909 10
29910 29909 10
29911 29910 10
29912 29911 10
29913 29912 10
29914 29913 10
29915 29914 10
29916 29915 10
29917 29916 10
29918 29917 10
29919 29918 10
29920 29919 10
29921 29920 10
29922 29921 10
29923 29922 10
29924 29923 10
29925 29924 10
29926 29925 10
29927 29926 10
29928 29927 10
29929 29928 10
29930 29929 10
29931 29930 10
29932 29931 10
29933 29932 10
29934 29933 10
29935 29934 10
29936 29935 10
29937 29936 10
29938 29937 10
29939 29938 10
29940 29939 10
29941 29940 10
29942 29941 10
29943 29942 10
29944 29943 10
29945 29944 10
29946 29945 10
29947 29946 10
29948 29947 10
29949 29948 10
29950 29949 10
29951 29950 10
29952 29951 10
29953 29952 10
29954 29953 10
29955 29954 10
29956 29955 10
29957 29956 10
29958 29957 10
29959 29958 10
29960 29959 10
29961 29960 10
29962 29961 10
7501 7601 11
7601 7701 11
7701 7801 11
7801 7901 11
7901 8001 11
8001 8002 11
8002 8102 11
8102 8103 11
8103 8203 11
8203 8303 11
8303 8304 11
8304 8404 11
8404 8504 11
8504 8604 11
8604 8605 11
8605 8705 11
8705 8805 11
8805 8905 11
8905 9005 11
9005 9105 11
9105 9205 11
9205 9305 11
9305 9306 11
9306 9307 11
9307 9308 11
9308 9408 11
9408 9508 11
9508 9608 11
9608 9609 11
9608 9708 11
9609 9610 11
9610 9611 11
9611 9612 11
9612 9613 11
9613 9614 11
9614 9615 11
9615 9616 11
9616 9617 11
9617 9618 11
9618 9619 11
9619 9719 11
9708 9808 11
9719 9819 11
9808 9908 11
9819 9919 11
