# Cost: 951

# Tail Head Net
240 180 1
300 240 1
360 300 1
420 360 1
480 420 1
540 480 1
600 540 1
660 600 1
720 660 1
780 720 1
840 780 1
900 840 1
960 900 1
1020 960 1
1080 1020 1
1140 1080 1
1200 1140 1
1260 1200 1
1320 1260 1
1380 1320 1
1440 1380 1
1500 1440 1
1560 1500 1
1620 1560 1
1680 1620 1
1740 1680 1
1800 1740 1
1860 1800 1
1920 1860 1
1980 1920 1
2040 1980 1
2100 2040 1
2160 2100 1
2220 2160 1
2220 2280 1
2280 2340 1
2338 2398 1
2339 2338 1
2340 2339 1
2396 2456 1
2397 2396 1
2398 2397 1
2453 2513 1
2454 2453 1
2455 2454 1
2456 2455 1
2510 2570 1
2511 2510 1
2512 2511 1
2513 2512 1
2562 2622 1
2563 2562 1
2564 2563 1
2565 2564 1
2566 2565 1
2567 2566 1
2568 2567 1
2569 2568 1
2570 2569 1
2620 2680 1
2621 2620 1
2622 2621 1
2680 2740 1
2740 2800 1
2800 2860 1
2860 2920 1
2920 2980 1
2980 3040 1
3039 3099 1
3040 3039 1
3096 3156 1
3097 3096 1
3098 3097 1
3099 3098 1
3153 3213 1
3154 3153 1
3155 3154 1
3156 3155 1
3212 3272 1
3213 3212 1
3272 3332 1
3332 3392 1
3392 3452 1
3452 3512 1
3512 3572 1
3611  11 2
 31  32 2
3631  31 2
1321 1322 2
1322 4922 2
4922 4923 2
4923 8523 2
6302 6362 2
6361 2761 2
6362 6361 2
7209 7210 2
7210 7211 2
7211 3611 2
7211 7212 2
7212 7213 2
7213 7214 2
7214 7215 2
7215 7216 2
7216 7217 2
7217 7218 2
7218 7219 2
7219 7220 2
7220 7221 2
7221 7222 2
7222 7223 2
7223 7224 2
7224 7225 2
7225 7226 2
7226 7227 2
7227 7228 2
7228 7229 2
7229 7230 2
7230 7231 2
7231 3631 2
7269 7209 2
7327 7328 2
7328 7329 2
7329 7269 2
7385 7386 2
7386 7387 2
7387 7327 2
7445 7385 2
7505 7445 2
7565 7505 2
7625 7565 2
7685 7625 2
7745 7685 2
7805 7745 2
7865 7805 2
7925 7865 2
7985 7925 2
8045 7985 2
8105 8045 2
8164 8165 2
8165 8105 2
8224 8164 2
8284 8224 2
8344 8284 2
8404 8344 2
8464 8404 2
8523 8524 2
8523 8583 2
8524 8464 2
8583 8643 2
8643 8703 2
8703 8763 2
8763 8823 2
8823 8883 2
8883 8943 2
8943 9003 2
9003 9063 2
9063 9123 2
9123 9183 2
9183 9243 2
9243 9303 2
9303 9363 2
9363 9423 2
9423 9483 2
9483 9543 2
9543 9603 2
9603 9663 2
9663 9723 2
9723 9783 2
9783 9843 2
9843 9903 2
9902 6302 2
9903 9902 2
1921 1922 3
1922 1923 3
1923 1924 3
1924 1925 3
1925 1926 3
1926 1927 3
1927 1928 3
1928 1929 3
1929 1930 3
1930 1931 3
1931 1932 3
1932 1933 3
1933 1934 3
1934 1935 3
1935 1936 3
1936 1937 3
1937 1938 3
1938 1939 3
1939 1940 3
1940 1941 3
1941 1942 3
1942 1943 3
1943 1944 3
1944 1945 3
1945 1946 3
1946 1947 3
1947 1948 3
1948 2008 3
2008 2068 3
2068 2128 3
2128 2188 3
2188 2248 3
2248 2308 3
2308 2368 3
2368 2428 3
2428 2488 3
2488 2548 3
2548 2608 3
2608 2668 3
2668 2728 3
2728 2788 3
2788 2848 3
2848 2908 3
2908 2968 3
2968 3028 3
3028 3088 3
3088 3148 3
3148 3208 3
3208 3268 3
3268 3328 3
3328 3388 3
3388 3448 3
3448 3508 3
3508 3568 3
3568 3569 3
3569 3570 3
3570 3571 3
3571 7171 3
3576 3577 3
3577 3578 3
3578 3579 3
3579 3580 3
3580 3581 3
3581 3582 3
3582 3583 3
3583 3584 3
7171 7172 3
7172 7173 3
7173 7174 3
7174 7175 3
7175 7176 3
7176 3576 3
 12  72 4
 13  12 4
 72 132 4
 14  13 4
 15  14 4
 16  15 4
 17  16 4
 18  17 4
 19  18 4
 20  19 4
 21  20 4
 22  21 4
132 192 4
192 252 4
252 312 4
312 372 4
372 432 4
432 492 4
492 552 4
552 612 4
612 672 4
672 732 4
722 721 4
723 722 4
724 723 4
725 724 4
726 725 4
727 726 4
728 727 4
729 728 4
730 729 4
731 730 4
732 731 4
732 733 4
733 793 4
793 794 4
794 854 4
854 914 4
914 974 4
974 1034 4
1034 1035 4
1035 1036 4
1036 4636 4
4636 4637 4
4637 4697 4
4697 4757 4
4757 4817 4
4817 4818 4
4818 4819 4
4819 4879 4
4879 4880 4
4880 4881 4
4881 4882 4
4882 4942 4
4942 4943 4
4943 4944 4
4944 4945 4
4945 4946 4
4946 5006 4
5006 5007 4
5007 5008 4
5008 5068 4
5068 5128 4
5128 5129 4
5129 5130 4
5130 5131 4
5131 5132 4
5132 5133 4
5133 5193 4
5193 5253 4
5253 5254 4
5254 5255 4
5255 5315 4
5315 5375 4
5375 5376 4
5376 5377 4
5377 5378 4
5378 5438 4
5438 5498 4
5498 5499 4
5499 5500 4
5500 5560 4
5560 5620 4
5620 5621 4
5621 5681 4
5681 5682 4
5682 5683 4
5683 5684 4
5684 5744 4
5744 5804 4
5804 5864 4
5864 5924 4
5924 5925 4
5925 5985 4
5985 5986 4
5986 5987 4
5987 5988 4
5988 6048 4
6048 6108 4
6108 6109 4
6109 6169 4
6169 6229 4
6229 6289 4
6289 6349 4
6349 6409 4
2810 2870 4
6409 6410 4
2870 2930 4
6410 2810 4
2930 2990 4
2990 3050 4
3050 3051 4
3051 3111 4
3111 3171 4
3171 3231 4
3231 3291 4
3291 3351 4
3351 3352 4
3352 3412 4
3412 3472 4
3472 3532 4
3532 3592 4
 98  38 5
158  98 5
218 158 5
278 218 5
338 278 5
398 338 5
458 398 5
518 458 5
578 518 5
638 578 5
698 638 5
758 698 5
818 758 5
878 818 5
938 878 5
998 938 5
1058 998 5
1118 1058 5
1178 1118 5
1238 1178 5
1298 1238 5
1358 1298 5
1418 1358 5
1478 1418 5
1538 1478 5
1598 1538 5
1658 1598 5
1718 1658 5
1778 1718 5
1838 1778 5
1898 1838 5
1958 1898 5
2018 1958 5
5618 2018 5
5678 5618 5
5738 5678 5
5798 5738 5
5858 5798 5
5918 5858 5
5978 5918 5
6038 5978 5
6098 6038 5
6158 6098 5
6218 6158 5
6278 6218 5
6338 6278 5
6398 6338 5
6458 6398 5
6518 6458 5
6578 6518 5
6638 6578 5
6698 6638 5
3172 6772 5
3173 3172 5
3174 3173 5
3175 3174 5
3176 3175 5
3177 3176 5
3178 3177 5
3179 3178 5
3180 3179 5
6758 6698 5
6758 6818 5
6759 6758 5
6760 6759 5
6761 6760 5
6762 6761 5
6763 6762 5
6764 6763 5
6765 6764 5
6766 6765 5
6767 6766 5
6768 6767 5
6769 6768 5
6770 6769 5
6771 6770 5
6772 6771 5
6818 6878 5
6878 6938 5
6938 6998 5
6998 7058 5
7058 7118 5
7110 7170 5
7111 7110 5
7112 7111 5
7113 7112 5
7114 7113 5
7115 7114 5
7116 7115 5
7117 7116 5
7118 7117 5
7164 3564 5
7165 7164 5
7166 7165 5
7167 7166 5
7168 7167 5
7169 7168 5
7170 7169 5
2459 2460 6
2517 2518 6
2518 2519 6
2519 2459 6
2522 2521 6
2522 6122 6
6117 2517 6
2582 2522 6
6122 6123 6
6123 6124 6
6124 6125 6
6125 6126 6
6126 6127 6
6127 6128 6
6128 6129 6
6129 6130 6
6130 6131 6
6131 6132 6
6132 6133 6
6133 6134 6
6134 6135 6
6135 6136 6
6136 6137 6
6137 6138 6
6138 6139 6
6139 6140 6
6140 6141 6
6141 6142 6
6142 6143 6
6143 6144 6
6144 6145 6
6145 6146 6
6146 6147 6
6147 6148 6
6148 6149 6
6149 6150 6
6150 6151 6
6151 6152 6
6152 6153 6
6153 6154 6
6154 6155 6
6155 9755 6
2642 2582 6
2702 2642 6
2762 2702 6
2821 2822 6
2822 2762 6
9711 9712 6
9712 9713 6
9713 9714 6
9714 9715 6
9715 9716 6
9716 9717 6
9717 6117 6
9755 9756 6
9756 9757 6
9757 9758 6
9758 9759 6
9759 9760 6
9760 9761 6
9761 9762 6
9762 9763 6
9763 9764 6
9764 9765 6
9765 9766 6
9766 9767 6
9767 9768 6
9768 9769 6
9769 9770 6
9770 9771 6
9771 9711 6
 79  80 7
 80  81 7
 81  82 7
 82  83 7
 83  84 7
 84  85 7
 85  86 7
 86  87 7
 87  88 7
 88  89 7
 89  90 7
 90  91 7
 91  92 7
 33  34 7
 92  93 7
 34  35 7
 93  33 7
139  79 7
181 182 7
182 183 7
183 184 7
184 185 7
185 186 7
186 187 7
187 188 7
188 189 7
189 190 7
190 3790 7
199 139 7
3790 3791 7
3791 3792 7
3792 3793 7
3793 3794 7
3794 3795 7
3795 3796 7
3796 3797 7
3797 3798 7
3798 3799 7
3799 199 7
3629  29 8
3689 3629 8
3749 3689 8
3809 3749 8
3869 3809 8
3929 3869 8
3989 3929 8
4049 3989 8
4109 4049 8
4169 4109 8
4229 4169 8
4289 4229 8
4349 4289 8
4409 4349 8
4469 4409 8
4529 4469 8
4575 4576 8
4576 4577 8
4577 4578 8
4578 4579 8
4579 4580 8
4580 4581 8
4581 4582 8
4582 4583 8
4583 4584 8
4584 4585 8
4585 4586 8
4586 4587 8
4587 4588 8
4588 4589 8
4589 4529 8
4635 4575 8
4695 4635 8
4755 4695 8
4815 4755 8
4875 4815 8
4935 4875 8
4995 4935 8
5055 4995 8
5115 5055 8
5175 5115 8
5235 5175 8
5294 5295 8
5295 5235 8
5354 5294 8
5414 5354 8
5474 5414 8
5534 5474 8
5594 5534 8
5654 5594 8
2161 2162 8
2162 2163 8
2163 2164 8
2164 2165 8
2165 2166 8
2166 2167 8
2167 2168 8
2168 2169 8
2169 2170 8
2170 2171 8
2171 2172 8
2172 2173 8
2173 2233 8
2173 5773 8
5714 5654 8
2233 2293 8
5773 5774 8
5774 5714 8
2293 2353 8
2353 2413 8
2413 2473 8
2473 2533 8
2533 2593 8
2593 2653 8
2653 2713 8
2713 2773 8
2773 2833 8
2833 2893 8
2893 2953 8
2953 3013 8
3013 3073 8
3073 3133 8
3133 3193 8
3193 3253 8
3253 3313 8
3313 3373 8
3373 3433 8
3433 3493 8
3493 3553 8
  3  63 9
 63 123 9
123 3723 9
3723 3783 9
3782 3842 9
3783 3782 9
3841 3901 9
3842 3841 9
3901 301 9
3624  24 10
3625 3624 10
3626 3625 10
3632 7232 10
3633 3632 10
3634 3633 10
3635 3634 10
3636 3635 10
3637 3636 10
3638 3637 10
 40 3640 10
3639 3638 10
3640 3639 10
3686 3626 10
3687 3686 10
3688 3687 10
7232 7292 10
7288 3688 10
7289 7288 10
7290 7289 10
7291 7290 10
7292 7291 10
3533 3534 11
3534 3535 11
3535 3536 11
3536 3537 11
3537 3538 11
3538 3539 11
3539 3540 11
3546 3547 11
3547 3548 11
3548 3549 11
3549 3550 11
3550 3551 11
3551 3552 11
3552 7152 11
7119 7120 11
7120 7121 11
7121 7122 11
7122 7123 11
7123 7124 11
7124 7125 11
7125 7126 11
7126 7127 11
7127 7128 11
7128 7129 11
7129 7130 11
7130 7131 11
7131 7132 11
7132 7133 11
7133 3533 11
7152 7153 11
7153 7154 11
7154 7155 11
7155 7156 11
7156 7157 11
7157 7158 11
7158 7159 11
7159 7160 11
7160 7161 11
7161 7162 11
7162 10762 11
10707 10708 11
10708 10709 11
10709 10710 11
10710 10711 11
10711 10712 11
10712 10713 11
10713 10714 11
10714 10715 11
10715 10716 11
10716 10717 11
10717 10718 11
10718 10719 11
10719 7119 11
10762 10763 11
10763 10764 11
10764 10765 11
10765 10766 11
10766 10767 11
10767 10707 11
 94  95 12
 95  96 12
 96  36 12
145 146 12
146 147 12
147 148 12
148 149 12
149 150 12
150 151 12
151 152 12
152 153 12
153 154 12
154  94 12
205 145 12
262 263 12
263 264 12
264 265 12
265 205 12
318 319 12
319 320 12
320 321 12
321 322 12
322 262 12
374 375 12
375 376 12
376 377 12
377 378 12
378 318 12
3974 374 12
4034 3974 12
4092 4093 12
4093 4094 12
4094 4034 12
4152 4092 12
4212 4152 12
4272 4212 12
4332 4272 12
4390 4391 12
4391 4392 12
4392 4332 12
4450 4390 12
961 962 12
962 963 12
963 964 12
964 965 12
965 966 12
966 967 12
967 968 12
968 4568 12
4508 4509 12
4509 4510 12
4510 4450 12
1021 961 12
4568 4508 12
3061 3062 13
3062 3063 13
3063 3064 13
3064 3065 13
3065 3066 13
3066 3067 13
3067 3068 13
3068 3069 13
3069 3070 13
3070 3071 13
3071 3072 13
3072 6672 13
6672 6673 13
6673 6674 13
6674 6675 13
6675 6676 13
6676 6677 13
6677 6678 13
6678 6679 13
6679 6680 13
6680 6740 13
6740 6800 13
6800 6860 13
6860 6861 13
6861 6862 13
6862 6863 13
6863 6864 13
6864 6924 13
6924 6925 13
6925 6985 13
6985 6986 13
6986 7046 13
3455 3456 13
3456 3457 13
3457 3458 13
3458 3459 13
3459 3519 13
7046 7047 13
7047 7048 13
7048 7049 13
7049 7050 13
7050 7051 13
7051 7052 13
7052 7053 13
7053 7054 13
7054 7055 13
7055 3455 13
3519 3520 13
3520 3521 13
3521 3522 13
3522 3523 13
3523 3524 13
3524 3525 13
3525 3526 13
3526 3586 13
3586 3587 13
1621 1622 14
1622 1623 14
1623 1624 14
1624 1625 14
1625 1626 14
1626 1627 14
1627 1628 14
1628 1629 14
1629 1630 14
1630 1631 14
1631 1632 14
1632 1633 14
1633 1634 14
1634 1635 14
1635 1636 14
1636 1637 14
1637 1638 14
1638 1639 14
1639 1640 14
1640 1641 14
1641 1642 14
1642 1643 14
1643 1644 14
1644 1645 14
1645 1646 14
1646 1647 14
1647 1648 14
1648 1649 14
1649 1650 14
1650 1651 14
1651 1652 14
1652 1653 14
1653 1654 14
1654 1655 14
1655 1656 14
1656 1657 14
1657 1717 14
1717 1777 14
1777 1837 14
1837 1897 14
1897 1957 14
1957 2017 14
2017 2077 14
2077 2078 14
2078 2079 14
2079 2139 14
2139 2140 14
2140 2200 14
2200 2201 14
2201 2261 14
2261 2321 14
2321 2381 14
2381 2441 14
2441 2501 14
2501 2561 14
2561 6161 14
6161 6221 14
6221 6281 14
6281 6282 14
6282 6342 14
6342 6402 14
6402 6462 14
6462 6522 14
6522 6582 14
6582 6583 14
6583 6643 14
6643 6644 14
6644 6645 14
6645 6705 14
6705 6706 14
6706 6707 14
6707 6708 14
6708 6709 14
6709 6710 14
6710 6711 14
6711 6712 14
6712 6713 14
6713 6773 14
3233 3234 14
6773 6833 14
3234 3235 14
3235 3236 14
3236 3237 14
3237 3238 14
3238 3239 14
3239 3240 14
3240 3300 14
6833 3233 14
