# Cost: 1195

# Tail Head Net
4591 4681 1
4681 4771 1
4771 4861 1
4861 4951 1
4951 5041 1
5041 5131 1
5131 5221 1
5221 5311 1
5311 5312 1
5311 5401 1
5312 5313 1
5313 5314 1
5314 5315 1
5315 5316 1
5316 5317 1
5317 5318 1
5318 5319 1
5319 5320 1
5320 5321 1
5321 5322 1
5322 5323 1
5323 5324 1
5324 5325 1
5325 5326 1
5326 5327 1
5327 5328 1
5328 5329 1
5329 5330 1
5330 5331 1
5331 5332 1
5332 5333 1
5333 5334 1
5334 5335 1
5335 5336 1
5336 5337 1
5337 5338 1
5338 5339 1
5339 5340 1
5340 5341 1
5341 5342 1
5342 5343 1
5343 5344 1
5344 5345 1
5345 5346 1
5346 5347 1
5347 5348 1
5348 5349 1
5349 5350 1
5350 5351 1
5351 5352 1
5352 5353 1
5353 5354 1
5354 5355 1
5355 5356 1
5356 5357 1
5357 5358 1
5358 5359 1
5359 5360 1
5360 5361 1
5361 5362 1
5362 5363 1
5363 5364 1
5364 5365 1
5365 5366 1
5366 5367 1
5367 5368 1
5368 5369 1
5369 5370 1
5370 5371 1
5371 5372 1
5372 5373 1
5373 5374 1
5374 5375 1
5375 5376 1
5376 5377 1
5377 5378 1
5378 5379 1
5379 5380 1
5380 5381 1
5381 5382 1
5382 5383 1
5383 5384 1
5384 5385 1
5385 5386 1
5386 5387 1
5387 5388 1
5388 5389 1
5389 5390 1
5390 5391 1
5391 5392 1
5392 5393 1
5393 5394 1
5394 5395 1
5395 5396 1
5396 5397 1
5397 5398 1
5398 5399 1
5399 5400 1
5401 5491 1
5491 5581 1
5581 5671 1
5671 5761 1
5761 5851 1
5851 5941 1
5941 6031 1
6031 6121 1
6121 6211 1
6211 6301 1
6301 6391 1
6391 6481 1
6481 6571 1
6571 6661 1
6661 6751 1
6751 6841 1
6841 6931 1
6931 7021 1
7021 7111 1
7111 7201 1
7201 7291 1
7291 7381 1
7381 7471 1
7471 7561 1
7561 7651 1
 82 172 2
172 262 2
262 352 2
352 442 2
442 532 2
532 622 2
622 712 2
712 802 2
802 892 2
892 982 2
982 1072 2
1072 1162 2
1162 1252 2
1252 1342 2
1342 1432 2
1432 1522 2
1522 1612 2
1612 1702 2
1702 1792 2
1792 1882 2
1882 1972 2
1972 2062 2
2062 2152 2
2152 2242 2
2242 2332 2
2332 2422 2
2422 2512 2
2512 2602 2
2602 2692 2
2692 2782 2
2782 2872 2
2872 2962 2
2962 3052 2
3052 3142 2
3142 3232 2
3232 3322 2
3241 3331 2
3242 3241 2
3243 3242 2
3244 3243 2
3245 3244 2
3246 3245 2
3247 3246 2
3248 3247 2
3249 3248 2
3250 3249 2
3251 3250 2
3252 3251 2
3253 3252 2
3254 3253 2
3255 3254 2
3256 3255 2
3257 3256 2
3258 3257 2
3259 3258 2
3260 3259 2
3261 3260 2
3262 3261 2
3263 3262 2
3264 3263 2
3265 3264 2
3266 3265 2
3267 3266 2
3268 3267 2
3269 3268 2
3270 3269 2
3271 3270 2
3272 3271 2
3273 3272 2
3274 3273 2
3275 3274 2
3276 3275 2
3277 3276 2
3278 3277 2
3279 3278 2
3280 3279 2
3281 3280 2
3282 3281 2
3283 3282 2
3284 3283 2
3285 3284 2
3286 3285 2
3287 3286 2
3288 3287 2
3289 3288 2
3290 3289 2
3291 3290 2
3292 3291 2
3293 3292 2
3294 3293 2
3295 3294 2
3296 3295 2
3297 3296 2
3298 3297 2
3299 3298 2
3300 3299 2
3301 3300 2
3302 3301 2
3303 3302 2
3304 3303 2
3305 3304 2
3306 3305 2
3307 3306 2
3308 3307 2
3309 3308 2
3310 3309 2
3311 3310 2
3312 3311 2
3313 3312 2
3314 3313 2
3315 3314 2
3316 3315 2
3317 3316 2
3318 3317 2
3319 3318 2
3320 3319 2
3321 3320 2
3322 3321 2
3322 3323 2
3323 3324 2
3324 3325 2
3325 3326 2
3326 3327 2
3327 3328 2
3328 3329 2
3329 3330 2
3331 3421 2
3421 3511 2
3511 3601 2
3601 3691 2
3691 3781 2
3781 3871 2
3871 3961 2
3961 4051 2
4051 4141 2
4141 4231 2
4231 4321 2
4321 4411 2
8172  72 3
8173 8172 3
8174 8173 3
8175 8174 3
8176 8175 3
8177 8176 3
8178 8177 3
8179 8178 3
8180 8179 3
8181 8180 3
8182 8181 3
 84 8184 3
8183 8182 3
 85  84 3
8184 8183 3
 86  85 3
 87  86 3
 88  87 3
 89  88 3
179  89 3
269 179 3
359 269 3
449 359 3
539 449 3
629 539 3
630 629 3
720 630 3
810 720 3
900 810 3
990 900 3
1080 990 3
1170 1080 3
1260 1170 3
1350 1260 3
1440 1350 3
1530 1440 3
1620 1530 3
1710 1620 3
1800 1710 3
1890 1800 3
1980 1890 3
2070 1980 3
2160 2070 3
2250 2160 3
2340 2250 3
2430 2340 3
2520 2430 3
2610 2520 3
2700 2610 3
2790 2700 3
2880 2790 3
1892 1891 4
1893 1892 4
1894 1893 4
1984 1894 4
2074 1984 4
2075 2074 4
2076 2075 4
2077 2076 4
2078 2077 4
2079 2078 4
2169 2079 4
2170 2169 4
2171 2170 4
2172 2171 4
2173 2172 4
2174 2173 4
2264 2174 4
2265 2264 4
2355 2265 4
2356 2355 4
2357 2356 4
2358 2357 4
2359 2358 4
2449 2359 4
10549 2449 4
10550 10549 4
10551 10550 4
10552 10551 4
10553 10552 4
10554 10553 4
10555 10554 4
10556 10555 4
10557 10556 4
10558 10557 4
10559 10558 4
10560 10559 4
10561 10560 4
10562 10561 4
10563 10562 4
10564 10563 4
10565 10564 4
10566 10565 4
10656 10566 4
10746 10656 4
10747 10746 4
10748 10747 4
10749 10748 4
10750 10749 4
10840 10750 4
10841 10840 4
10842 10841 4
10932 10842 4
10933 10932 4
11023 10933 4
11024 11023 4
11025 11024 4
11026 11025 4
11116 11026 4
11206 11116 4
11296 11206 4
11297 11296 4
11387 11297 4
11477 11387 4
11567 11477 4
11657 11567 4
11747 11657 4
11837 11747 4
11927 11837 4
12017 11927 4
12107 12017 4
12197 12107 4
12287 12197 4
12377 12287 4
12467 12377 4
12557 12467 4
12647 12557 4
12737 12647 4
12827 12737 4
12917 12827 4
13007 12917 4
13097 13007 4
13187 13097 4
13277 13187 4
13367 13277 4
13368 13367 4
13458 13368 4
13459 13458 4
13460 13459 4
13461 13460 4
13462 13461 4
13552 13462 4
13553 13552 4
13643 13553 4
13733 13643 4
13823 13733 4
13913 13823 4
14003 13913 4
14093 14003 4
14094 14093 4
14095 14094 4
14096 14095 4
14097 14096 4
14187 14097 4
14188 14187 4
14278 14188 4
14368 14278 4
14458 14368 4
14459 14458 4
14460 14459 4
14461 14460 4
14551 14461 4
14641 14551 4
14731 14641 4
14732 14731 4
14822 14732 4
14823 14822 4
14824 14823 4
14914 14824 4
15004 14914 4
15094 15004 4
15095 15094 4
15096 15095 4
15097 15096 4
15098 15097 4
15099 15098 4
15189 15099 4
15279 15189 4
15280 15279 4
15370 15280 4
15371 15370 4
15461 15371 4
15462 15461 4
15552 15462 4
15553 15552 4
15554 15553 4
15555 15554 4
15645 15555 4
15646 15645 4
15647 15646 4
15648 15647 4
15649 15648 4
15650 15649 4
7645 15745 4
7646 7645 4
7647 7646 4
7648 7647 4
7649 7648 4
7650 7649 4
15740 15650 4
15741 15740 4
15742 15741 4
15743 15742 4
15744 15743 4
15745 15744 4
7740 7650 4
7830 7740 4
7920 7830 4
8010 7920 4
8100 8010 4
 70 8170 5
8170 8260 5
8260 8350 5
8350 8440 5
8440 8530 5
8530 8620 5
8620 8710 5
8710 8800 5
8800 8890 5
8890 8980 5
8980 9070 5
9070 9160 5
9160 9250 5
9250 9340 5
9340 9430 5
9430 9520 5
9520 9610 5
9610 9700 5
9700 9790 5
9790 9880 5
9880 9970 5
9970 10060 5
10060 10150 5
10150 10240 5
10240 10330 5
10330 10420 5
10420 10510 5
10510 10600 5
10600 10690 5
10690 10780 5
10780 10870 5
10870 10960 5
10960 11050 5
11050 11140 5
11140 11230 5
11230 11320 5
11320 11410 5
11410 11500 5
11500 11590 5
11590 11680 5
11680 11770 5
11770 11860 5
3850 3851 5
11860 11950 5
3851 3852 5
3852 3853 5
3853 3854 5
3854 3855 5
3855 3856 5
3856 3857 5
3857 3858 5
3858 3859 5
3859 3860 5
3860 3861 5
3861 3862 5
3862 3863 5
3863 3864 5
3864 3865 5
3865 3866 5
3866 3867 5
3867 3868 5
3868 3869 5
3869 3870 5
11940 12030 5
11941 11940 5
11942 11941 5
11943 11942 5
11944 11943 5
11945 11944 5
11946 11945 5
11947 11946 5
11948 11947 5
11949 11948 5
11950 3850 5
11950 11949 5
12030 12120 5
12120 12210 5
12210 12300 5
12300 12390 5
12390 12480 5
12480 12570 5
12570 12660 5
12660 12750 5
12750 12840 5
12840 12930 5
12930 13020 5
13020 13110 5
13110 13200 5
13200 13290 5
13290 13380 5
13380 13470 5
13470 13560 5
13560 13650 5
13650 13740 5
13740 13830 5
13830 13920 5
13920 14010 5
14010 14100 5
14100 14190 5
14190 14280 5
6270 6360 5
14280 14370 5
6360 6450 5
14370 6270 5
6450 6540 5
6540 6630 5
6630 6720 5
6720 6810 5
6810 6900 5
6900 6990 5
6990 7080 5
7080 7170 5
7170 7260 5
7260 7350 5
7350 7440 5
7440 7530 5
7530 7620 5
7620 7710 5
7710 7800 5
7800 7890 5
7890 7980 5
7980 8070 5
 97   7 6
187  97 6
277 187 6
367 277 6
457 367 6
547 457 6
637 547 6
727 637 6
817 727 6
907 817 6
997 907 6
1087 997 6
1177 1087 6
1267 1177 6
1268 1267 6
1358 1268 6
1448 1358 6
1538 1448 6
1628 1538 6
1718 1628 6
1808 1718 6
1898 1808 6
1899 1898 6
1900 1899 6
1901 1900 6
1902 1901 6
1903 1902 6
1904 1903 6
1905 1904 6
1906 1905 6
1907 1906 6
1908 1907 6
1909 1908 6
1910 1909 6
1911 1910 6
1912 1911 6
1913 1912 6
1914 1913 6
1915 1914 6
1916 1915 6
1917 1916 6
1918 1917 6
1919 1918 6
1920 1919 6
1921 1920 6
1922 1921 6
1923 1922 6
1924 1923 6
1925 1924 6
1926 1925 6
1927 1926 6
1928 1927 6
1929 1928 6
1930 1929 6
1931 1930 6
1932 1931 6
1933 1932 6
1934 1933 6
1935 1934 6
1936 1935 6
1937 1936 6
1938 1937 6
1939 1938 6
1940 1939 6
1941 1940 6
1942 1941 6
1943 1942 6
1944 1943 6
1945 1944 6
1946 1945 6
1947 1946 6
1948 1947 6
1949 1948 6
1950 1949 6
1951 1950 6
1952 1951 6
1953 1952 6
1954 1953 6
1955 1954 6
1956 1955 6
1957 1956 6
1958 1957 6
1959 1958 6
1960 1959 6
2050 1960 6
2051 2050 6
2141 2051 6
2231 2141 6
2321 2231 6
2411 2321 6
2501 2411 6
2502 2501 6
2592 2502 6
2682 2592 6
2772 2682 6
2862 2772 6
2863 2862 6
2864 2863 6
2865 2864 6
2866 2865 6
2867 2866 6
2868 2867 6
2869 2868 6
2870 2869 6
2960 2870 6
2961 2960 6
2970 11070 6
11061 2961 6
11062 11061 6
11063 11062 6
11064 11063 6
11065 11064 6
11066 11065 6
11067 11066 6
11068 11067 6
11069 11068 6
11070 11069 6
11070 11160 6
11160 11250 6
11250 11340 6
11340 11430 6
11430 11520 6
11520 11610 6
11610 11700 6
11700 11790 6
11790 11880 6
11880 11970 6
11970 12060 6
12060 12150 6
12150 12240 6
12240 12330 6
12330 12420 6
12420 12510 6
12510 12600 6
12600 12690 6
12690 12780 6
12780 12870 6
12870 12960 6
12960 13050 6
13050 13140 6
13140 13230 6
13230 13320 6
13320 13410 6
13410 13500 6
5490 5580 6
13500 13590 6
5580 5670 6
13590 5490 6
5670 5760 6
5760 5850 6
5850 5940 6
5940 6030 6
6030 6120 6
6120 6210 6
6210 6300 6
6300 6390 6
6390 6480 6
6480 6570 6
6570 6660 6
6660 6750 6
6750 6840 6
6840 6930 6
6930 7020 6
7020 7110 6
7110 7200 6
7200 7290 6
7290 7380 6
7380 7470 6
7470 7560 6
 14  15 7
 15  16 7
 16  17 7
 17  18 7
 18  19 7
 19  20 7
 20  21 7
 21  22 7
 22 8122 7
8122 8212 7
8212 8302 7
8302 8392 7
8392 8482 7
8482 8572 7
8572 8662 7
8662 8752 7
8752 8842 7
8842 8932 7
8932 9022 7
9022 9112 7
9112 9202 7
9202 9292 7
9292 9382 7
9382 9472 7
9472 9562 7
9562 9652 7
9652 9742 7
9742 9832 7
9832 9922 7
9922 10012 7
10012 10102 7
10102 10192 7
10192 10282 7
10282 10372 7
10372 10462 7
10462 10463 7
10463 10464 7
10464 10465 7
10465 10466 7
10466 10467 7
10467 10468 7
10468 10469 7
10469 10470 7
10470 10471 7
10471 10472 7
10472 10473 7
10473 10474 7
10474 10475 7
10475 10476 7
10476 10477 7
10477 10567 7
10567 10657 7
10657 10658 7
10658 10659 7
10659 10660 7
10660 10661 7
10661 10751 7
10751 10752 7
10752 10753 7
10753 10843 7
10843 10844 7
10844 10934 7
10934 10935 7
10935 10936 7
10936 10937 7
10937 11027 7
11027 11117 7
11117 11207 7
11207 11208 7
11208 11298 7
11298 11388 7
3378 3379 7
11388 11478 7
3379 3380 7
3380 3381 7
3381 3382 7
3382 3383 7
3383 3384 7
3384 3385 7
3385 3386 7
3386 3387 7
3387 3388 7
3388 3389 7
3389 3390 7
3390 3391 7
3391 3392 7
3392 3393 7
3393 3394 7
3394 3395 7
3395 3396 7
3396 3397 7
3397 3398 7
3398 3399 7
3399 3400 7
3400 3401 7
3401 3402 7
3402 3403 7
3403 3404 7
3404 3405 7
3405 3406 7
3406 3407 7
3407 3408 7
3408 3409 7
3409 3410 7
3410 3411 7
3411 3412 7
3412 3413 7
3413 3414 7
3414 3415 7
3415 3416 7
3416 3417 7
3417 3418 7
3418 3419 7
3419 3420 7
11478 3378 7
8056 8055 8
8057 8056 8
2161 2251 9
2251 2341 9
2341 2431 9
2431 2521 9
2521 2611 9
2611 2701 9
2701 2791 9
2791 2881 9
2881 2971 9
2971 3061 9
3061 3151 9
3151 11251 9
11251 11341 9
11341 11431 9
11431 11521 9
11521 11611 9
11611 11701 9
11701 11791 9
11791 11881 9
11881 11971 9
11971 12061 9
12061 12151 9
12151 12241 9
12241 12331 9
12331 12421 9
12421 12511 9
12511 12601 9
12601 12691 9
12691 12781 9
12781 12871 9
12871 12961 9
12961 13051 9
13051 13141 9
13141 13231 9
13231 13321 9
13321 13411 9
13411 13501 9
13501 13591 9
13591 13681 9
13681 13771 9
13771 13861 9
13861 13951 9
13951 14041 9
14041 14131 9
14131 14221 9
14221 14311 9
14311 14401 9
14401 14491 9
14491 14581 9
14581 14671 9
14671 14761 9
14761 14851 9
14851 14941 9
14941 15031 9
15031 15121 9
7022 7112 9
15121 15122 9
7112 7202 9
15122 7022 9
7202 7292 9
7292 7382 9
7382 7472 9
7472 7562 9
7562 7652 9
7652 7742 9
7742 7832 9
7832 7922 9
7922 7923 9
7923 8013 9
119  29 10
8219 119 10
8309 8219 10
8399 8309 10
8489 8399 10
8579 8489 10
8669 8579 10
8759 8669 10
8849 8759 10
8939 8849 10
9029 8939 10
9119 9029 10
9209 9119 10
9299 9209 10
9389 9299 10
9479 9389 10
9569 9479 10
9659 9569 10
9749 9659 10
9839 9749 10
9929 9839 10
10019 9929 10
10109 10019 10
10199 10109 10
10289 10199 10
10379 10289 10
10380 10379 10
10381 10380 10
10382 10381 10
10383 10382 10
10384 10383 10
10385 10384 10
10386 10385 10
10387 10386 10
10388 10387 10
10478 10388 10
10568 10478 10
10569 10568 10
10570 10569 10
10571 10570 10
10572 10571 10
10662 10572 10
10663 10662 10
10664 10663 10
10754 10664 10
10755 10754 10
10845 10755 10
10846 10845 10
10847 10846 10
10848 10847 10
10938 10848 10
11028 10938 10
11118 11028 10
11119 11118 10
11209 11119 10
11299 11209 10
11389 11299 10
11479 11389 10
11569 11479 10
3560 11660 10
3561 3560 10
3562 3561 10
3563 3562 10
3564 3563 10
3565 3564 10
3566 3565 10
3567 3566 10
3568 3567 10
3569 3568 10
3570 3569 10
3571 3570 10
3572 3571 10
3573 3572 10
3574 3573 10
3575 3574 10
3576 3575 10
3577 3576 10
11659 11569 10
11660 11659 10
3667 3577 10
3668 3667 10
3669 3668 10
3670 3669 10
3671 3670 10
3672 3671 10
3673 3672 10
3674 3673 10
3675 3674 10
3676 3675 10
3677 3676 10
3678 3677 10
3679 3678 10
3680 3679 10
3681 3680 10
3682 3681 10
3683 3682 10
3684 3683 10
3685 3684 10
3686 3685 10
3687 3686 10
3688 3687 10
3689 3688 10
3690 3689 10
180  90 11
270 180 11
360 270 11
450 360 11
8550 450 11
8640 8550 11
8730 8640 11
8820 8730 11
8910 8820 11
9000 8910 11
9090 9000 11
9180 9090 11
9270 9180 11
9360 9270 11
9450 9360 11
9540 9450 11
9630 9540 11
9720 9630 11
9810 9720 11
9900 9810 11
9990 9900 11
10080 9990 11
10170 10080 11
10260 10170 11
10350 10260 11
10440 10350 11
10530 10440 11
10620 10530 11
10710 10620 11
10800 10710 11
10890 10800 11
10970 10971 11
10971 10972 11
10972 10973 11
10973 10974 11
10974 10975 11
10975 10976 11
10976 10977 11
10977 10978 11
10978 10979 11
10979 10980 11
10980 10890 11
11060 10970 11
11150 11060 11
11240 11150 11
11330 11240 11
11420 11330 11
11510 11420 11
11600 11510 11
11690 11600 11
11780 11690 11
11870 11780 11
11960 11870 11
12050 11960 11
12140 12050 11
12230 12140 11
12320 12230 11
12410 12320 11
12500 12410 11
12590 12500 11
12680 12590 11
12770 12680 11
12860 12770 11
12950 12860 11
13040 12950 11
13130 13040 11
13220 13130 11
13310 13220 11
13400 13310 11
13490 13400 11
13580 13490 11
13670 13580 11
13760 13670 11
13850 13760 11
13940 13850 11
14030 13940 11
14120 14030 11
6179 6180 11
6180 6181 11
6181 6182 11
6182 6183 11
6183 6184 11
6184 6185 11
6185 6186 11
6186 6187 11
6187 6188 11
6188 6189 11
6189 6190 11
6190 6191 11
6191 6192 11
6192 6193 11
6193 6194 11
6194 14294 11
14210 14120 11
6269 6179 11
14294 14295 11
14295 14296 11
14296 14297 11
14297 14298 11
14298 14299 11
14299 14300 11
14300 14210 11
6359 6269 11
6449 6359 11
6539 6449 11
6629 6539 11
6719 6629 11
6809 6719 11
6899 6809 11
6989 6899 11
7079 6989 11
7169 7079 11
7259 7169 11
7349 7259 11
7439 7349 11
7529 7439 11
7619 7529 11
7709 7619 11
7799 7709 11
7889 7799 11
7964 7965 11
7965 7966 11
7966 7967 11
7967 7968 11
7968 7969 11
7969 7970 11
7970 7971 11
7971 7972 11
7972 7973 11
7973 7974 11
7974 7975 11
7975 7976 11
7976 7977 11
7977 7978 11
7978 7979 11
7979 7889 11
8047 8048 11
8048 8049 11
8049 8050 11
8050 8051 11
8051 8052 11
8052 8053 11
8053 8054 11
8054 7964 11
