# Cost: 713

# Tail Head Net
100  40 1
160 100 1
220 160 1
280 220 1
340 280 1
400 340 1
460 400 1
461 460 1
462 461 1
463 462 1
464 463 1
465 464 1
466 465 1
467 466 1
468 467 1
469 468 1
470 469 1
471 470 1
472 471 1
473 472 1
474 473 1
475 474 1
476 475 1
477 476 1
478 477 1
479 478 1
480 479 1
540 480 1
600 540 1
660 600 1
720 660 1
780 720 1
840 780 1
900 840 1
960 900 1
1020 960 1
1080 1020 1
1140 1080 1
1200 1140 1
1260 1200 1
1320 1260 1
1380 1320 1
1440 1380 1
1500 1440 1
1560 1500 1
2100 2040 2
2160 2100 2
2220 2160 2
2280 2220 2
2340 2280 2
2400 2340 2
2408 2468 2
2409 2408 2
2410 2409 2
2411 2410 2
2412 2411 2
2413 2412 2
2414 2413 2
2415 2414 2
2416 2415 2
2417 2416 2
2418 2417 2
2419 2418 2
2420 2419 2
2421 2420 2
2422 2421 2
2423 2422 2
2424 2423 2
2425 2424 2
2426 2425 2
2427 2426 2
2428 2427 2
2429 2428 2
2430 2429 2
2431 2430 2
2432 2431 2
2433 2432 2
2434 2433 2
2435 2434 2
2436 2435 2
2437 2436 2
2438 2437 2
2439 2438 2
2440 2439 2
2441 2440 2
2442 2441 2
2443 2442 2
2444 2443 2
2445 2444 2
2446 2445 2
2447 2446 2
2448 2447 2
2449 2448 2
2450 2449 2
2451 2450 2
2452 2451 2
2453 2452 2
2454 2453 2
2455 2454 2
2456 2455 2
2457 2456 2
2458 2457 2
2459 2458 2
2460 2400 2
2460 2459 2
2468 2528 2
2528 2588 2
2588 2648 2
2648 2708 2
2708 2768 2
2768 2828 2
2828 2888 2
2888 2948 2
2948 3008 2
3008 3068 2
3068 3128 2
3128 3188 2
3188 3248 2
3248 3308 2
3308 3368 2
3368 3428 2
3428 3488 2
3488 3548 2
3121 3122 3
3122 3123 3
3123 3124 3
3124 3125 3
3125 3126 3
3126 6726 3
6726 6727 3
6727 6728 3
6728 6729 3
6729 6730 3
6730 6731 3
6731 6732 3
6732 6733 3
6733 6734 3
6734 6794 3
6794 6795 3
6795 6796 3
6796 6856 3
6856 6857 3
6857 6858 3
6858 6859 3
6859 6860 3
6860 6861 3
3321 3322 3
6861 6921 3
3322 3323 3
3323 3324 3
3324 3325 3
3325 3326 3
3326 3327 3
3327 3387 3
6921 3321 3
3387 3447 3
3447 3507 3
3507 3567 3
3567 3568 3
3568 3569 3
3569 3570 3
3542 3541 4
3543 3542 4
3544 3543 4
3545 3544 4
3546 3545 4
3574 7174 4
3575 3574 4
3576 3575 4
3577 3576 4
3578 3577 4
3579 3578 4
7146 3546 4
7147 7146 4
7148 7147 4
7149 7148 4
7150 7149 4
7151 7150 4
7152 7151 4
7153 7152 4
7154 7153 4
7155 7154 4
7156 7155 4
7157 7156 4
7158 7157 4
7159 7158 4
7160 7159 4
7161 7160 4
7162 7161 4
7163 7162 4
7164 7163 4
7165 7164 4
7166 7165 4
7167 7166 4
7168 7167 4
7169 7168 4
7170 7169 4
7171 7170 4
7172 7171 4
7173 7172 4
7174 7173 4
3841 241 5
3901 3841 5
3961 3901 5
4021 3961 5
4081 4021 5
4141 4081 5
4201 4141 5
4261 4201 5
4321 4261 5
4381 4321 5
4441 4381 5
4501 4441 5
4561 4501 5
4621 4561 5
4681 4621 5
4741 4681 5
4801 4741 5
4861 4801 5
4921 4861 5
4981 4921 5
5041 4981 5
5101 5041 5
5161 5101 5
5221 5161 5
5281 5221 5
5341 5281 5
5401 5341 5
5461 5401 5
5521 5461 5
5581 5521 5
5641 5581 5
5701 5641 5
5761 5701 5
5821 5761 5
5881 5821 5
5941 5881 5
6001 5941 5
6061 6001 5
6121 6061 5
6181 6121 5
6241 6181 5
6301 6241 5
6361 6301 5
6421 6361 5
6481 6421 5
6541 6481 5
6601 6541 5
6661 6601 5
6721 6661 5
6781 6721 5
6841 6781 5
6901 6841 5
6961 6901 5
7021 6961 5
3510 7110 5
3511 3510 5
3512 3511 5
3513 3512 5
3514 3513 5
3515 3514 5
3516 3515 5
3517 3516 5
3518 3517 5
3519 3518 5
3520 3519 5
7081 7021 5
7082 7081 5
7083 7082 5
7084 7083 5
7085 7084 5
7086 7085 5
7087 7086 5
7088 7087 5
7089 7088 5
7090 7089 5
7091 7090 5
7092 7091 5
7093 7092 5
7094 7093 5
7095 7094 5
7096 7095 5
7097 7096 5
7098 7097 5
7099 7098 5
7100 7099 5
7101 7100 5
7102 7101 5
7103 7102 5
7104 7103 5
7105 7104 5
7106 7105 5
7107 7106 5
7108 7107 5
7109 7108 5
7110 7109 5
3580 3520 5
3581 3580 5
3582 3581 5
3060 3120 6
3120 3180 6
3180 3240 6
3240 3300 6
3300 3360 6
3360 3420 6
1921 1922 7
1922 1923 7
1923 1924 7
1924 1925 7
1925 1926 7
1926 1986 7
1986 2046 7
2046 2106 7
2106 2166 7
2166 2167 7
2167 2168 7
2168 2169 7
2169 2170 7
2170 2230 7
2230 2231 7
2231 2232 7
2232 2233 7
2233 2293 7
2293 5893 7
5893 5953 7
5953 6013 7
6013 6014 7
6014 6074 7
6074 6134 7
6134 6135 7
6135 6195 7
6195 6255 7
6255 6315 7
2718 2778 7
6315 6316 7
6316 6317 7
6317 6318 7
2778 2838 7
6318 2718 7
2838 2898 7
2898 2958 7
2958 3018 7
3018 3078 7
3078 3138 7
3138 3198 7
3198 3258 7
3258 3318 7
3318 3378 7
3378 3438 7
3438 3498 7
3498 3558 7
1681 1621 8
1741 1681 8
1801 1741 8
1861 1801 8
1862 1861 8
1863 1862 8
1864 1863 8
1865 1864 8
1866 1865 8
1867 1866 8
1927 1867 8
1987 1927 8
2047 1987 8
2107 2047 8
2108 2107 8
2109 2108 8
2110 2109 8
2111 2110 8
2171 2111 8
2172 2171 8
2173 2172 8
2174 2173 8
2234 2174 8
2294 2234 8
2354 2294 8
5954 2354 8
5955 5954 8
6015 5955 8
6016 6015 8
6017 6016 8
6018 6017 8
6019 6018 8
6020 6019 8
6021 6020 8
6022 6021 8
6023 6022 8
6024 6023 8
6025 6024 8
6026 6025 8
6027 6026 8
6028 6027 8
6029 6028 8
6030 6029 8
6031 6030 8
6032 6031 8
6033 6032 8
6034 6033 8
6035 6034 8
6036 6035 8
6037 6036 8
6038 6037 8
6039 6038 8
6040 6039 8
6041 6040 8
6042 6041 8
6043 6042 8
6044 6043 8
6045 6044 8
6046 6045 8
6047 6046 8
6048 6047 8
6049 6048 8
6050 6049 8
6051 6050 8
6052 6051 8
6053 6052 8
6054 6053 8
6055 6054 8
6056 6055 8
6057 6056 8
6058 6057 8
6059 6058 8
6119 6059 8
6179 6119 8
6239 6179 8
2700 6300 8
6299 6239 8
6300 6299 8
1441 1381 9
1501 1441 9
1502 1501 9
1562 1502 9
1622 1562 9
1682 1622 9
1742 1682 9
1802 1742 9
5402 1802 9
5462 5402 9
5463 5462 9
5523 5463 9
5583 5523 9
5584 5583 9
5585 5584 9
5645 5585 9
5705 5645 9
5706 5705 9
5707 5706 9
5767 5707 9
5827 5767 9
5887 5827 9
5947 5887 9
6007 5947 9
6067 6007 9
6127 6067 9
6128 6127 9
6188 6128 9
6248 6188 9
6249 6248 9
6309 6249 9
2770 6370 9
6310 6309 9
2771 2770 9
6370 6310 9
2831 2771 9
2891 2831 9
2951 2891 9
2952 2951 9
3012 2952 9
3072 3012 9
3132 3072 9
3133 3132 9
3193 3133 9
3253 3193 9
3313 3253 9
3373 3313 9
3433 3373 9
3493 3433 9
3553 3493 9
661 601 10
721 661 10
781 721 10
841 781 10
901 841 10
961 901 10
1021 961 10
1081 1021 10
1141 1081 10
1201 1141 10
1261 1201 10
1321 1261 10
1322 1321 10
1382 1322 10
1442 1382 10
5042 1442 10
5102 5042 10
5162 5102 10
5222 5162 10
5282 5222 10
5283 5282 10
5284 5283 10
5344 5284 10
5404 5344 10
5464 5404 10
5524 5464 10
5525 5524 10
5526 5525 10
5586 5526 10
5646 5586 10
5647 5646 10
5648 5647 10
5708 5648 10
5768 5708 10
5828 5768 10
5888 5828 10
5948 5888 10
6008 5948 10
6068 6008 10
6069 6068 10
2533 6133 10
2534 2533 10
2535 2534 10
2536 2535 10
2537 2536 10
2538 2537 10
2539 2538 10
2540 2539 10
2541 2540 10
2542 2541 10
2543 2542 10
2544 2543 10
2545 2544 10
2546 2545 10
2547 2546 10
2548 2547 10
2549 2548 10
2550 2549 10
2551 2550 10
2552 2551 10
2553 2552 10
2554 2553 10
2555 2554 10
2556 2555 10
2557 2556 10
2558 2557 10
2559 2558 10
2560 2559 10
2561 2560 10
2562 2561 10
2563 2562 10
2564 2563 10
2565 2564 10
2566 2565 10
2567 2566 10
2568 2567 10
2569 2568 10
2570 2569 10
2571 2570 10
2572 2571 10
2573 2572 10
2574 2573 10
2575 2574 10
2576 2575 10
2577 2576 10
2578 2577 10
2579 2578 10
2580 2579 10
6129 6069 10
6130 6129 10
6131 6130 10
6132 6131 10
6133 6132 10
  2  62 11
 61 121 11
  3   2 11
 62  61 11
  4   3 11
  5   4 11
  6   5 11
  7   6 11
  8   7 11
  9   8 11
 10   9 11
 11  10 11
 12  11 11
 13  12 11
 14  13 11
 15  14 11
 16  15 11
 17  16 11
 18  17 11
 19  18 11
 20  19 11
 21  20 11
 22  21 11
 23  22 11
 24  23 11
 25  24 11
 26  25 11
 51  50 12
 52  51 12
 53  52 12
 54  53 12
 55  54 12
 56  55 12
 57  56 12
3649  49 13
3709 3649 13
3769 3709 13
3829 3769 13
3889 3829 13
3949 3889 13
4009 3949 13
4069 4009 13
4129 4069 13
4189 4129 13
4249 4189 13
4309 4249 13
4369 4309 13
4429 4369 13
4489 4429 13
4549 4489 13
4609 4549 13
4669 4609 13
4729 4669 13
4789 4729 13
4849 4789 13
4909 4849 13
4969 4909 13
5029 4969 13
5089 5029 13
5149 5089 13
5209 5149 13
5269 5209 13
5329 5269 13
5389 5329 13
5449 5389 13
5508 5509 13
5509 5449 13
5568 5508 13
5628 5568 13
5688 5628 13
5748 5688 13
5788 5789 13
5789 5790 13
5790 5791 13
5791 5792 13
5792 5793 13
5793 5794 13
5794 5795 13
5795 5796 13
5796 5797 13
5797 5798 13
5798 5799 13
5799 5800 13
5800 5801 13
5801 5802 13
5802 5803 13
5803 5804 13
5804 5805 13
5805 5806 13
5806 5807 13
5807 5808 13
5808 5748 13
2292 5892 13
5832 5833 13
5833 5834 13
5834 5835 13
5835 5836 13
5836 5837 13
5837 5838 13
5838 5839 13
5839 5840 13
5840 5841 13
5841 5842 13
5842 5843 13
5843 5844 13
5844 5845 13
5845 5846 13
5846 5847 13
5847 5848 13
5848 5788 13
2347 2348 13
2348 2349 13
2349 2350 13
2350 2351 13
2351 2352 13
2352 2292 13
5892 5832 13
2407 2347 13
2467 2407 13
2527 2467 13
2587 2527 13
2647 2587 13
2707 2647 13
2767 2707 13
2827 2767 13
2887 2827 13
2947 2887 13
3007 2947 13
3067 3007 13
3127 3067 13
3181 3182 13
3182 3183 13
3183 3184 13
3184 3185 13
3185 3186 13
3186 3187 13
3187 3127 13
3241 3181 13
3301 3241 13
3361 3301 13
3421 3361 13
