# Cost: 1010

# Tail Head Net
  5  75 1
 74 144 1
  6   5 1
 75  74 1
  7   6 1
  8   7 1
  9   8 1
 10   9 1
 11  10 1
 12  11 1
 13  12 1
 14  13 1
 15  14 1
 85  15 1
 86  85 1
 87  86 1
 88  87 1
 89  88 1
 90  89 1
143 213 1
144 143 1
160  90 1
161 160 1
162 161 1
163 162 1
164 163 1
165 164 1
200 270 1
201 200 1
202 201 1
203 202 1
204 203 1
205 204 1
206 205 1
207 206 1
208 207 1
209 208 1
212 282 1
213 212 1
235 165 1
236 235 1
265 335 1
266 265 1
267 266 1
268 267 1
269 268 1
270 269 1
279 209 1
280 210 1
280 279 1
282 352 1
306 236 1
307 306 1
308 307 1
309 308 1
310 309 1
311 310 1
312 311 1
313 312 1
314 313 1
315 314 1
316 315 1
317 316 1
318 317 1
319 318 1
320 319 1
321 320 1
322 321 1
323 322 1
324 323 1
325 324 1
326 325 1
327 326 1
328 327 1
329 328 1
330 329 1
331 330 1
332 331 1
333 332 1
334 333 1
335 334 1
350 280 1
352 422 1
420 350 1
422 492 1
490 420 1
492 562 1
560 490 1
562 632 1
630 560 1
632 702 1
700 630 1
702 772 1
770 700 1
772 771 1
840 770 1
910 840 1
980 910 1
1050 980 1
1120 1050 1
1190 1120 1
1260 1190 1
1329 1399 1
1330 1260 1
1330 1329 1
1399 1469 1
1469 1539 1
1539 1609 1
1609 6509 1
6509 6579 1
6579 6649 1
6649 6719 1
1889 1959 1
6719 6789 1
1959 2029 1
6789 1889 1
2029 2099 1
2099 6999 1
6999 7069 1
7069 7139 1
7139 7209 1
7209 7279 1
7279 7349 1
7349 7419 1
7419 7489 1
7489 7559 1
7559 7629 1
7629 7699 1
7699 7769 1
7769 7839 1
7839 7909 1
7909 7979 1
3149 3219 1
7979 8049 1
3219 3289 1
8049 3149 1
3289 3359 1
3359 3360 1
3360 3430 1
3430 3500 1
3500 3570 1
3570 3640 1
141 5041 2
5041 5111 2
5111 5181 2
5181 5251 2
5251 5321 2
5321 5391 2
5391 5461 2
5461 5531 2
5531 5601 2
5601 5671 2
5671 5741 2
5741 5811 2
5811 5881 2
5881 5951 2
5951 6021 2
6021 6091 2
6091 6161 2
6161 6231 2
6231 6301 2
6301 6371 2
6371 6441 2
6441 6511 2
1681 1751 2
6511 6581 2
1751 1821 2
6581 1681 2
1821 1891 2
1891 1961 2
1961 2031 2
2031 2101 2
2101 2171 2
2171 2241 2
2241 2311 2
2311 2381 2
2381 2451 2
2451 2521 2
2521 2591 2
2591 2661 2
2661 2731 2
2731 2801 2
2801 2802 2
2802 2872 2
2872 2942 2
2942 3012 2
3012 3082 2
3082 3152 2
3152 3222 2
3222 3292 2
3292 3293 2
3293 3363 2
3363 3433 2
3433 3503 2
3503 3573 2
3573 3643 2
3643 3713 2
3713 3783 2
3783 3853 2
3853 3923 2
3923 3993 2
3993 4063 2
4063 4133 2
4133 4203 2
4203 4273 2
4273 4343 2
4343 4344 2
4344 4345 2
4345 4346 2
4346 4347 2
4347 4417 2
4417 4487 2
4487 4557 2
4557 4627 2
4627 4628 2
4628 4698 2
4698 4699 2
4699 4700 2
4700 4770 2
4770 4771 2
4771 4772 2
4772 4773 2
4773 4774 2
4774 4775 2
4775 4776 2
4776 4777 2
4776 4846 2
4777 4778 2
4778 4779 2
4779 4780 2
4780 4781 2
4781 4782 2
4782 4783 2
4783 4784 2
4784 4785 2
4784 4854 2
4785 4786 2
4786 4787 2
4787 9687 2
9687 9688 2
9688 9689 2
9689 9759 2
4889 4890 2
4890 4891 2
4891 4892 2
9759 9760 2
9760 9761 2
9761 9762 2
9762 9763 2
9763 9764 2
9764 9765 2
9765 9766 2
9766 9767 2
9767 9768 2
9768 9769 2
9769 9770 2
9770 9771 2
9771 9772 2
9772 9773 2
9773 9774 2
9774 9775 2
9775 9776 2
9776 9777 2
9777 9778 2
9778 9779 2
9779 9780 2
9780 9781 2
9781 9782 2
9782 9783 2
9783 9784 2
9784 9785 2
9785 9786 2
9786 9787 2
9787 9788 2
9788 9789 2
9789 4889 2
4922  22 3
4992 4922 3
5062 4992 3
5132 5062 3
5202 5132 3
5272 5202 3
5342 5272 3
5412 5342 3
5482 5412 3
5552 5482 3
5553 5552 3
5554 5553 3
5624 5554 3
5694 5624 3
5764 5694 3
5834 5764 3
5904 5834 3
5974 5904 3
5975 5974 3
6045 5975 3
6046 6045 3
6047 6046 3
6117 6047 3
6187 6117 3
6188 6187 3
6189 6188 3
6190 6189 3
6260 6190 3
6330 6260 3
6400 6330 3
6470 6400 3
6471 6470 3
6541 6471 3
6611 6541 3
6681 6611 3
6751 6681 3
6752 6751 3
6753 6752 3
6754 6753 3
6755 6754 3
6756 6755 3
6757 6756 3
6758 6757 3
6759 6758 3
6760 6759 3
6761 6760 3
6762 6761 3
6763 6762 3
6764 6763 3
6765 6764 3
6766 6765 3
6767 6766 3
6768 6767 3
6769 6768 3
6770 6769 3
6771 6770 3
6772 6771 3
6773 6772 3
6774 6773 3
6775 6774 3
6776 6775 3
6777 6776 3
6778 6777 3
6779 6778 3
6780 6779 3
6781 6780 3
6782 6781 3
6783 6782 3
6784 6783 3
6785 6784 3
6786 6785 3
6787 6786 3
6788 6787 3
1960 2030 3
1960 6860 3
6858 6788 3
6859 6858 3
2030 2100 3
6860 6859 3
2100 2170 3
2170 2240 3
2240 2310 3
2310 2380 3
2380 2450 3
2450 2520 3
2520 2590 3
2590 2660 3
2658 2728 3
2659 2658 3
2660 2659 3
2728 2798 3
2796 2866 3
2797 2796 3
2798 2797 3
2866 2936 3
2935 3005 3
2936 2935 3
3005 3075 3
3072 3142 3
3073 3072 3
3074 3073 3
3075 3074 3
3142 3212 3
3212 3282 3
3282 3352 3
3352 3422 3
3422 3492 3
3492 3562 3
3562 3632 3
3632 3702 3
3702 3772 3
3772 3842 3
3839 3909 3
3840 3839 3
3841 3840 3
3842 3841 3
3909 3979 3
3979 4049 3
4049 4119 3
4119 4189 3
4188 4258 3
4189 4188 3
4258 4328 3
4328 4398 3
4398 4468 3
4468 4538 3
4538 4608 3
4608 4678 3
4678 4748 3
4747 4817 3
4748 4747 3
4815 4885 3
4816 4815 3
4817 4816 3
4885 4884 3
4969  69 4
5039 4969 4
5109 5039 4
5110 5109 4
5180 5110 4
5250 5180 4
5320 5250 4
5390 5320 4
5460 5390 4
5530 5460 4
5600 5530 4
5670 5600 4
5740 5670 4
5810 5740 4
5880 5810 4
5950 5880 4
6020 5950 4
6090 6020 4
6160 6090 4
6230 6160 4
6300 6230 4
6370 6300 4
6440 6370 4
6510 6440 4
6580 6510 4
6650 6580 4
6720 6650 4
6790 6720 4
6930 11830 4
7000 6930 4
7070 7000 4
7140 7070 4
7210 7140 4
7280 7210 4
7350 7280 4
7420 7350 4
7490 7420 4
7560 7490 4
7630 7560 4
2870 7770 4
7700 7630 4
2940 2870 4
7770 7700 4
3010 2940 4
3080 3010 4
3150 3080 4
3150 3220 4
3220 8120 4
8110 8180 4
8111 8110 4
8112 8111 4
8113 8112 4
8114 8113 4
8115 8114 4
8116 8115 4
8117 8116 4
8118 8117 4
8119 8118 4
8120 8119 4
8172 8242 4
8173 8172 4
8174 8173 4
8175 8174 4
8176 8175 4
8177 8176 4
8178 8177 4
8179 8178 4
8180 8179 4
8241 8311 4
8242 8241 4
8297 8367 4
8298 8297 4
8299 8298 4
8300 8299 4
8301 8300 4
8302 8301 4
8303 8302 4
8304 8303 4
8305 8304 4
8306 8305 4
8307 8306 4
8308 8307 4
8309 8308 4
8310 8309 4
8311 8310 4
8364 8434 4
8365 8364 4
8366 8365 4
8367 8366 4
8431 8501 4
8432 8431 4
8433 8432 4
8434 8433 4
8500 8570 4
8501 8500 4
8566 8636 4
8567 8566 4
8568 8567 4
8569 8568 4
8570 8569 4
8633 8703 4
8634 8633 4
8635 8634 4
8636 8635 4
8697 8767 4
8698 8697 4
8699 8698 4
8700 8699 4
8701 8700 4
8702 8701 4
8703 8702 4
8763 8833 4
8764 8763 4
8765 8764 4
8766 8765 4
8767 8766 4
8831 8901 4
8832 8831 4
8833 8832 4
8899 8969 4
8900 8899 4
8901 8900 4
8965 9035 4
8966 8965 4
8967 8966 4
8968 8967 4
8969 8968 4
9035 9105 4
9105 9175 4
9175 9245 4
4414 4484 4
4415 4414 4
9245 9315 4
4481 4551 4
4482 4481 4
4483 4482 4
4484 4483 4
9315 4415 4
11690 6790 4
11760 11690 4
11830 11760 4
2799 2800 5
2800 2730 5
2868 2869 5
2869 2799 5
7767 7768 5
7768 2868 5
7837 7767 5
7906 7907 5
7907 7837 5
7971 7972 5
7972 7973 5
7973 7974 5
7974 7975 5
7975 7976 5
7976 7906 5
3207 8107 5
8039 8040 5
8040 8041 5
8041 7971 5
3277 3207 5
8107 8108 5
8108 8109 5
8109 8039 5
3347 3277 5
3417 3347 5
3487 3417 5
3557 3487 5
3626 3627 5
3627 3557 5
3690 3691 5
3691 3692 5
3692 3693 5
3693 3694 5
3694 3695 5
3695 3696 5
3696 3626 5
3760 3690 5
3830 3760 5
3900 3830 5
3968 3969 5
3969 3970 5
3970 3900 5
4038 3968 5
4108 4038 5
4178 4108 5
4248 4178 5
4318 4248 5
4386 4387 5
4387 4388 5
4388 4318 5
4456 4386 5
4526 4456 5
4594 4595 5
4595 4596 5
4596 4526 5
4662 4663 5
4663 4664 5
4664 4594 5
4728 4729 5
4729 4730 5
4730 4731 5
4731 4732 5
4732 4662 5
4798 4728 5
4841 9741 5
4858 4859 5
4859 4860 5
4860 4861 5
4861 4862 5
4862 4863 5
4863 4864 5
4864 4865 5
4865 4866 5
4866 4867 5
4867 4868 5
4868 4798 5
9741 9742 5
9742 9743 5
9743 9744 5
9744 9745 5
9745 9746 5
9746 9747 5
9747 9748 5
9748 9749 5
9749 9750 5
9750 9751 5
9751 9752 5
9752 9753 5
9753 9754 5
9754 9755 5
9755 9756 5
9756 9757 5
9757 9758 5
9758 4858 5
3851 3921 6
3921 3991 6
3991 4061 6
4061 4131 6
4131 9031 6
9031 9101 6
9101 9171 6
9171 9241 6
9241 9311 6
9311 9381 6
9381 9451 6
4621 4691 6
9451 9521 6
4691 4761 6
9521 4621 6
4761 4762 6
4762 4763 6
4763 4833 6
4833 4834 6
4834 4835 6
4932  32 7
5002 4932 7
5072 5002 7
5142 5072 7
5212 5142 7
5282 5212 7
5352 5282 7
5422 5352 7
5492 5422 7
5562 5492 7
5632 5562 7
5702 5632 7
5772 5702 7
5842 5772 7
5912 5842 7
5982 5912 7
6052 5982 7
6122 6052 7
6192 6122 7
6262 6192 7
6332 6262 7
6402 6332 7
6472 6402 7
6542 6472 7
6612 6542 7
6682 6612 7
4803 9703 7
4873 4803 7
9703 14603 7
4874 4873 7
4875 4874 7
11582 6682 7
11652 11582 7
11722 11652 7
11792 11722 7
11862 11792 7
11932 11862 7
12002 11932 7
12072 12002 7
12142 12072 7
12212 12142 7
12282 12212 7
12352 12282 7
12422 12352 7
12492 12422 7
12562 12492 7
12632 12562 7
12702 12632 7
12772 12702 7
12842 12772 7
12912 12842 7
12982 12912 7
13052 12982 7
13122 13052 7
13192 13122 7
13262 13192 7
13332 13262 7
13402 13332 7
13472 13402 7
13542 13472 7
13612 13542 7
13682 13612 7
13752 13682 7
13822 13752 7
13892 13822 7
13962 13892 7
14032 13962 7
14102 14032 7
14172 14102 7
14242 14172 7
14312 14242 7
14382 14312 7
14383 14382 7
14453 14383 7
14523 14453 7
14524 14523 7
14525 14524 7
14526 14525 7
14527 14526 7
14528 14527 7
14529 14528 7
14530 14529 7
14531 14530 7
14601 14531 7
14602 14601 7
14603 14602 7
3151 8051 8
8051 8052 8
8052 8053 8
8053 8054 8
8054 8124 8
8124 8194 8
8194 8264 8
8264 8334 8
8334 8404 8
8404 8474 8
8474 8544 8
8544 8614 8
8614 8684 8
8684 8754 8
8754 8824 8
8824 8894 8
8894 8964 8
8964 9034 8
9034 9104 8
9104 9174 8
9174 9244 8
9244 9314 8
9314 9384 8
9384 9385 8
9385 9386 8
9386 9387 8
9387 9388 8
9388 9389 8
9389 9390 8
9390 9391 8
9391 9392 8
9392 9393 8
9393 9394 8
9394 9395 8
9395 9396 8
9396 9397 8
9397 9467 8
9467 9537 8
4681 4682 8
4682 4683 8
4683 4684 8
4684 4685 8
4685 4686 8
4686 4756 8
9537 9538 8
9538 9539 8
9539 9540 8
9540 9541 8
9541 9542 8
9542 9543 8
9543 9544 8
9544 9545 8
9545 9546 8
9546 9547 8
9547 9548 8
9548 9549 8
9549 9550 8
9550 9551 8
9551 9552 8
9552 9553 8
9553 9554 8
9554 9555 8
9555 9556 8
9556 9557 8
9557 9558 8
9558 9559 8
9559 9560 8
9560 9561 8
9561 9562 8
9562 9563 8
9563 9564 8
9564 9565 8
9565 9566 8
9566 9567 8
9567 9568 8
9568 9569 8
9569 9570 8
9570 9571 8
9571 9572 8
9572 9573 8
9573 9574 8
9574 9575 8
9575 9576 8
9576 9577 8
9577 9578 8
9578 9579 8
9579 9580 8
9580 9581 8
9581 4681 8
4756 4757 8
4757 4758 8
4758 4759 8
4759 4829 8
4829 4899 8
981 911 9
982 981 9
1052 982 9
1122 1052 9
1123 1122 9
1193 1123 9
1194 1193 9
1264 1194 9
1334 1264 9
1404 1334 9
1474 1404 9
1544 1474 9
1614 1544 9
1684 1614 9
1754 1684 9
1824 1754 9
1894 1824 9
1964 1894 9
2034 1964 9
2104 2034 9
2174 2104 9
2244 2174 9
2314 2244 9
2384 2314 9
2454 2384 9
2524 2454 9
2525 2524 9
2595 2525 9
2665 2595 9
2735 2665 9
2805 2735 9
2875 2805 9
2945 2875 9
3015 2945 9
3085 3015 9
3155 3085 9
3225 3155 9
3295 3225 9
3365 3295 9
3435 3365 9
3505 3435 9
3575 3505 9
3645 3575 9
3715 3645 9
3716 3715 9
3786 3716 9
3787 3786 9
3857 3787 9
3927 3857 9
3997 3927 9
4067 3997 9
4068 4067 9
4138 4068 9
4139 4138 9
4209 4139 9
4279 4209 9
4349 4279 9
4419 4349 9
4489 4419 9
4559 4489 9
9459 4559 9
9529 9459 9
9599 9529 9
4839 9739 9
9669 9599 9
9739 9669 9
 97  27 10
167  97 10
237 167 10
5137 237 10
5207 5137 10
5277 5207 10
5347 5277 10
5417 5347 10
5487 5417 10
5557 5487 10
5627 5557 10
5697 5627 10
5767 5697 10
5837 5767 10
5907 5837 10
5976 5977 10
5977 5907 10
4832 9732 10
9732 14632 10
10876 5976 10
10946 10876 10
11016 10946 10
11086 11016 10
11156 11086 10
11226 11156 10
11296 11226 10
11366 11296 10
11436 11366 10
11506 11436 10
11576 11506 10
11646 11576 10
11716 11646 10
11786 11716 10
11856 11786 10
11926 11856 10
11996 11926 10
12066 11996 10
12136 12066 10
12206 12136 10
12276 12206 10
12346 12276 10
12416 12346 10
12486 12416 10
12556 12486 10
12626 12556 10
12696 12626 10
12766 12696 10
12836 12766 10
12906 12836 10
12976 12906 10
13046 12976 10
13116 13046 10
13186 13116 10
13256 13186 10
13326 13256 10
13396 13326 10
13466 13396 10
13536 13466 10
13606 13536 10
13676 13606 10
13746 13676 10
13816 13746 10
13886 13816 10
14446 14376 10
14514 14515 10
14515 14516 10
14516 14446 10
14584 14514 10
14632 14633 10
14633 14634 10
14634 14635 10
14635 14636 10
14636 14637 10
14637 14638 10
14638 14639 10
14639 14640 10
14640 14641 10
14641 14642 10
14642 14643 10
14643 14644 10
14644 14645 10
14645 14646 10
14646 14647 10
14647 14648 10
14648 14649 10
14649 14650 10
14650 14651 10
14651 14652 10
14652 14653 10
14653 14654 10
14654 14584 10
13956 13886 10
14026 13956 10
14096 14026 10
14166 14096 10
14236 14166 10
14306 14236 10
14376 14306 10
