# Cost: 1064

# Tail Head Net
 33  83 1
 83 133 1
133 2633 1
2633 2683 1
2683 2733 1
2733 2783 1
2750 250 1
2783 2833 1
2800 2750 1
2833 2834 1
2834 5334 1
2850 2800 1
1451 1401 1
3951 1451 1
3952 3951 1
2444 2494 1
4944 2444 1
5334 5335 1
5334 5384 1
5335 5336 1
5336 5337 1
5337 5338 1
5338 5339 1
5339 5340 1
5340 5341 1
5341 5342 1
5342 5343 1
5343 5344 1
5344 5345 1
5345 5346 1
5346 5347 1
5347 5348 1
5348 5349 1
5349 5350 1
5350 2850 1
5384 5434 1
5434 5484 1
5484 5534 1
5534 5584 1
5584 5634 1
5634 5635 1
5635 5685 1
5685 5735 1
5735 5785 1
5785 5786 1
5786 5836 1
5836 5886 1
5886 5936 1
5936 5986 1
5986 6036 1
6036 6086 1
6086 6136 1
6136 6186 1
6186 6236 1
6236 6286 1
6286 6336 1
6336 6386 1
6386 6436 1
6436 6486 1
6452 3952 1
6453 6452 1
6454 6453 1
6455 6454 1
6456 6455 1
6457 6456 1
6458 6457 1
6459 6458 1
6460 6459 1
6461 6460 1
6462 6461 1
6463 6462 1
6464 6463 1
6465 6464 1
6466 6465 1
6467 6466 1
6468 6467 1
6469 6468 1
6470 6469 1
6471 6470 1
6472 6471 1
6473 6472 1
6474 6473 1
6475 6474 1
6476 6475 1
6477 6476 1
6478 6477 1
6479 6478 1
6480 6479 1
6481 6480 1
6482 6481 1
6483 6482 1
6484 6483 1
6485 6484 1
6486 6485 1
6486 6536 1
6536 6586 1
6586 6636 1
6636 6686 1
6686 6687 1
6687 6737 1
6737 6787 1
6787 6837 1
6837 6838 1
6838 6888 1
6888 6938 1
6938 6988 1
6988 7038 1
7038 7088 1
7088 7138 1
7138 7139 1
7139 7140 1
7140 7141 1
7141 7142 1
7142 7143 1
7143 7144 1
7144 7194 1
7194 7244 1
7244 7294 1
7294 7344 1
7344 7394 1
7394 7444 1
7444 4944 1
 64 114 2
 65  64 2
 66  65 2
 18  68 2
 67  66 2
 19  18 2
 68  67 2
 20  19 2
 21  20 2
 22  21 2
 23  22 2
 24  23 2
 25  24 2
 26  25 2
 27  26 2
 28  27 2
 29  28 2
 30  29 2
 31  30 2
2531  31 2
2532 2531 2
 34 2534 2
2533 2532 2
 35  34 2
2534 2533 2
 36  35 2
 37  36 2
 38  37 2
 39  38 2
 40  39 2
 40  41 2
 41  42 2
 42  43 2
 43  44 2
 44  45 2
 45  46 2
 46  47 2
 47  48 2
 48  49 2
112 162 2
113 112 2
114 113 2
162 212 2
211 261 2
212 211 2
261 311 2
311 361 2
361 411 2
411 461 2
460 510 2
461 460 2
510 560 2
560 610 2
608 658 2
609 608 2
610 609 2
658 708 2
708 758 2
756 806 2
757 756 2
758 757 2
806 856 2
855 905 2
856 855 2
905 955 2
954 1004 2
955 954 2
1004 1054 2
1052 1102 2
1053 1052 2
1054 1053 2
1102 1152 2
1152 1151 2
897 898 3
898 899 3
899 900 3
3397 897 3
3447 3397 3
3496 3497 3
3497 3447 3
3545 3546 3
3546 3496 3
3551 1051 3
3552 3551 3
3553 3552 3
3554 3553 3
3595 3545 3
3604 3554 3
3642 3643 3
3643 3644 3
3644 3645 3
3645 3595 3
3645 3646 3
3646 3647 3
3647 3697 3
3654 3604 3
3692 3642 3
3697 3698 3
3698 3699 3
3699 3700 3
3700 3750 3
3704 3654 3
3742 3692 3
3750 1250 3
3754 3704 3
3789 3790 3
3790 3791 3
3791 3792 3
3792 3742 3
3804 3754 3
3805 3804 3
3806 3805 3
3837 3838 3
3838 3839 3
3839 3789 3
3856 3806 3
3887 3837 3
3906 3856 3
3937 3887 3
3956 3906 3
3957 3956 3
3958 3957 3
3984 3985 3
3985 3986 3
3986 3987 3
3987 3937 3
4008 3958 3
4034 3984 3
4058 4008 3
4059 4058 3
4084 4034 3
4109 4059 3
4134 4084 3
4159 4109 3
4184 4134 3
4209 4159 3
4234 4184 3
4259 4209 3
4260 4259 3
4261 4260 3
4262 4261 3
4263 4262 3
4264 4263 3
4265 4264 3
4266 4265 3
4283 4284 3
4284 4234 3
4316 4266 3
1867 4367 3
4317 4316 3
4317 4318 3
4318 4319 3
4319 4320 3
4320 4321 3
4321 4322 3
4322 4323 3
4323 4324 3
4324 4325 3
4325 4326 3
4326 4327 3
4327 4328 3
4328 4329 3
4329 4330 3
4330 4331 3
4331 4332 3
4332 4333 3
4333 4283 3
1917 1867 3
4367 4317 3
1967 1917 3
2017 1967 3
2067 2017 3
2117 2067 3
2167 2117 3
2217 2167 3
2267 2217 3
2317 2267 3
2367 2317 3
2417 2367 3
2467 2417 3
 53   3 4
103  53 4
153 103 4
203 153 4
253 203 4
303 253 4
353 303 4
2853 353 4
2903 2853 4
2953 2903 4
3003 2953 4
3053 3003 4
3103 3053 4
3153 3103 4
3202 3203 4
3203 3153 4
1302 3802 4
3752 6252 4
1352 1302 4
3802 3752 4
1402 1352 4
1452 1402 4
1501 1502 4
1502 1452 4
1551 1501 4
1601 1551 4
1601 1602 4
1602 1603 4
1603 1653 4
1653 1654 4
1654 1655 4
1655 1656 4
1656 1657 4
1657 1658 4
1658 1659 4
1659 1660 4
1660 1661 4
1661 1662 4
1662 1663 4
1663 1664 4
1664 1665 4
1665 1666 4
1666 1667 4
1667 1717 4
1717 1767 4
1767 1768 4
1768 1769 4
1769 1819 4
1819 1869 4
1869 1919 4
1919 1920 4
1920 1970 4
1970 2020 4
2020 2070 4
2070 2120 4
2120 2121 4
2121 2122 4
2122 2172 4
2172 2173 4
2173 2223 4
2223 2224 4
2224 2225 4
2225 2275 4
2275 2325 4
2325 2326 4
2326 2376 4
2376 2377 4
2377 2427 4
2427 2428 4
2428 2429 4
2429 2430 4
2430 2431 4
2431 2432 4
2432 2433 4
2433 2483 4
2483 2484 4
2484 2485 4
2485 2486 4
2486 2487 4
2487 2488 4
2488 2489 4
2489 2490 4
2490 2491 4
2491 2492 4
2492 2493 4
5702 3202 4
5752 5702 4
5802 5752 4
5852 5802 4
5902 5852 4
5952 5902 4
6002 5952 4
6052 6002 4
6102 6052 4
6152 6102 4
6202 6152 4
6252 6202 4
1952 1951 5
1953 1952 5
2003 1953 5
4503 2003 5
4504 4503 5
4505 4504 5
4506 4505 5
4507 4506 5
4508 4507 5
4509 4508 5
4510 4509 5
4511 4510 5
4512 4511 5
4513 4512 5
4514 4513 5
4515 4514 5
4565 4515 5
4566 4565 5
4567 4566 5
4617 4567 5
2168 4668 5
4618 4617 5
2169 2168 5
4668 4618 5
2219 2169 5
2220 2219 5
2221 2220 5
2222 2221 5
2272 2222 5
2322 2272 5
2323 2322 5
2349 2350 5
2373 2323 5
2374 2373 5
2399 2349 5
2424 2374 5
2447 2448 5
2448 2449 5
2449 2399 5
2474 2424 5
2475 2474 5
2476 2475 5
2476 2477 5
2477 4977 5
2496 2497 5
2497 2447 5
4977 4978 5
4978 4979 5
4979 4980 5
4980 4981 5
4981 4982 5
4982 4983 5
4983 4984 5
4984 4985 5
4985 4986 5
4986 4987 5
4987 4988 5
4988 4989 5
4989 4990 5
4990 4991 5
4991 4992 5
4992 4993 5
4993 4994 5
4994 4995 5
4995 4996 5
4996 2496 5
2507   7 6
2557 2507 6
2607 2557 6
2657 2607 6
2707 2657 6
2757 2707 6
2807 2757 6
2857 2807 6
2907 2857 6
2957 2907 6
3007 2957 6
3057 3007 6
3107 3057 6
3157 3107 6
3207 3157 6
3257 3207 6
857 3357 6
3307 3257 6
907 857 6
3357 3307 6
957 907 6
1007 957 6
1057 1007 6
1107 1057 6
1157 1107 6
1207 1157 6
1251 1252 6
1252 1253 6
1253 1254 6
1254 1255 6
1255 1256 6
1256 1257 6
1257 1207 6
1257 1307 6
1301 1251 6
1307 1357 6
1357 1407 6
1407 1457 6
1457 1507 6
1507 1508 6
1508 1509 6
1509 1510 6
1510 1511 6
1511 1512 6
1512 1513 6
1513 1514 6
1514 1515 6
1515 1516 6
1516 1517 6
1517 1518 6
1518 1519 6
1519 1520 6
1520 1521 6
1521 1522 6
1522 1523 6
1523 1524 6
1524 1525 6
1525 1526 6
1526 1527 6
1527 1528 6
1528 1529 6
1529 1530 6
1530 1531 6
1531 1532 6
1532 1533 6
1533 1534 6
1534 1584 6
1584 1585 6
1585 1586 6
1586 1587 6
1587 1588 6
1588 1589 6
1589 1590 6
1590 1591 6
1591 1592 6
1592 1593 6
1593 1594 6
1594 1644 6
1644 1645 6
1645 1646 6
1646 1696 6
1696 1746 6
1746 1796 6
1796 1846 6
1846 1896 6
1896 1946 6
1946 1996 6
1996 2046 6
2046 2096 6
2096 2146 6
2146 2196 6
2196 2197 6
2197 2247 6
2247 2248 6
2248 2298 6
2298 2348 6
2348 2398 6
2398 4898 6
4898 4899 6
4899 4900 6
4900 2400 6
1000 1050 7
1045 1095 7
1046 1045 7
1047 1046 7
1048 1047 7
1049 1048 7
1050 1049 7
1068 1118 7
1069 1068 7
1070 1069 7
1071 1070 7
1072 1071 7
1073 1072 7
1074 1073 7
1075 1074 7
1076 1075 7
1077 1076 7
1078 1077 7
1079 1078 7
1080 1079 7
1081 1080 7
1082 1081 7
1083 1082 7
1084 1083 7
1085 1084 7
1086 1085 7
1087 1086 7
1088 1087 7
1089 1088 7
1090 1089 7
1091 1090 7
1092 1091 7
1093 1092 7
1094 1093 7
1095 1094 7
1115 1165 7
1116 1115 7
1117 1116 7
1118 1117 7
1165 1215 7
1212 1262 7
1213 1212 7
1214 1213 7
1215 1214 7
1262 1312 7
1312 1362 7
1361 1411 7
1362 1361 7
1410 3910 7
1411 1410 7
3910 3960 7
3960 4010 7
4010 4060 7
4060 4110 7
4110 4160 7
1708 1758 7
1709 1708 7
1710 1709 7
4160 4210 7
1756 1806 7
1757 1756 7
1758 1757 7
4210 1710 7
1802 1801 7
1803 1802 7
1804 1803 7
1804 1854 7
1805 1804 7
1806 1805 7
1854 1904 7
1904 1954 7
1954 2004 7
2004 2054 7
2054 2104 7
2104 2154 7
2154 2204 7
2204 2254 7
2254 2304 7
2304 2354 7
2354 2404 7
2404 2454 7
2453 2452 7
2454 2453 7
401 2901 8
2901 5401 8
2498 2499 8
4997 4998 8
4998 2498 8
5401 5451 8
5451 5501 8
5501 5551 8
5551 5601 8
5601 5651 8
5651 5701 8
5701 5751 8
5751 5801 8
5801 5851 8
5851 5901 8
5901 5951 8
5951 6001 8
6001 6051 8
6051 6101 8
6101 6151 8
6151 6201 8
6201 6251 8
6251 6301 8
6301 6351 8
6351 6401 8
6401 6451 8
6451 6501 8
6501 6551 8
6551 6601 8
6601 6651 8
6651 6701 8
6701 6751 8
6751 6801 8
6801 6851 8
6851 6901 8
6901 6951 8
6951 7001 8
7001 7051 8
7051 7101 8
7101 7151 8
7151 7201 8
7201 7251 8
7251 7301 8
7301 7351 8
7351 7352 8
7352 7402 8
7402 7452 8
7452 7453 8
7453 7454 8
7454 7455 8
7455 7456 8
7456 7457 8
7457 7458 8
7458 7459 8
7459 7460 8
7460 7461 8
7461 7462 8
7462 7463 8
7463 7464 8
7464 7465 8
7465 7466 8
7466 7467 8
7467 7468 8
7468 7469 8
7469 7470 8
7470 7471 8
7471 7472 8
7472 7473 8
7473 7474 8
7474 7475 8
7475 7476 8
7476 7477 8
7477 7478 8
7478 7479 8
7479 7480 8
7480 7481 8
7481 7482 8
7482 7483 8
7483 7484 8
7484 7485 8
7485 7486 8
7486 7487 8
7487 7488 8
7488 7489 8
7489 7490 8
7490 7491 8
7491 7492 8
7492 7493 8
7493 7494 8
7494 7495 8
7495 7496 8
7496 7497 8
7497 4997 8
2000 2050 9
2050 2100 9
2100 2150 9
2517  17 10
3903 6403 10
3953 3903 10
4001 4002 10
4002 4003 10
4003 3953 10
4051 4001 10
4101 4051 10
4151 4101 10
4201 4151 10
4251 4201 10
4301 4251 10
4351 4301 10
4401 4351 10
4451 4401 10
4501 4451 10
4551 4501 10
4601 4551 10
4651 4601 10
4701 4651 10
4751 4701 10
2351 4851 10
4801 4751 10
2401 2351 10
4851 4801 10
5017 2517 10
5067 5017 10
5117 5067 10
5167 5117 10
5217 5167 10
5267 5217 10
5317 5267 10
5367 5317 10
5417 5367 10
5467 5417 10
5517 5467 10
5567 5517 10
5617 5567 10
5667 5617 10
5717 5667 10
5767 5717 10
5817 5767 10
5867 5817 10
5917 5867 10
5967 5917 10
6017 5967 10
6067 6017 10
6117 6067 10
6167 6117 10
6217 6167 10
6267 6217 10
6317 6267 10
6367 6317 10
6403 6404 10
6404 6405 10
6405 6406 10
6406 6407 10
6407 6408 10
6408 6409 10
6409 6410 10
6410 6411 10
6411 6412 10
6412 6413 10
6413 6414 10
6414 6415 10
6415 6416 10
6416 6417 10
6417 6367 10
2252 2251 11
4752 2252 11
4753 4752 11
4754 4753 11
4755 4754 11
4756 4755 11
4757 4756 11
4758 4757 11
4759 4758 11
4760 4759 11
4761 4760 11
4762 4761 11
4763 4762 11
4764 4763 11
4765 4764 11
4766 4765 11
4767 4766 11
4768 4767 11
4769 4768 11
4770 4769 11
4771 4770 11
4772 4771 11
4773 4772 11
4774 4773 11
4775 4774 11
4776 4775 11
4826 4776 11
4827 4826 11
4828 4827 11
4829 4828 11
4879 4829 11
4880 4879 11
4881 4880 11
4882 4881 11
4883 4882 11
4884 4883 11
4885 4884 11
4886 4885 11
4887 4886 11
4888 4887 11
4889 4888 11
4890 4889 11
4891 4890 11
4892 4891 11
4893 4892 11
4894 4893 11
4895 4894 11
2450 4950 11
4945 4895 11
4946 4945 11
4947 4946 11
4948 4947 11
4949 4948 11
4950 4949 11
1198 1248 12
1199 1198 12
1200 1199 12
1247 1297 12
1248 1247 12
1296 1346 12
1297 1296 12
1344 1394 12
1345 1344 12
1346 1345 12
1393 1443 12
1394 1393 12
1441 1491 12
1442 1441 12
1443 1442 12
1485 1535 12
1486 1485 12
1487 1486 12
1488 1487 12
1489 1488 12
1490 1489 12
1491 1490 12
1535 4035 12
4035 6535 12
1702 1701 12
4202 1702 12
6516 6566 12
6517 6516 12
6518 6517 12
6519 6518 12
6520 6519 12
6521 6520 12
6522 6521 12
6523 6522 12
6524 6523 12
6525 6524 12
6526 6525 12
6527 6526 12
6528 6527 12
6529 6528 12
6530 6529 12
6531 6530 12
6532 6531 12
6533 6532 12
6534 6533 12
6535 6534 12
6566 6616 12
6603 6653 12
6604 6603 12
6605 6604 12
6606 6605 12
6607 6606 12
6608 6607 12
6609 6608 12
6610 6609 12
6611 6610 12
6612 6611 12
6613 6612 12
6614 6613 12
6615 6614 12
6616 6615 12
6653 6703 12
6702 4202 12
6703 6702 12
351 352 13
352 402 13
402 403 13
403 404 13
404 405 13
405 406 13
406 456 13
456 457 13
457 458 13
458 2958 13
2958 3008 13
3008 3009 13
3009 3010 13
3010 3060 13
3060 3110 13
3110 3160 13
3160 3210 13
3210 3260 13
3260 3310 13
3310 3360 13
3360 3410 13
3410 3460 13
3460 3510 13
3510 3560 13
3560 3561 13
3561 3562 13
3562 3612 13
3612 3662 13
3662 3712 13
3712 3762 13
3762 3812 13
3812 3813 13
3813 3814 13
3814 3815 13
3815 3865 13
3865 3915 13
3915 3965 13
3965 3966 13
3966 3967 13
3967 4017 13
4017 4018 13
4018 4068 13
1571 1572 13
1572 1573 13
1573 1574 13
1574 1575 13
1575 1576 13
1576 1577 13
1577 1578 13
1578 1579 13
1579 1580 13
1580 1581 13
1581 1582 13
1582 1583 13
1583 1633 13
4068 4069 13
4069 4070 13
4070 4071 13
4071 1571 13
1633 1634 13
1634 1635 13
1635 1636 13
1636 1637 13
1637 1638 13
1638 1639 13
1639 1640 13
1640 1641 13
1641 1642 13
1642 1643 13
1643 1693 13
1693 1694 13
1694 1695 13
1695 4195 13
1698 1748 13
4195 4196 13
4196 4197 13
4197 4198 13
1748 1798 13
4198 1698 13
1798 1799 13
1799 1800 13
 15 2515 14
2515 2516 14
2516 2566 14
 72 122 14
2566 2567 14
2567 2568 14
2568 2569 14
2569 2570 14
2570 2571 14
2571 2572 14
122 123 14
2572  72 14
123 124 14
124 125 14
125 126 14
126 127 14
127 128 14
128 129 14
129 130 14
130 131 14
131 181 14
181 182 14
182 183 14
183 184 14
184 185 14
185 186 14
186 187 14
187 188 14
188 189 14
189 190 14
190 191 14
191 192 14
192 193 14
193 194 14
194 195 14
195 245 14
245 246 14
246 296 14
296 346 14
346 347 14
347 397 14
397 447 14
447 497 14
497 547 14
547 548 14
548 598 14
598 599 14
599 649 14
649 699 14
699 749 14
749 750 14
750 800 14
