# Cost: 1350

# Tail Head Net
980 910 1
1050 980 1
1120 1050 1
1190 1120 1
1260 1190 1
1330 1260 1
1400 1330 1
1470 1400 1
1540 1470 1
1610 1540 1
1680 1610 1
1750 1680 1
1820 1750 1
1890 1820 1
1960 1890 1
2030 1960 1
2100 2030 1
2170 2100 1
2240 2170 1
2310 2240 1
2380 2310 1
2450 2380 1
2520 2450 1
2590 2520 1
2660 2590 1
2730 2660 1
2800 2730 1
2870 2800 1
2940 2870 1
3010 2940 1
3080 3010 1
3150 3080 1
3220 3150 1
3290 3220 1
3360 3290 1
3430 3360 1
3500 3430 1
3570 3500 1
3640 3570 1
3710 3640 1
3780 3710 1
3850 3780 1
3920 3850 1
3989 3990 1
3990 3920 1
4033 4034 1
4034 4035 1
4035 4036 1
4036 4037 1
4037 4038 1
4038 4039 1
4039 4040 1
4040 4041 1
4041 4042 1
4042 4043 1
4043 4044 1
4044 4045 1
4045 4046 1
4046 4047 1
4047 4048 1
4048 4049 1
4049 4050 1
4050 4051 1
4051 4052 1
4052 4053 1
4053 4054 1
4054 4055 1
4055 4056 1
4056 4057 1
4057 4058 1
4058 4059 1
4059 3989 1
4094 4095 1
4095 4096 1
4096 4097 1
4097 4098 1
4098 4099 1
4099 4100 1
4100 4101 1
4101 4102 1
4102 4103 1
4103 4033 1
4160 4161 1
4161 4162 1
4162 4163 1
4163 4164 1
4164 4094 1
4222 4223 1
4223 4224 1
4224 4225 1
4225 4226 1
4226 4227 1
4227 4228 1
4228 4229 1
4229 4230 1
4230 4160 1
4290 4291 1
4291 4292 1
4292 4222 1
4360 4290 1
4430 4360 1
4497 4498 1
4498 4499 1
4499 4500 1
4500 4430 1
4566 4567 1
4567 4497 1
4633 4634 1
4634 4635 1
4635 4636 1
4636 4566 1
4703 4633 1
4772 4773 1
4773 4703 1
4842 4772 1
 75   5 2
145  75 2
215 145 2
285 215 2
355 285 2
425 355 2
495 425 2
565 495 2
635 565 2
705 635 2
771 772 2
772 773 2
773 774 2
774 775 2
775 705 2
775 776 2
776 5676 2
5676 5677 2
5677 5678 2
5678 5679 2
5679 5680 2
5680 5681 2
5681 5682 2
5682 5683 2
5683 5684 2
5684 5685 2
5685 5686 2
5686 5687 2
5687 5688 2
5688 5689 2
5689 5690 2
5690 5691 2
5691 5692 2
5692 5693 2
5693 5694 2
5694 5695 2
5695 5696 2
5696 5697 2
5697 5698 2
5698 5699 2
5699 5700 2
5700 5701 2
5701 5702 2
5702 5703 2
5703 5704 2
5704 5705 2
5705 5706 2
5706 5707 2
5707 5708 2
5708 5709 2
5709 5710 2
5710 5711 2
5711 5712 2
5712 5713 2
5713 5714 2
5714 5715 2
5715 5716 2
5716 5717 2
5717 5718 2
5718 5719 2
5719 5720 2
5720 5721 2
5721 5722 2
5722 5723 2
5723 5724 2
5724 5725 2
5725 5726 2
5726 5796 2
5796 5797 2
5797 5798 2
5798 5799 2
5799 5869 2
5869 5939 2
5939 6009 2
6009 6079 2
6079 6149 2
6149 6219 2
6219 6289 2
6289 6359 2
6359 6429 2
6429 6499 2
6499 6569 2
6569 6639 2
6639 6709 2
6709 6779 2
6779 6849 2
6849 6919 2
6919 6989 2
6989 7059 2
7059 7129 2
7129 7199 2
7199 7269 2
7269 7339 2
7339 7409 2
7409 7479 2
7479 7549 2
7549 7619 2
7619 7689 2
7689 7759 2
7759 7829 2
7829 7899 2
7899 7969 2
7969 8039 2
8039 8109 2
8109 8179 2
8179 8249 2
8249 8319 2
8319 8389 2
8389 8459 2
8459 8529 2
8529 8599 2
8599 8669 2
8669 8739 2
8739 8809 2
8809 8879 2
8879 8949 2
8949 8950 2
8950 9020 2
9020 9090 2
9090 9160 2
9160 9230 2
9230 9300 2
9300 9370 2
9370 9440 2
9440 9510 2
9510 9580 2
9580 9650 2
9650 9720 2
9720 9721 2
9721 9791 2
9791 4891 2
5041 141 3
5111 5041 3
5181 5111 3
5251 5181 3
5321 5251 3
5391 5321 3
5461 5391 3
5531 5461 3
5601 5531 3
5671 5601 3
5741 5671 3
5811 5741 3
5881 5811 3
5951 5881 3
6021 5951 3
6091 6021 3
6161 6091 3
6231 6161 3
6301 6231 3
6371 6301 3
6441 6371 3
6511 6441 3
6581 6511 3
6651 6581 3
6721 6651 3
6791 6721 3
6861 6791 3
6931 6861 3
7001 6931 3
7071 7001 3
7141 7071 3
7211 7141 3
7281 7211 3
7351 7281 3
7421 7351 3
7491 7421 3
7561 7491 3
7631 7561 3
7701 7631 3
7771 7701 3
7841 7771 3
7911 7841 3
7981 7911 3
8051 7981 3
8121 8051 3
8191 8121 3
8261 8191 3
8331 8261 3
8401 8331 3
8471 8401 3
8541 8471 3
8611 8541 3
8681 8611 3
8751 8681 3
8821 8751 3
8891 8821 3
8961 8891 3
4201 9101 3
9031 8961 3
9101 9031 3
9101 9171 3
9171 9172 3
9172 9242 3
9242 9243 3
9243 9244 3
9244 9245 3
9245 9246 3
9246 9247 3
9247 9248 3
9248 9249 3
9249 9250 3
9250 9251 3
9251 9252 3
9252 9253 3
9253 9254 3
9254 9255 3
9255 9256 3
9256 9257 3
9257 9258 3
9258 9259 3
9259 9260 3
9260 9330 3
9330 9331 3
9331 9332 3
9332 9333 3
9333 9334 3
9334 9335 3
9335 9336 3
9336 9337 3
9337 9338 3
9338 9339 3
9339 9340 3
9340 9341 3
9341 9342 3
9342 9343 3
9343 9344 3
9344 9345 3
9345 9346 3
9346 9347 3
9347 9348 3
9348 9349 3
9349 9350 3
9350 9351 3
9351 9352 3
9352 9353 3
9353 9354 3
9354 9355 3
9355 9425 3
9425 9426 3
9426 9496 3
9496 9497 3
9497 9567 3
9567 9568 3
9568 9569 3
9569 9639 3
9639 9640 3
9640 9641 3
4811 4812 3
9641 9711 3
4812 4813 3
4813 4814 3
4814 4815 3
4815 4816 3
4816 4817 3
4817 4818 3
4818 4819 3
4819 4820 3
4820 4821 3
4821 4822 3
4822 4892 3
9711 4811 3
 69 139 4
 70  69 4
139 209 4
209 279 4
279 349 4
349 419 4
419 489 4
489 559 4
559 629 4
629 699 4
699 769 4
769 839 4
839 909 4
909 979 4
979 1049 4
1049 1119 4
1119 1189 4
1189 1259 4
1259 1329 4
1329 1399 4
1399 1469 4
1469 1539 4
1539 1609 4
1609 1679 4
1679 1749 4
1749 1819 4
1819 1889 4
1889 1959 4
1959 2029 4
2029 2099 4
2099 2169 4
2102 2101 4
2103 2102 4
2104 2103 4
2105 2104 4
2106 2105 4
2107 2106 4
2108 2107 4
2109 2108 4
2110 2109 4
2111 2110 4
2112 2111 4
2113 2112 4
2114 2113 4
2115 2114 4
2116 2115 4
2117 2116 4
2118 2117 4
2119 2118 4
2120 2119 4
2121 2120 4
2122 2121 4
2123 2122 4
2124 2123 4
2125 2124 4
2126 2125 4
2127 2126 4
2128 2127 4
2129 2128 4
2130 2129 4
2131 2130 4
2132 2131 4
2133 2132 4
2134 2133 4
2135 2134 4
2136 2135 4
2137 2136 4
2138 2137 4
2139 2138 4
2140 2139 4
2141 2140 4
2142 2141 4
2143 2142 4
2144 2143 4
2145 2144 4
2146 2145 4
2147 2146 4
2148 2147 4
2149 2148 4
2150 2149 4
2151 2150 4
2152 2151 4
2153 2152 4
2154 2153 4
2155 2154 4
2156 2155 4
2157 2156 4
2158 2157 4
2159 2158 4
2160 2159 4
2161 2160 4
2162 2161 4
2163 2162 4
2164 2163 4
2165 2164 4
2166 2165 4
2167 2166 4
2168 2167 4
2169 2168 4
2169 7069 4
7069 7070 4
7070 7140 4
7140 7210 4
7210 7280 4
7280 7350 4
7350 7420 4
7420 7490 4
7490 7560 4
7560 7630 4
7630 7700 4
7700 7770 4
7770 7840 4
7840 7910 4
7910 7980 4
7980 8050 4
8050 8120 4
8120 8190 4
8190 8260 4
8260 8330 4
8330 8400 4
8400 8470 4
8470 8540 4
8540 8610 4
8610 8680 4
8680 8750 4
8750 8820 4
8820 8890 4
8890 8960 4
8960 9030 4
9030 9100 4
4270 4340 4
9100 9170 4
4340 4410 4
9170 4270 4
 14  15 5
 15  16 5
 16  17 5
 17  18 5
 18  19 5
 19  20 5
 20  21 5
 21  22 5
 22 4922 5
4922 4923 5
4923 4924 5
4924 4925 5
4925 4926 5
4926 4927 5
4927 4928 5
4928 4929 5
4929 4930 5
4930 4931 5
4931 4932 5
4932 4933 5
4933 4934 5
4934 4935 5
4935 4936 5
4936 4937 5
4937 4938 5
4938 4939 5
4939 4940 5
4940 4941 5
4941 4942 5
4942 4943 5
4943 4944 5
4944 4945 5
4945 4946 5
4946 4947 5
4947 4948 5
4948 4949 5
4949 4950 5
4950 4951 5
4951 4952 5
4952 4953 5
4953 4954 5
4954 4955 5
4955 4956 5
4956 4957 5
4957 4958 5
4958 4959 5
4959 4960 5
4960 4961 5
4961 4962 5
4962 4963 5
4963 4964 5
4964 5034 5
5034 5104 5
5104 5105 5
5105 5175 5
5175 5245 5
5245 5315 5
5315 5385 5
5385 5455 5
5455 5525 5
5525 5595 5
5595 5665 5
5665 5735 5
5735 5805 5
5805 5875 5
5875 5945 5
5945 6015 5
6015 6085 5
6085 6155 5
6155 6225 5
6225 6226 5
6226 6296 5
6296 6366 5
6366 6436 5
6436 6506 5
6506 6576 5
6576 6577 5
6577 6647 5
6647 6648 5
6648 6718 5
6718 6788 5
6788 6858 5
6858 6928 5
6928 6998 5
6998 7068 5
7068 7138 5
7138 7139 5
7139 7209 5
7209 7279 5
7279 7349 5
7349 7419 5
7419 7489 5
7489 7559 5
7559 7629 5
7629 7699 5
7699 7769 5
7769 7839 5
7839 7909 5
7909 7979 5
7979 8049 5
8049 8119 5
8119 8189 5
8189 8259 5
8259 8329 5
8329 8399 5
8399 8469 5
8469 8539 5
8539 8609 5
8609 8679 5
8679 8749 5
8749 8819 5
8819 8889 5
8889 8959 5
4129 4130 5
8959 9029 5
4130 4060 5
9029 4129 5
102  32 6
172 102 6
242 172 6
312 242 6
382 312 6
452 382 6
522 452 6
592 522 6
662 592 6
662 5562 6
663 662 6
664 663 6
665 664 6
666 665 6
667 666 6
668 667 6
669 668 6
670 669 6
671 670 6
672 671 6
673 672 6
674 673 6
675 674 6
676 675 6
677 676 6
678 677 6
679 678 6
680 679 6
681 680 6
682 681 6
683 682 6
684 683 6
685 684 6
686 685 6
687 686 6
688 687 6
689 688 6
690 689 6
691 690 6
692 691 6
693 692 6
694 693 6
695 694 6
696 695 6
697 696 6
698 697 6
700 5600 6
5537 5607 6
5538 5537 6
5539 5538 6
5540 5539 6
5541 5540 6
5542 5541 6
5543 5542 6
5544 5543 6
5545 5544 6
5546 5545 6
5547 5546 6
5548 5547 6
5549 5548 6
5550 5549 6
5551 5550 6
5552 5551 6
5553 5552 6
5554 5553 6
5555 5554 6
5556 5555 6
5557 5556 6
5558 5557 6
5559 5558 6
5560 5559 6
5561 5560 6
5562 5561 6
5598 698 6
5599 5598 6
5600 5599 6
5605 5675 6
5606 5605 6
5607 5606 6
5675 5745 6
5745 5815 6
5815 5885 6
5885 5955 6
5955 6025 6
6025 6095 6
6095 6165 6
6165 6235 6
6235 6305 6
6305 6375 6
6375 6445 6
6445 6515 6
6515 6585 6
6585 6655 6
6655 6725 6
6725 6795 6
6795 6865 6
6865 6935 6
6935 7005 6
7005 7075 6
7075 7145 6
7145 7215 6
7215 7285 6
7285 7355 6
7355 7425 6
7424 7494 6
7425 7424 6
7494 7564 6
7564 7634 6
7634 7704 6
7703 7773 6
7704 7703 6
7773 7843 6
7843 7913 6
7913 7983 6
7982 8052 6
7983 7982 6
8052 8122 6
8122 8192 6
8192 8262 6
8262 8332 6
8332 8402 6
3572 3642 6
8402 8472 6
3642 3712 6
8472 3572 6
3712 3782 6
3782 3852 6
3851 3921 6
3852 3851 6
2312 2311 7
2313 2312 7
2314 2313 7
2315 2314 7
2316 2315 7
2317 2316 7
2318 2317 7
2319 2318 7
2320 2319 7
2321 2320 7
2322 2321 7
2323 2322 7
2324 2323 7
2325 2324 7
2326 2325 7
2327 2326 7
2397 2327 7
2467 2397 7
2537 2467 7
2607 2537 7
2677 2607 7
2747 2677 7
2817 2747 7
2887 2817 7
2957 2887 7
3027 2957 7
3097 3027 7
3167 3097 7
3237 3167 7
3307 3237 7
3377 3307 7
3447 3377 7
3517 3447 7
3587 3517 7
3657 3587 7
3727 3657 7
3797 3727 7
3867 3797 7
3937 3867 7
4007 3937 7
4077 4007 7
4147 4077 7
4217 4147 7
4287 4217 7
4357 4287 7
4427 4357 7
9327 4427 7
9397 9327 7
9467 9397 7
4707 4777 7
4707 9607 7
9537 9467 7
4708 4707 7
4709 4708 7
4710 4709 7
4711 4710 7
4712 4711 7
4713 4712 7
4714 4713 7
4715 4714 7
4716 4715 7
4717 4716 7
4718 4717 7
4719 4718 7
4720 4719 7
4721 4720 7
4722 4721 7
4723 4722 7
4724 4723 7
4725 4724 7
4726 4725 7
4727 4726 7
4728 4727 7
4729 4728 7
4730 4729 7
4731 4730 7
4732 4731 7
4733 4732 7
4734 4733 7
4735 4734 7
4736 4735 7
4737 4736 7
4738 4737 7
4739 4738 7
4740 4739 7
4741 4740 7
4742 4741 7
4743 4742 7
4744 4743 7
4745 4744 7
4746 4745 7
4747 4746 7
4748 4747 7
4749 4748 7
4750 4749 7
4751 4750 7
4752 4751 7
4753 4752 7
4754 4753 7
4755 4754 7
4777 4847 7
9607 9537 7
4825 4755 7
4895 4825 7
4896 4895 7
4897 4896 7
4898 4897 7
1052 1051 8
5952 1052 8
6022 5952 8
6092 6022 8
6162 6092 8
6232 6162 8
6302 6232 8
6372 6302 8
6442 6372 8
6512 6442 8
6582 6512 8
6652 6582 8
6722 6652 8
6792 6722 8
6862 6792 8
6932 6862 8
2172 7072 8
7002 6932 8
2242 2172 8
2242 2241 8
7072 7002 8
2243 2242 8
2244 2243 8
2245 2244 8
2246 2245 8
2247 2246 8
2248 2247 8
2249 2248 8
2250 2249 8
2251 2250 8
2252 2251 8
2253 2252 8
2254 2253 8
2255 2254 8
2256 2255 8
2257 2256 8
2258 2257 8
2328 2258 8
2398 2328 8
2468 2398 8
2538 2468 8
2608 2538 8
2678 2608 8
2748 2678 8
2818 2748 8
2888 2818 8
2958 2888 8
3028 2958 8
3098 3028 8
3168 3098 8
3238 3168 8
3308 3238 8
3378 3308 8
3448 3378 8
3518 3448 8
3588 3518 8
3658 3588 8
3728 3658 8
3798 3728 8
3868 3798 8
3938 3868 8
4008 3938 8
4078 4008 8
4148 4078 8
4218 4148 8
4288 4218 8
4358 4288 8
4428 4358 8
9328 4428 8
9398 9328 8
9468 9398 8
9538 9468 8
9539 9538 8
9540 9539 8
9541 9540 8
9542 9541 8
9543 9542 8
9613 9543 8
9683 9613 8
9684 9683 8
9685 9684 8
9686 9685 8
9687 9686 8
4871 9771 8
4872 4871 8
4873 4872 8
9757 9687 8
9758 9757 8
9759 9758 8
9760 9759 8
9761 9760 8
9762 9761 8
9763 9762 8
9764 9763 8
9765 9764 8
9766 9765 8
9767 9766 8
9768 9767 8
9769 9768 8
9770 9769 8
9771 9770 8
560 630 9
630 5530 9
5528 10428 9
5529 5528 9
5530 5529 9
4412 4482 9
4482 4481 9
9312 4412 9
9313 9312 9
10428 10498 9
10498 10568 9
10568 10638 9
10638 10708 9
10708 10778 9
10778 10848 9
10846 10916 9
10847 10846 9
10848 10847 9
10916 10986 9
10985 11055 9
10986 10985 9
11054 11124 9
11055 11054 9
11124 11194 9
11192 11262 9
11193 11192 9
11194 11193 9
11262 11332 9
11330 11400 9
11331 11330 9
11332 11331 9
11399 11469 9
11400 11399 9
11426 11496 9
11427 11426 9
11428 11427 9
11429 11428 9
11430 11429 9
11431 11430 9
11432 11431 9
11433 11432 9
11434 11433 9
11435 11434 9
11436 11435 9
11437 11436 9
11438 11437 9
11439 11438 9
11440 11439 9
11441 11440 9
11442 11441 9
11443 11442 9
11444 11443 9
11445 11444 9
11446 11445 9
11447 11446 9
11448 11447 9
11449 11448 9
11450 11449 9
11451 11450 9
11452 11451 9
11453 11452 9
11454 11453 9
11455 11454 9
11456 11455 9
11457 11456 9
11458 11457 9
11459 11458 9
11460 11459 9
11461 11460 9
11462 11461 9
11463 11462 9
11464 11463 9
11465 11464 9
11466 11465 9
11467 11466 9
11468 11467 9
11469 11468 9
11496 11566 9
11566 11636 9
11636 11706 9
11706 11776 9
11776 11846 9
11846 11916 9
11916 11986 9
11986 12056 9
12056 12126 9
12126 12196 9
12196 12266 9
12266 12336 9
12336 12406 9
12406 12476 9
12476 12546 9
12546 12616 9
12616 12686 9
12686 12756 9
12756 12826 9
12826 12896 9
12896 12966 9
12966 13036 9
13035 13105 9
13036 13035 9
13104 13174 9
13105 13104 9
13170 13240 9
13171 13170 9
13172 13171 9
13173 13172 9
13174 13173 9
13239 13309 9
13240 13239 9
13308 13378 9
13309 13308 9
13378 13448 9
13448 13518 9
13518 13588 9
13588 13658 9
13658 13728 9
13727 13797 9
13728 13727 9
13797 13867 9
13867 13937 9
13934 14004 9
13935 13934 9
13936 13935 9
13937 13936 9
14004 14074 9
14074 14144 9
14143 14213 9
14144 14143 9
14213 9313 9
 33 103 10
103 173 10
173 243 10
243 313 10
313 383 10
383 453 10
453 523 10
523 593 10
593 5493 10
5466 5536 10
5467 5466 10
5468 5467 10
5469 5468 10
5470 5469 10
5471 5470 10
5472 5471 10
5473 5472 10
5474 5473 10
5475 5474 10
5476 5475 10
5477 5476 10
5478 5477 10
5479 5478 10
5480 5479 10
5481 5480 10
5482 5481 10
5483 5482 10
5484 5483 10
5485 5484 10
5486 5485 10
5487 5486 10
5488 5487 10
5489 5488 10
5490 5489 10
5491 5490 10
5492 5491 10
5493 5492 10
5534 5604 10
5535 5534 10
5536 5535 10
5603 5673 10
5604 5603 10
5673 5743 10
5743 5813 10
5813 5883 10
5883 5953 10
5953 6023 10
6023 6093 10
6093 6163 10
6163 6233 10
6233 6303 10
6303 6373 10
6373 6443 10
6443 6513 10
6513 6583 10
6583 6653 10
6653 6723 10
6723 6793 10
6793 6863 10
6863 6933 10
6933 7003 10
7003 7073 10
7073 7143 10
7142 7212 10
7143 7142 10
7212 7282 10
7282 7352 10
7352 7422 10
7422 7492 10
7492 7562 10
7562 7632 10
7632 7702 10
7702 7772 10
7772 7842 10
3012 3082 10
7842 7912 10
3082 3152 10
7912 3012 10
3152 3222 10
3222 3292 10
3292 3362 10
3362 3432 10
3432 3502 10
3501 3571 10
3502 3501 10
3571 3641 10
 37  36 11
 38  37 11
 39  38 11
 40  39 11
 41  40 11
 42  41 11
 43  42 11
 44  43 11
 45  44 11
 46  45 11
 47  46 11
 48  47 11
 49  48 11
 50  49 11
 51  50 11
 52  51 11
 53  52 11
 54  53 11
 55  54 11
 56  55 11
 57  56 11
127  57 11
197 127 11
267 197 11
337 267 11
407 337 11
477 407 11
547 477 11
617 547 11
5517 617 11
5587 5517 11
5657 5587 11
5727 5657 11
6217 11117 11
6287 6217 11
6357 6287 11
6427 6357 11
6497 6427 11
6567 6497 11
6637 6567 11
6707 6637 11
6777 6707 11
6847 6777 11
6917 6847 11
6987 6917 11
7057 6987 11
7127 7057 11
7197 7127 11
7267 7197 11
7337 7267 11
7407 7337 11
7477 7407 11
7547 7477 11
7617 7547 11
7687 7617 11
7757 7687 11
7827 7757 11
7897 7827 11
7967 7897 11
8037 7967 11
8107 8037 11
8177 8107 11
8247 8177 11
8317 8247 11
8387 8317 11
8457 8387 11
8527 8457 11
8597 8527 11
8667 8597 11
8737 8667 11
8807 8737 11
8877 8807 11
8947 8877 11
9017 8947 11
9087 9017 11
9157 9087 11
9227 9157 11
9297 9227 11
9367 9297 11
9437 9367 11
9507 9437 11
9577 9507 11
9647 9577 11
4887 9787 11
9717 9647 11
9787 9717 11
10627 5727 11
10697 10627 11
10767 10697 11
10837 10767 11
10907 10837 11
10977 10907 11
11047 10977 11
11117 11047 11
 29  99 12
 99 169 12
169 239 12
239 309 12
309 379 12
379 449 12
449 519 12
519 589 12
589 659 12
659 729 12
729 799 12
799 869 12
869 939 12
939 1009 12
1009 1079 12
1079 1149 12
1149 1219 12
1219 1289 12
1289 1359 12
1359 1429 12
1429 1499 12
1499 1569 12
1569 1639 12
1639 1709 12
1709 1779 12
1779 6679 12
6679 6749 12
6749 6819 12
6819 6889 12
6889 6959 12
6959 7029 12
7029 7099 12
7099 7169 12
7169 7239 12
7239 7309 12
7309 7379 12
7379 7449 12
7449 7519 12
7519 7589 12
7589 7659 12
7659 7729 12
7729 7799 12
7799 7869 12
7869 7939 12
7939 8009 12
8009 8079 12
8079 8149 12
8149 8219 12
8219 8289 12
8289 8359 12
8359 8429 12
8429 8499 12
8499 8569 12
8569 8639 12
8639 8709 12
8709 8779 12
8779 8849 12
8849 8919 12
8919 8989 12
8989 9059 12
9059 9129 12
9128 14028 12
9129 9128 12
4787 4857 12
4788 4787 12
9688 4788 12
14028 14098 12
14098 14168 12
14168 14238 12
14238 14308 12
14308 14378 12
14378 14448 12
14448 14518 12
14518 14588 12
14588 9688 12
