# Cost: 1512

# Tail Head Net
133  33 1
233 133 1
333 233 1
433 333 1
533 433 1
633 533 1
733 633 1
833 733 1
933 833 1
1033 933 1
1133 1033 1
1233 1133 1
1301 1302 1
1302 1303 1
1303 1304 1
1304 1305 1
1305 1306 1
1306 1307 1
1307 1308 1
1308 1309 1
1309 1310 1
1310 1311 1
1311 1312 1
1312 1313 1
1313 1314 1
1314 1315 1
1315 1316 1
1316 1317 1
1317 1318 1
1318 1319 1
1319 1320 1
1320 1321 1
1321 1322 1
1322 1323 1
1323 1324 1
1324 1325 1
1325 1326 1
1326 1327 1
1327 1328 1
1328 1329 1
1329 1330 1
1330 1331 1
1331 1332 1
1332 1333 1
1333 1233 1
1333 1433 1
1433 1533 1
1533 1633 1
1633 1733 1
1733 1833 1
1833 1933 1
1933 2033 1
2033 2133 1
2133 2233 1
2233 2333 1
2333 2433 1
2433 2533 1
2533 2633 1
2633 2733 1
2733 2833 1
2833 2933 1
2933 3033 1
3033 3133 1
3133 3233 1
3233 3333 1
3333 3433 1
3433 3533 1
3533 3633 1
3633 3733 1
3733 3833 1
3833 3933 1
3933 4033 1
4033 4133 1
4133 4134 1
4134 4135 1
4135 4136 1
4136 4137 1
4137 4138 1
4138 4139 1
4139 4140 1
4140 4141 1
4141 4142 1
4142 4143 1
4143 4144 1
4144 4145 1
4145 4146 1
4146 4147 1
4147 4148 1
4148 4149 1
4149 4150 1
4150 4151 1
4151 4152 1
4152 4153 1
4153 4154 1
4154 4155 1
4155 4156 1
4156 4157 1
4157 4158 1
4158 4159 1
4159 4160 1
4160 4161 1
4161 4162 1
4162 4163 1
4163 4164 1
4164 4165 1
4165 4166 1
4166 4167 1
4167 4168 1
4168 4169 1
4169 4170 1
4170 4171 1
4171 4172 1
4172 4173 1
4173 4174 1
4174 4175 1
4175 4176 1
4176 4177 1
4177 4178 1
4178 4179 1
4179 4180 1
4180 4181 1
4181 4182 1
4182 4183 1
4183 4184 1
4184 4185 1
4185 4186 1
4186 4187 1
4187 4188 1
4188 4189 1
4189 4190 1
4190 4191 1
4191 4192 1
4192 4193 1
4193 4194 1
4194 4195 1
4195 4196 1
4196 4197 1
4197 4198 1
4198 4199 1
4199 4200 1
 20  21 2
119 120 2
 21  22 2
120  20 2
 22 10022 2
10022 10023 2
10023 10024 2
10024 10025 2
10025 10026 2
10026 10027 2
10027 10028 2
10028 10029 2
10029 10030 2
10030 10031 2
10031 10032 2
10032 10033 2
10033 10034 2
10034 10035 2
10035 10036 2
10036 10037 2
 38  39 2
10037 10038 2
 39  40 2
10038  38 2
218 219 2
219 119 2
318 218 2
411 412 2
412 413 2
413 414 2
414 415 2
415 416 2
416 417 2
417 418 2
418 318 2
509 510 2
510 511 2
511 411 2
604 605 2
605 606 2
606 607 2
607 608 2
608 609 2
609 509 2
703 704 2
704 604 2
801 802 2
802 803 2
803 703 2
116  16 3
 30 130 3
130 10130 3
10053 10054 3
10054 10055 3
10055 10056 3
10056 10057 3
10057 10058 3
10058 10059 3
10059 10060 3
 61  62 3
10060 10061 3
 62  63 3
10061  61 3
 63  64 3
10116 116 3
10117 10116 3
10118 10117 3
10119 10118 3
10120 10119 3
10121 10120 3
10122 10121 3
10123 10122 3
10124 10123 3
10125 10124 3
10126 10125 3
10127 10126 3
10128 10127 3
10129 10128 3
10130 10129 3
10130 10131 3
10131 10132 3
10132 10133 3
10133 10134 3
10134 10135 3
10135 10136 3
10136 10137 3
10137 10138 3
10138 10139 3
10139 10140 3
10140 10141 3
10141 10142 3
10142 10143 3
10143 10144 3
10144 10145 3
10145 10146 3
10146 10147 3
10147 10148 3
10148 10149 3
10149 10150 3
10150 10151 3
10151 10152 3
10152 10153 3
10153 10053 3
6201 6301 4
6301 6401 4
6401 6501 4
6501 6601 4
6601 6701 4
6701 6801 4
6801 6901 4
6901 7001 4
7001 7101 4
7101 7201 4
7201 7301 4
7301 7401 4
7401 7501 4
7501 7601 4
7601 7701 4
7701 7801 4
7801 7901 4
7901 8001 4
8001 8101 4
8101 8201 4
8201 8301 4
8301 8401 4
8401 8501 4
8501 8601 4
8601 8701 4
8701 8801 4
8801 8901 4
8901 9001 4
9001 9101 4
9101 9201 4
9201 9301 4
9301 9401 4
9401 9501 4
9501 9601 4
9601 9701 4
9701 9801 4
9801 9901 4
9901 9902 4
9902 9903 4
9903 9904 4
9904 9905 4
9905 9906 4
9906 9907 4
9907 9908 4
9908 9909 4
9909 9910 4
9910 9911 4
9911 9912 4
9912 9913 4
9913 9914 4
9914 9915 4
9915 9916 4
9916 9917 4
9917 9918 4
9918 9919 4
9919 9920 4
9920 9921 4
9921 9922 4
9922 9923 4
9923 9924 4
9924 9925 4
9925 9926 4
9926 9927 4
9927 9928 4
9928 9929 4
9929 9930 4
9930 9931 4
9931 9932 4
9932 9933 4
9933 9934 4
9934 9935 4
9935 9936 4
9936 9937 4
9937 9938 4
9938 9939 4
9939 9940 4
9940 9941 4
9941 9942 4
9942 9943 4
9943 9944 4
10067  67 5
10167 10067 5
10201 201 5
10202 10201 5
10203 10202 5
10204 10203 5
10205 10204 5
10206 10205 5
10207 10206 5
10208 10207 5
10209 10208 5
10210 10209 5
10211 10210 5
10212 10211 5
10213 10212 5
10214 10213 5
10215 10214 5
10216 10215 5
10217 10216 5
10218 10217 5
10219 10218 5
10220 10219 5
10221 10220 5
10222 10221 5
10223 10222 5
10224 10223 5
10225 10224 5
10226 10225 5
10227 10226 5
10228 10227 5
10229 10228 5
10230 10229 5
10231 10230 5
10232 10231 5
10233 10232 5
10234 10233 5
10235 10234 5
10236 10235 5
10237 10236 5
10238 10237 5
10239 10238 5
10240 10239 5
10241 10240 5
10242 10241 5
10243 10242 5
10244 10243 5
10245 10244 5
10246 10245 5
10247 10246 5
10248 10247 5
10249 10248 5
10250 10249 5
10251 10250 5
10252 10251 5
10253 10252 5
10254 10253 5
10255 10254 5
10256 10255 5
10257 10256 5
10258 10257 5
10259 10258 5
10260 10259 5
10261 10260 5
10262 10261 5
10263 10262 5
10264 10263 5
10265 10264 5
10266 10265 5
10267 10167 5
10267 10266 5
10367 10267 5
10467 10367 5
10567 10467 5
10667 10567 5
10767 10667 5
10867 10767 5
10967 10867 5
11067 10967 5
11167 11067 5
11267 11167 5
11367 11267 5
11467 11367 5
11567 11467 5
11667 11567 5
11767 11667 5
11867 11767 5
11967 11867 5
12067 11967 5
12167 12067 5
12267 12167 5
12367 12267 5
12467 12367 5
12567 12467 5
12667 12567 5
12767 12667 5
12867 12767 5
12967 12867 5
13067 12967 5
13167 13067 5
13267 13167 5
13367 13267 5
13467 13367 5
13567 13467 5
13667 13567 5
13767 13667 5
13867 13767 5
13967 13867 5
14067 13967 5
14167 14067 5
14267 14167 5
14367 14267 5
14467 14367 5
14567 14467 5
14667 14567 5
14767 14667 5
14867 14767 5
14967 14867 5
15067 14967 5
15167 15067 5
15267 15167 5
15367 15267 5
15467 15367 5
15567 15467 5
15667 15567 5
15767 15667 5
15867 15767 5
15967 15867 5
16067 15967 5
16167 16067 5
16267 16167 5
16367 16267 5
16467 16367 5
16567 16467 5
16667 16567 5
16767 16667 5
16867 16767 5
16967 16867 5
17067 16967 5
17167 17067 5
7367 17367 5
17267 17167 5
7467 7367 5
17367 17267 5
7567 7467 5
7667 7567 5
7767 7667 5
7867 7767 5
7967 7867 5
8067 7967 5
8167 8067 5
8267 8167 5
8367 8267 5
8467 8367 5
8567 8467 5
8667 8567 5
8767 8667 5
8867 8767 5
8967 8867 5
9067 8967 5
9167 9067 5
9267 9167 5
9367 9267 5
9368 9367 5
9468 9368 5
9568 9468 5
9569 9568 5
9570 9569 5
9571 9570 5
9572 9571 5
9672 9572 5
9673 9672 5
9674 9673 5
9675 9674 5
9676 9675 5
9677 9676 5
9678 9677 5
9679 9678 5
9680 9679 5
9681 9680 5
9682 9681 5
9683 9682 5
9684 9683 5
9685 9684 5
9686 9685 5
9687 9686 5
9688 9687 5
9689 9688 5
9690 9689 5
9691 9690 5
9692 9691 5
9792 9692 5
9892 9792 5
9992 9892 5
502 501 6
503 502 6
603 503 6
10603 603 6
10703 10603 6
10704 10703 6
10705 10704 6
10706 10705 6
10707 10706 6
10708 10707 6
10709 10708 6
10710 10709 6
10711 10710 6
10712 10711 6
10713 10712 6
10813 10713 6
10913 10813 6
10914 10913 6
10915 10914 6
10916 10915 6
10917 10916 6
10918 10917 6
10919 10918 6
10920 10919 6
10921 10920 6
10922 10921 6
10923 10922 6
11023 10923 6
11024 11023 6
11124 11024 6
11125 11124 6
11126 11125 6
11226 11126 6
11227 11226 6
11327 11227 6
11328 11327 6
11329 11328 6
11330 11329 6
11331 11330 6
11332 11331 6
11333 11332 6
11433 11333 6
11533 11433 6
11534 11533 6
11535 11534 6
11536 11535 6
11537 11536 6
11538 11537 6
11539 11538 6
11639 11539 6
11640 11639 6
11740 11640 6
11741 11740 6
11841 11741 6
11842 11841 6
11843 11842 6
11844 11843 6
11944 11844 6
11945 11944 6
11946 11945 6
11947 11946 6
11948 11947 6
11949 11948 6
11950 11949 6
11951 11950 6
11952 11951 6
11953 11952 6
11954 11953 6
11955 11954 6
11956 11955 6
11957 11956 6
11958 11957 6
11959 11958 6
2060 12060 6
2061 2060 6
2062 2061 6
2063 2062 6
2064 2063 6
2065 2064 6
2066 2065 6
12059 11959 6
12060 12059 6
2166 2066 6
2167 2166 6
2267 2167 6
2367 2267 6
2467 2367 6
2567 2467 6
2667 2567 6
2767 2667 6
2867 2767 6
2967 2867 6
3067 2967 6
3167 3067 6
3267 3167 6
3367 3267 6
3467 3367 6
3567 3467 6
3667 3567 6
3767 3667 6
3867 3767 6
3868 3867 6
3869 3868 6
3870 3869 6
3871 3870 6
3872 3871 6
3873 3872 6
3874 3873 6
3875 3874 6
3876 3875 6
3877 3876 6
3878 3877 6
3879 3878 6
3880 3879 6
3881 3880 6
3882 3881 6
3883 3882 6
3884 3883 6
3885 3884 6
3886 3885 6
3887 3886 6
3888 3887 6
3889 3888 6
3890 3889 6
3891 3890 6
3892 3891 6
3893 3892 6
3894 3893 6
3895 3894 6
3896 3895 6
3897 3896 6
3898 3897 6
3899 3898 6
3999 3899 6
4000 3999 6
4100 4000 6
14100 4100 6
4300 14300 6
14200 14100 6
4400 4300 6
14300 14200 6
4500 4400 6
1200 1100 7
1300 1200 7
1400 1300 7
1500 1400 7
1600 1500 7
1700 1600 7
1800 1700 7
1900 1800 7
2000 1900 7
2100 2000 7
2200 2100 7
2300 2200 7
2393 2394 7
2394 2395 7
2395 2396 7
2396 2397 7
2397 2398 7
2398 2399 7
2399 2400 7
2400 2300 7
2493 2393 7
2592 2593 7
2593 2493 7
2691 2692 7
2692 2592 7
2791 2691 7
2872 2873 7
2873 2874 7
2874 2875 7
2875 2876 7
2876 2877 7
2877 2878 7
2878 2879 7
2879 2880 7
2880 2881 7
2881 2882 7
2882 2883 7
2883 2884 7
2884 2885 7
2885 2886 7
2886 2887 7
2887 2888 7
2888 2889 7
2889 2890 7
2890 2891 7
2891 2791 7
2971 2972 7
2972 2872 7
3070 3071 7
3071 2971 7
3170 3070 7
3270 3170 7
3370 3270 7
3470 3370 7
3570 3470 7
13569 13570 7
13570 3570 7
13669 13569 7
13769 13669 7
13869 13769 7
13968 13969 7
13969 13869 7
14068 13968 7
14168 14068 7
14268 14168 7
4462 4463 7
4463 4464 7
4464 4465 7
4465 4466 7
4466 4467 7
4467 4468 7
4468 14468 7
14368 14268 7
4561 4562 7
4562 4462 7
14468 14368 7
4661 4561 7
4761 4661 7
4861 4761 7
4961 4861 7
5061 4961 7
5161 5061 7
5261 5161 7
5361 5261 7
5461 5361 7
5561 5461 7
5661 5561 7
5761 5661 7
5861 5761 7
5961 5861 7
6061 5961 7
6161 6061 7
6261 6161 7
6361 6261 7
6461 6361 7
6561 6461 7
6661 6561 7
6761 6661 7
6861 6761 7
6960 6961 7
6961 6861 7
7060 6960 7
7160 7060 7
7260 7160 7
7360 7260 7
7459 7460 7
7460 7360 7
7559 7459 7
7659 7559 7
7759 7659 7
7859 7759 7
7959 7859 7
8059 7959 7
8159 8059 7
8259 8159 7
8359 8259 7
8459 8359 7
8559 8459 7
8659 8559 7
8759 8659 7
8859 8759 7
8959 8859 7
9059 8959 7
9159 9059 7
9259 9159 7
9359 9259 7
9459 9359 7
9559 9459 7
9659 9559 7
9759 9659 7
9859 9759 7
9959 9859 7
 46  47 8
 47  48 8
 48  49 8
 49  50 8
 50  51 8
 51  52 8
 52  53 8
 53  54 8
 54  55 8
 55  56 8
 56  57 8
 57  58 8
 58  59 8
 59 159 8
159 259 8
259 260 8
260 360 8
360 460 8
460 560 8
560 660 8
660 760 8
760 860 8
860 960 8
960 1060 8
1060 1160 8
1160 1260 8
1260 1360 8
1360 1460 8
1460 1560 8
1560 1660 8
1660 1760 8
1760 1860 8
1860 1861 8
1861 1862 8
1862 1863 8
1863 1864 8
1864 1865 8
1865 1866 8
1866 1867 8
1867 1967 8
1967 2067 8
2067 2068 8
2068 2069 8
2069 2169 8
2169 2269 8
2269 2369 8
2369 2469 8
2469 2569 8
2569 2669 8
2669 2769 8
2769 2869 8
2869 2969 8
2969 3069 8
3069 3169 8
3169 13169 8
13169 13170 8
13170 13270 8
13270 13370 8
13370 13371 8
13371 13471 8
13471 13571 8
13571 13572 8
13572 13672 8
13672 13772 8
13772 13872 8
13872 13873 8
13873 13973 8
13973 14073 8
14073 14173 8
14173 14273 8
14273 14373 8
14373 14473 8
14473 14573 8
14573 14673 8
14673 14773 8
14773 14873 8
14873 14973 8
14973 15073 8
15073 15173 8
15173 15273 8
5274 5275 8
5275 5276 8
5276 5277 8
5277 5278 8
5278 5279 8
5279 5280 8
5280 5281 8
5281 5282 8
5282 5283 8
5283 5284 8
5284 5285 8
5285 5286 8
5286 5287 8
5287 5288 8
5288 5289 8
5289 5290 8
5290 5291 8
5291 5292 8
5292 5293 8
5293 5294 8
5294 5295 8
5295 5296 8
5296 5297 8
5297 5298 8
5298 5299 8
5299 5399 8
15273 15274 8
15274 5274 8
5399 5499 8
5499 5500 8
5500 5600 8
  7 107 9
107 207 9
207 307 9
307 407 9
407 507 9
507 10507 9
10507 10607 9
10607 20607 9
10807 10907 9
10907 11007 9
11007 11107 9
11107 11207 9
11207 11307 9
11307 11407 9
11407 11507 9
11507 11607 9
11607 11707 9
11707 11807 9
11807 11907 9
11907 12007 9
12007 12107 9
12107 12207 9
12207 12307 9
12307 12407 9
12407 12507 9
12507 12607 9
12607 12707 9
12707 12807 9
12807 12907 9
12901 2901 9
12902 12901 9
12903 12902 9
12904 12903 9
12905 12904 9
12906 12905 9
12907 12906 9
12907 13007 9
13007 13107 9
13107 13207 9
13207 13307 9
13307 13407 9
13407 13507 9
13507 13607 9
13607 13707 9
13707 13807 9
13807 13907 9
13907 14007 9
14007 14107 9
14107 14207 9
14207 14307 9
14307 14407 9
14407 14507 9
14507 14607 9
14607 14707 9
14707 14807 9
14807 14907 9
14907 15007 9
15007 15107 9
15107 15207 9
15207 15307 9
15307 15407 9
15407 15507 9
15507 15607 9
15607 15707 9
15707 15807 9
15807 15907 9
15907 16007 9
16007 16107 9
16107 16207 9
16207 16307 9
16307 16407 9
16407 16507 9
16507 16607 9
16607 16707 9
16707 16807 9
16807 16907 9
16907 17007 9
17007 17107 9
17107 17207 9
17207 17307 9
17307 17407 9
17407 17507 9
17507 17607 9
17607 17707 9
17707 17807 9
17807 17907 9
17907 18007 9
18007 18107 9
18107 18207 9
18207 18307 9
18307 18407 9
18407 18507 9
18507 18607 9
18607 18707 9
18707 18807 9
18807 18907 9
18907 19007 9
19007 19107 9
19107 19207 9
19207 19307 9
19307 19407 9
19407 19507 9
19507 19607 9
19607 19707 9
19707 19807 9
19807 19907 9
9960 9961 9
9961 9962 9
9962 9963 9
9963 9964 9
9964 9965 9
9965 9966 9
9966 9967 9
9967 9968 9
9968 9969 9
9969 9970 9
9970 9971 9
9971 9972 9
9972 9973 9
9973 9974 9
9974 9975 9
9975 9976 9
9976 9977 9
9977 9978 9
9978 9979 9
9979 9980 9
9980 9981 9
9981 9982 9
9982 9983 9
9983 9984 9
9984 9985 9
19907 19908 9
19908 19909 9
19909 19910 9
19910 19911 9
19911 19912 9
19912 19913 9
19913 19914 9
19914 19915 9
19915 19916 9
19916 19917 9
19917 19918 9
19918 19919 9
19919 19920 9
19920 19921 9
19921 19922 9
19922 19923 9
19923 19924 9
19924 19925 9
19925 19926 9
19926 19927 9
19927 19928 9
19928 19929 9
19929 19930 9
19930 19931 9
19931 19932 9
19932 19933 9
19933 19934 9
19934 19935 9
19935 19936 9
19936 19937 9
19937 19938 9
19938 19939 9
19939 19940 9
19940 19941 9
19941 19942 9
19942 19943 9
19943 19944 9
19944 19945 9
19945 19946 9
19946 19947 9
19947 19948 9
19948 19949 9
19949 19950 9
19950 19951 9
19951 19952 9
19952 19953 9
19953 19954 9
19954 19955 9
19955 19956 9
19956 19957 9
19957 19958 9
19958 19959 9
19959 19960 9
19960 9960 9
20607 20707 9
20707 20807 9
20807 10807 9
10081  81 10
10181 10081 10
10281 10181 10
10381 10281 10
10481 10381 10
10581 10481 10
10681 10581 10
10781 10681 10
10881 10781 10
10981 10881 10
11081 10981 10
11181 11081 10
11281 11181 10
11381 11281 10
11481 11381 10
11581 11481 10
11681 11581 10
11701 1701 10
11769 21769 10
11770 11769 10
11771 11770 10
11772 11771 10
11773 11772 10
11774 11773 10
11775 11774 10
11776 11775 10
11777 11776 10
11778 11777 10
11779 11778 10
11780 11779 10
11781 11681 10
11781 11780 10
11782 11781 10
11783 11782 10
11784 11783 10
11884 11784 10
11885 11884 10
11985 11885 10
11986 11985 10
12086 11986 10
12087 12086 10
12187 12087 10
12188 12187 10
12288 12188 10
12289 12288 10
12389 12289 10
12390 12389 10
12490 12390 10
12491 12490 10
12591 12491 10
12691 12591 10
12791 12691 10
12891 12791 10
12892 12891 10
12992 12892 10
13092 12992 10
13192 13092 10
13193 13192 10
13293 13193 10
13393 13293 10
13493 13393 10
13593 13493 10
13693 13593 10
13694 13693 10
13794 13694 10
13894 13794 10
13994 13894 10
14094 13994 10
14095 14094 10
14195 14095 10
14295 14195 10
14395 14295 10
14495 14395 10
14595 14495 10
14695 14595 10
14696 14695 10
14796 14696 10
14896 14796 10
14996 14896 10
15096 14996 10
15196 15096 10
15296 15196 10
15396 15296 10
15496 15396 10
15596 15496 10
15696 15596 10
15796 15696 10
15896 15796 10
15996 15896 10
16096 15996 10
16196 16096 10
16296 16196 10
16396 16296 10
16496 16396 10
16596 16496 10
16696 16596 10
16796 16696 10
16896 16796 10
16996 16896 10
17096 16996 10
17196 17096 10
17296 17196 10
17396 17296 10
17496 17396 10
17596 17496 10
17696 17596 10
17796 17696 10
17896 17796 10
17996 17896 10
18096 17996 10
18196 18096 10
18296 18196 10
18297 18296 10
18397 18297 10
18398 18397 10
18498 18398 10
8600 18600 10
18598 18498 10
18599 18598 10
18600 18599 10
21701 11701 10
21702 21701 10
21703 21702 10
21704 21703 10
21705 21704 10
21706 21705 10
21707 21706 10
21708 21707 10
21709 21708 10
21710 21709 10
21711 21710 10
21712 21711 10
21713 21712 10
21714 21713 10
21715 21714 10
21716 21715 10
21717 21716 10
21718 21717 10
21719 21718 10
21720 21719 10
21721 21720 10
21722 21721 10
21723 21722 10
21724 21723 10
21725 21724 10
21726 21725 10
21727 21726 10
21728 21727 10
21729 21728 10
21730 21729 10
21731 21730 10
21732 21731 10
21733 21732 10
21734 21733 10
21735 21734 10
21736 21735 10
21737 21736 10
21738 21737 10
21739 21738 10
21740 21739 10
21741 21740 10
21742 21741 10
21743 21742 10
21744 21743 10
21745 21744 10
21746 21745 10
21747 21746 10
21748 21747 10
21749 21748 10
21750 21749 10
21751 21750 10
21752 21751 10
21753 21752 10
21754 21753 10
21755 21754 10
21756 21755 10
21757 21756 10
21758 21757 10
21759 21758 10
21760 21759 10
21761 21760 10
21762 21761 10
21763 21762 10
21764 21763 10
21765 21764 10
21766 21765 10
21767 21766 10
21768 21767 10
21769 21768 10
3201 3301 11
3301 3401 11
3401 3501 11
3501 3601 11
3601 3701 11
3701 3801 11
3801 3901 11
3901 4001 11
4001 4101 11
4101 4201 11
4201 4301 11
4301 4302 11
4302 4303 11
4303 4304 11
4304 4305 11
4305 4306 11
4306 4307 11
4307 4308 11
4308 4309 11
4309 4310 11
4310 4311 11
4311 4312 11
4312 4313 11
4313 4314 11
4314 4315 11
4315 4316 11
4316 4317 11
4317 4318 11
4318 4319 11
4319 4320 11
4320 4321 11
4321 4322 11
4322 4323 11
4323 4324 11
4324 4325 11
4325 4326 11
4326 4327 11
4327 4328 11
4328 4329 11
4329 4330 11
4330 4331 11
4331 4332 11
4332 4333 11
4333 4334 11
4334 4335 11
4335 4336 11
4336 4337 11
4337 4338 11
4338 4339 11
4339 4340 11
4340 4341 11
4341 4342 11
4342 4343 11
4343 4344 11
4344 4345 11
4345 4346 11
4346 4347 11
4347 4348 11
4348 4349 11
4349 4350 11
4350 4351 11
4351 4352 11
4352 4353 11
4353 4354 11
4354 4355 11
4355 4356 11
4356 4357 11
4357 4358 11
4358 4359 11
4359 4360 11
4360 4361 11
4361 4362 11
4362 4363 11
4363 4364 11
4364 4365 11
4365 4366 11
4366 4367 11
4367 4368 11
4368 4369 11
4369 4469 11
4469 4569 11
4569 4669 11
4669 4769 11
4769 4869 11
4869 4969 11
4969 5069 11
5069 5169 11
5169 5269 11
5269 5369 11
5369 5469 11
5469 5569 11
5569 5669 11
5669 5769 11
5769 5869 11
5869 5969 11
5969 6069 11
6069 6169 11
6169 6269 11
6269 6369 11
6369 6469 11
6469 6569 11
6569 6669 11
6669 6670 11
6670 6671 11
6671 6672 11
6672 6673 11
6673 6674 11
6674 6675 11
6675 6676 11
6676 6677 11
6677 6678 11
6678 6679 11
6679 6680 11
6680 6681 11
6681 6682 11
6682 6683 11
6683 6684 11
6684 6685 11
6685 6686 11
6686 6687 11
6687 6688 11
6688 6689 11
6689 6690 11
6690 6691 11
6691 6692 11
6692 6693 11
6693 6694 11
6694 6695 11
6695 6696 11
6696 6697 11
6697 6698 11
6698 6699 11
6699 6700 11
13700 3700 12
13800 13700 12
13899 13900 12
13900 13800 12
13999 13899 12
14099 13999 12
4299 14299 12
14199 14099 12
4399 4299 12
14299 14199 12
4499 4399 12
4599 4499 12
4600 4599 12
4700 4600 12
4800 4700 12
4900 4800 12
5000 4900 12
5100 5000 12
122 123 13
123 124 13
124 125 13
125  25 13
222 122 13
321 322 13
322 222 13
421 321 13
521 421 13
621 521 13
721 621 13
821 721 13
921 821 13
1020 1021 13
1021 921 13
1120 1020 13
1220 1120 13
11220 1220 13
1402 1403 13
1403 1404 13
1404 1405 13
1405 1406 13
1406 1407 13
1407 1408 13
1408 1409 13
1409 1410 13
1410 1411 13
1411 1412 13
1412 1413 13
1413 1414 13
1414 1415 13
1415 1416 13
1416 1417 13
1417 1418 13
1418 1419 13
1419 1420 13
1420 11420 13
11320 11220 13
1502 1402 13
11420 11320 13
1602 1502 13
1702 1602 13
1801 1802 13
1802 1702 13
1901 1801 13
2001 1901 13
2101 2001 13
2201 2101 13
2301 2201 13
2802 2801 14
2902 2802 14
3002 2902 14
3102 3002 14
3202 3102 14
3302 3202 14
3402 3302 14
3502 3402 14
3602 3502 14
3702 3602 14
3802 3702 14
3902 3802 14
4002 3902 14
4102 4002 14
4202 4102 14
14202 4202 14
14302 14202 14
14402 14302 14
4602 14602 14
14502 14402 14
4702 4602 14
14602 14502 14
4801 4802 14
4802 4702 14
4901 4801 14
5001 4901 14
5101 5001 14
5201 5101 14
5301 5201 14
5401 5301 14
5501 5401 14
5601 5501 14
5701 5601 14
5801 5701 14
