# Cost: 1099

# Tail Head Net
1321 1261 1
1381 1321 1
1441 1381 1
1501 1441 1
1561 1501 1
1621 1561 1
1681 1621 1
1735 1736 1
1736 1737 1
1737 1738 1
1738 1739 1
1739 1740 1
1741 1681 1
1792 1793 1
1793 1794 1
1794 1795 1
1795 1735 1
1801 1741 1
1850 1851 1
1851 1852 1
1852 1792 1
1861 1801 1
1909 1910 1
1910 1850 1
1921 1861 1
1968 1969 1
1969 1909 1
1981 1921 1
2028 1968 1
2041 1981 1
2083 2084 1
2084 2085 1
2085 2086 1
2086 2087 1
2087 2088 1
2088 2028 1
2101 2041 1
2141 2142 1
2142 2143 1
2143 2083 1
2161 2101 1
2201 2141 1
2221 2161 1
2261 2201 1
2281 2221 1
2318 2319 1
2319 2320 1
2320 2321 1
2321 2261 1
2341 2281 1
2378 2318 1
2401 2341 1
2438 2378 1
2461 2401 1
2461 2521 1
2498 2438 1
2521 2522 1
2522 2523 1
2523 2524 1
2524 2525 1
2525 2526 1
2526 2527 1
2527 2528 1
2528 2529 1
2529 2530 1
2530 2531 1
2531 2532 1
2532 2533 1
2533 2534 1
2534 2535 1
2535 2536 1
2536 2537 1
2537 2538 1
2538 2539 1
2539 2540 1
2540 2541 1
2541 2542 1
2542 2602 1
2558 2498 1
2602 2603 1
2603 2604 1
2604 2605 1
2605 2606 1
2606 2607 1
2607 2608 1
2608 2609 1
2609 2669 1
2615 2616 1
2616 2617 1
2617 2618 1
2618 2558 1
2669 2670 1
2670 2671 1
2671 2672 1
2671 2731 1
2672 2673 1
2673 2674 1
2674 2675 1
2675 2615 1
2731 2791 1
2791 2851 1
2851 2911 1
2911 2912 1
2912 2913 1
2912 2972 1
2913 2914 1
2914 2915 1
2915 2975 1
2972 3032 1
2975 2976 1
2976 2977 1
2977 2978 1
2978 2979 1
2979 2980 1
2980 2981 1
2981 3041 1
3032 3092 1
3041 3042 1
3042 3043 1
3043 3044 1
3044 3045 1
3045 3105 1
3092 3152 1
3105 3165 1
3152 3212 1
3165 3225 1
3212 3272 1
3225 3285 1
3272 3332 1
3285 3345 1
3332 3392 1
3345 3346 1
3346 3347 1
3347 3407 1
3392 3452 1
3407 3467 1
3452 3512 1
3467 3527 1
3512 3572 1
3527 3528 1
3528 3529 1
3529 3530 1
3530 3531 1
3531 3532 1
3532 3533 1
3533 3534 1
3534 3535 1
3535 3536 1
3536 3537 1
3537 3597 1
 27  26 2
3627  27 2
3687 3627 2
3747 3687 2
3807 3747 2
3867 3807 2
3927 3867 2
420 480 2
3987 3927 2
3988 3987 2
3989 3988 2
3990 3989 2
3991 3990 2
480 540 2
4051 3991 2
4052 4051 2
4053 4052 2
540 600 2
4113 4053 2
4114 4113 2
595 4195 2
596 595 2
597 596 2
598 597 2
599 598 2
600 599 2
600 660 2
4174 4114 2
4175 4174 2
4176 4175 2
4195 4255 2
4236 4176 2
4237 4236 2
4255 4315 2
4297 4237 2
4313 4373 2
4314 4313 2
4315 4314 2
4357 4297 2
4358 4357 2
4373 4433 2
4418 4358 2
4432 4492 2
4433 4432 2
4478 4418 2
4492 4552 2
4538 4478 2
4550 4610 2
4551 4550 2
4552 4551 2
4598 4538 2
4609 4669 2
4610 4609 2
4658 4598 2
4658 4718 2
4659 4658 2
4660 4659 2
4661 4660 2
4662 4661 2
4663 4662 2
4664 4663 2
4665 4664 2
4666 4665 2
4667 4666 2
4668 4667 2
4669 4668 2
4718 4778 2
4778 4838 2
4838 4898 2
4898 4958 2
4955 5015 2
4956 4955 2
4957 4956 2
4958 4957 2
5013 5073 2
5014 5013 2
5015 5014 2
5073 5133 2
5132 5192 2
5133 5132 2
5192 5252 2
5251 5311 2
5252 5251 2
5311 5371 2
5371 5431 2
5431 5491 2
5491 5551 2
5547 5607 2
5548 5547 2
5549 5548 2
5550 5549 2
5551 5550 2
5607 5667 2
5664 5724 2
5665 5664 2
5666 5665 2
5667 5666 2
5724 5784 2
5784 5844 2
5844 5904 2
5904 5964 2
5956 6016 2
5957 5956 2
5958 5957 2
5959 5958 2
5960 5959 2
5961 5960 2
5962 5961 2
5963 5962 2
5964 5963 2
6016 6076 2
6076 6136 2
6136 6196 2
6196 6256 2
6256 6316 2
6316 6376 2
6376 6436 2
6436 6496 2
6496 6556 2
6556 6616 2
6616 6676 2
6676 6736 2
6736 6796 2
6796 6856 2
6856 6916 2
3376 3436 2
6916 6976 2
3435 3495 2
3436 3435 2
6976 3376 2
3495 3555 2
3547 3546 2
3548 3547 2
3549 3548 2
3550 3549 2
3551 3550 2
3552 3551 2
3553 3552 2
3554 3553 2
3555 3554 2
  8   7 3
  9   8 3
 10   9 3
 11  10 3
 12  11 3
 13  12 3
 14  13 3
 15  14 3
 16  15 3
 17  16 3
 18  17 3
 19  18 3
 20  19 3
 21  20 3
 22  21 3
 22  82 3
 82 142 3
142 202 3
202 262 3
262 263 3
263 264 3
264 265 3
265 266 3
266 267 3
267 268 3
268 269 3
269 329 3
329 389 3
389 449 3
449 509 3
509 569 3
569 629 3
629 689 3
689 749 3
749 809 3
809 869 3
869 929 3
929 989 3
989 1049 3
1049 1109 3
1109 1169 3
1169 1170 3
1170 1230 3
1230 1290 3
1290 1350 3
1350 1351 3
1351 1352 3
1352 1412 3
1412 1472 3
1472 1532 3
1532 1592 3
1592 1652 3
1652 1712 3
1712 1772 3
1772 1773 3
1773 1774 3
1774 1834 3
1834 1835 3
1835 1836 3
1836 1896 3
1896 1956 3
1956 2016 3
2016 2076 3
2076 2136 3
2136 2196 3
2196 2256 3
2256 2316 3
2316 2376 3
2376 2436 3
2436 2496 3
2496 2556 3
2556 6156 3
6156 6216 3
6216 6276 3
6276 6277 3
6277 6337 3
6337 6397 3
6397 6457 3
6457 6517 3
6517 6577 3
6577 6578 3
6578 6579 3
6579 6580 3
6580 6640 3
6640 6700 3
6700 6760 3
6760 6761 3
6761 6762 3
6762 6822 3
6822 6882 3
6882 6883 3
6883 6943 3
6943 6944 3
6944 7004 3
7004 7005 3
7005 7006 3
7006 7007 3
7007 7067 3
7067 7068 3
7068 7128 3
7128 7129 3
7129 7130 3
7130 7131 3
7131 7191 3
3593 3594 3
3594 3595 3
3595 3596 3
7191 7192 3
7192 3592 3
7192 7193 3
7193 3593 3
 36  35 4
 37  36 4
 38  37 4
 39  38 4
 40  39 4
100  40 4
101 100 4
161 101 4
221 161 4
281 221 4
282 281 4
342 282 4
343 342 4
403 343 4
463 403 4
464 463 4
465 464 4
525 465 4
585 525 4
645 585 4
705 645 4
765 705 4
825 765 4
826 825 4
886 826 4
946 886 4
1006 946 4
1066 1006 4
1067 1066 4
1127 1067 4
1187 1127 4
1247 1187 4
1307 1247 4
1367 1307 4
1427 1367 4
5027 1427 4
5087 5027 4
5088 5087 4
5148 5088 4
5149 5148 4
5209 5149 4
5269 5209 4
5270 5269 4
5330 5270 4
5390 5330 4
5450 5390 4
5510 5450 4
2030 5630 4
5570 5510 4
2090 2030 4
5630 5570 4
2150 2090 4
2150 2210 4
2151 2150 4
2152 2151 4
2153 2152 4
2154 2153 4
2155 2154 4
2156 2155 4
2157 2156 4
2158 2157 4
2159 2158 4
2160 2159 4
2210 2270 4
2270 5870 4
5870 5930 4
5930 5990 4
5990 6050 4
6050 6110 4
6110 6170 4
6170 6230 4
6230 6290 4
6290 6350 4
6350 6410 4
6410 6470 4
6470 6530 4
6530 10130 4
7127 7187 4
7187 3587 4
10130 10190 4
10190 10250 4
10250 10310 4
10310 10370 4
10369 10429 4
10370 10369 4
10429 10489 4
10489 10549 4
10549 10609 4
10607 10667 4
10608 10607 4
10609 10608 4
10667 10727 4
10727 7127 4
 47 107 5
107 167 5
167 227 5
227 287 5
287 347 5
347 407 5
407 467 5
467 527 5
527 587 5
587 647 5
647 707 5
707 767 5
767 827 5
827 887 5
887 947 5
947 1007 5
1007 4607 5
4607 8207 5
4621 1021 5
6060 6120 5
6120 6180 5
6180 6240 5
6240 6300 5
6300 6360 5
6360 6420 5
2880 2940 5
6420 6480 5
2940 3000 5
6480 2880 5
8207 8267 5
8221 4621 5
8222 8221 5
8223 8222 5
8224 8223 5
8225 8224 5
8239 8238 5
8240 8239 5
8241 8240 5
8242 8241 5
8243 8242 5
8244 8243 5
8245 8244 5
8246 8245 5
8247 8246 5
8248 8247 5
8249 8248 5
8250 8249 5
8251 8250 5
8252 8251 5
8253 8252 5
8254 8253 5
8255 8254 5
8256 8255 5
8257 8256 5
8258 8257 5
8259 8258 5
8260 8259 5
8261 8260 5
8262 8261 5
8263 8262 5
8264 8263 5
8265 8264 5
8266 8265 5
8267 8266 5
8267 8268 5
8268 8269 5
8269 8270 5
8270 8271 5
8271 8272 5
8272 8273 5
8273 8274 5
8274 8275 5
8275 8276 5
8276 8277 5
8277 8278 5
8278 8279 5
8279 8339 5
8339 8399 5
8399 8459 5
8459 8519 5
8519 8579 5
8579 8639 5
8639 8699 5
8699 8759 5
8759 8819 5
8819 8879 5
8879 8939 5
8939 8999 5
8999 9059 5
9059 9060 5
9060 9120 5
9120 9180 5
9180 9240 5
9240 9300 5
9300 9360 5
9360 9420 5
9420 9480 5
9480 9540 5
9540 9600 5
9600 9660 5
9660 6060 5
8226 8225 5
8227 8226 5
8228 8227 5
8229 8228 5
8230 8229 5
8231 8230 5
8232 8231 5
8233 8232 5
8234 8233 5
8235 8234 5
8236 8235 5
8237 8236 5
8238 8237 5
3229 3289 6
3230 3229 6
3231 3230 6
3232 3231 6
3233 3232 6
3234 3233 6
3235 3234 6
3236 3235 6
3237 3236 6
3238 3237 6
3239 3238 6
3240 3239 6
3284 3344 6
3288 6888 6
3289 3288 6
3344 3404 6
6884 3284 6
6885 6884 6
6886 6885 6
6887 6886 6
6888 6887 6
3404 3464 6
3454 7054 6
3455 3454 6
3456 3455 6
3457 3456 6
3458 3457 6
3459 3458 6
3460 3459 6
3461 3460 6
3462 3461 6
3463 3462 6
3464 3463 6
3464 3524 6
7021 3421 6
7022 7021 6
7023 7022 6
7024 7023 6
7025 7024 6
7026 7025 6
7027 7026 6
7028 7027 6
7029 7028 6
7030 7029 6
7031 7030 6
7032 7031 6
7033 7032 6
7034 7033 6
7035 7034 6
7036 7035 6
7037 7036 6
7038 7037 6
7039 7038 6
7040 7039 6
7041 7040 6
7042 7041 6
7043 7042 6
7044 7043 6
7045 7044 6
7046 7045 6
7047 7046 6
7048 7047 6
7049 7048 6
7050 7049 6
7051 7050 6
7052 7051 6
7053 7052 6
7054 7053 6
3524 3584 6
 61   1 7
121  61 7
181 121 7
241 181 7
301 241 7
361 301 7
421 361 7
481 421 7
541 481 7
601 541 7
661 601 7
721 661 7
781 721 7
841 781 7
901 841 7
961 901 7
962 961 7
1022 962 7
1082 1022 7
1142 1082 7
1202 1142 7
1262 1202 7
1322 1262 7
1382 1322 7
1442 1382 7
1502 1442 7
1562 1502 7
1622 1562 7
1682 1622 7
1742 1682 7
1802 1742 7
1862 1802 7
1922 1862 7
1982 1922 7
2042 1982 7
2102 2042 7
2162 2102 7
2222 2162 7
2282 2222 7
2342 2282 7
2402 2342 7
2462 2402 7
2463 2462 7
2464 2463 7
2465 2464 7
2466 2465 7
2467 2466 7
2468 2467 7
2469 2468 7
2470 2469 7
2471 2470 7
2472 2471 7
2473 2472 7
2474 2473 7
2475 2474 7
2476 2475 7
2477 2476 7
2478 2477 7
2479 2478 7
2480 2479 7
2481 2480 7
2482 2481 7
2483 2482 7
2484 2483 7
2485 2484 7
2486 2485 7
2487 2486 7
2488 2487 7
2489 2488 7
2490 2489 7
2491 2490 7
2492 2491 7
2493 2492 7
2499 6099 7
2500 2499 7
2501 2500 7
2502 2501 7
2503 2502 7
2504 2503 7
2505 2504 7
2506 2505 7
2507 2506 7
2508 2507 7
2509 2508 7
2510 2509 7
2511 2510 7
2512 2511 7
2513 2512 7
2514 2513 7
2515 2514 7
2516 2515 7
2517 2516 7
2518 2517 7
2519 2518 7
2520 2519 7
6093 2493 7
6093 6153 7
6094 6093 7
6095 6094 7
6096 6095 7
6097 6096 7
6098 6097 7
6099 6098 7
6153 6213 7
6213 6273 7
6273 6333 7
6333 6393 7
6393 6453 7
6453 6513 7
2973 3033 7
6513 6573 7
3033 3093 7
6573 2973 7
3093 3153 7
3153 3213 7
3213 3273 7
3273 3333 7
3333 3393 7
3393 3453 7
3453 3513 7
3513 3573 7
1320 1260 8
1380 1320 8
1440 1380 8
1499 1500 8
1500 1440 8
1559 1499 8
1619 1559 8
1679 1619 8
5279 1679 8
5339 5279 8
5399 5339 8
5459 5399 8
5519 5459 8
5579 5519 8
5639 5579 8
5699 5639 8
5759 5699 8
5819 5759 8
5879 5819 8
5939 5879 8
5999 5939 8
6059 5999 8
6119 6059 8
2639 6239 8
6179 6119 8
2642 2641 8
2643 2642 8
2644 2643 8
2645 2644 8
2646 2645 8
2647 2646 8
2648 2647 8
2649 2648 8
2650 2649 8
2651 2650 8
2652 2651 8
2653 2652 8
2654 2653 8
2655 2654 8
2656 2655 8
2657 2656 8
2658 2657 8
2659 2658 8
2660 2659 8
2661 2660 8
2662 2661 8
2663 2662 8
2664 2663 8
2665 2664 8
2666 2665 8
2667 2666 8
2668 2667 8
2699 2639 8
6239 6179 8
6268 2668 8
6269 6268 8
6270 6269 8
6271 6270 8
2732 6332 8
6272 6271 8
2733 2732 8
2734 2733 8
2735 2734 8
2736 2735 8
2737 2736 8
2738 2737 8
2739 2738 8
2740 2739 8
2741 2740 8
2742 2741 8
2743 2742 8
2744 2743 8
2745 2744 8
2746 2745 8
2747 2746 8
2748 2747 8
2749 2748 8
2750 2749 8
2751 2750 8
2752 2751 8
2753 2752 8
2754 2753 8
2755 2754 8
2756 2755 8
2757 2756 8
2758 2757 8
2759 2699 8
2759 2758 8
6332 6272 8
2819 2759 8
2879 2819 8
2939 2879 8
2999 2939 8
3059 2999 8
3060 3059 8
3120 3060 8
 45 3645 9
3645 3646 9
3646 3647 9
3647 3707 9
3707 3767 9
3767 3827 9
3827 3828 9
3828 3829 9
3829 3830 9
3830 3831 9
3831 3832 9
3832 3833 9
3833 3834 9
3834 3835 9
3835 3836 9
3836 3837 9
3837 3897 9
3897 3898 9
3898 3958 9
3958 4018 9
4018 4078 9
4078 4138 9
4138 4198 9
4198 4258 9
4258 4318 9
4318 4378 9
4378 4438 9
4438 4498 9
4498 4558 9
4558 4618 9
4618 4678 9
4678 4738 9
4738 4798 9
4798 4858 9
4858 4918 9
4918 4978 9
4978 5038 9
5038 5098 9
5098 5158 9
5158 5218 9
5218 5278 9
5278 5338 9
5338 5398 9
5398 5458 9
5458 5518 9
5518 5578 9
5578 5638 9
5638 5698 9
5698 5758 9
5758 5818 9
5818 5878 9
2338 2339 9
5878 5938 9
2339 2340 9
5938 2338 9
5938 5998 9
5998 6058 9
6058 6118 9
6118 6178 9
6178 6238 9
6238 6298 9
6298 6299 9
6299 6359 9
6359 6419 9
6419 6479 9
6479 6539 9
6539 6540 9
6540 6600 9
6600 6660 9
6660 6720 9
6720 6780 9
6780 6840 9
6840 6900 9
6900 3300 9
  3  63 10
 63 123 10
123 183 10
183 243 10
242 302 10
243 242 10
302 362 10
362 422 10
422 482 10
482 542 10
542 602 10
602 662 10
662 722 10
722 782 10
782 842 10
842 902 10
902 4502 10
4502 4562 10
4562 4622 10
4622 4682 10
4682 4742 10
4742 4802 10
4802 4862 10
4862 4922 10
4922 4982 10
4982 5042 10
5042 5102 10
5102 5162 10
5162 5222 10
5222 5282 10
5282 5342 10
5342 5402 10
5402 5462 10
5462 5522 10
5522 5582 10
5582 5642 10
5642 5702 10
5702 5762 10
5762 5822 10
5822 5882 10
5882 5942 10
5942 6002 10
6002 6062 10
6062 6122 10
6122 6182 10
6182 6242 10
2702 2762 10
6242 6302 10
2762 2822 10
6302 2702 10
2822 2882 10
2882 2942 10
2942 3002 10
3002 3062 10
3062 3122 10
3122 3182 10
3182 3242 10
3242 3302 10
3302 3362 10
3362 3422 10
3422 3482 10
3482 3542 10
3542 3541 10
103  43 11
163 103 11
223 163 11
283 223 11
3883 283 11
3943 3883 11
4003 3943 11
4063 4003 11
4597 8197 11
4657 4597 11
4717 4657 11
1201 4801 11
4801 8401 11
7663 4063 11
7723 7663 11
7783 7723 11
7843 7783 11
7903 7843 11
7963 7903 11
8023 7963 11
8083 8023 11
8143 8083 11
8197 8198 11
8198 8199 11
8199 8200 11
8200 8201 11
8201 8202 11
8202 8203 11
8203 8143 11
8317 4717 11
8374 8375 11
8375 8376 11
8376 8377 11
8377 8317 11
8401 8402 11
8402 8403 11
8403 8404 11
8404 8405 11
8405 8406 11
8406 8407 11
8407 8408 11
8408 8409 11
8409 8410 11
8410 8411 11
8411 8412 11
8412 8413 11
8413 8414 11
8414 8415 11
8415 8416 11
8416 8417 11
8417 8418 11
8418 8419 11
8419 8420 11
8420 8421 11
8421 8422 11
8422 8423 11
8423 8424 11
8424 8425 11
8425 8426 11
8426 8427 11
8427 8428 11
8428 8429 11
8429 8430 11
8430 8431 11
8431 8432 11
8432 8433 11
8433 8434 11
8434 8374 11
