# Cost: 1768

# Tail Head Net
116  46 1
186 116 1
255 256 1
256 186 1
325 255 1
395 325 1
465 395 1
535 465 1
605 535 1
675 605 1
745 675 1
749 750 1
750 751 1
751 752 1
752 753 1
753 754 1
754 755 1
755 756 1
756 757 1
757 758 1
758 759 1
759 760 1
760 761 1
761 762 1
762 763 1
763 764 1
764 765 1
765 766 1
766 767 1
767 768 1
768 769 1
769 770 1
815 745 1
819 749 1
841 842 1
842 843 1
842 912 1
843 844 1
844 845 1
845 846 1
846 847 1
847 848 1
848 849 1
849 850 1
850 851 1
851 852 1
852 853 1
853 854 1
854 855 1
855 856 1
856 857 1
857 858 1
858 859 1
859 860 1
860 861 1
861 862 1
862 863 1
863 864 1
864 865 1
865 866 1
866 867 1
867 868 1
868 869 1
869 870 1
870 871 1
871 872 1
872 873 1
873 874 1
874 875 1
875 876 1
876 877 1
877 878 1
878 879 1
879 880 1
880 881 1
881 882 1
882 883 1
883 884 1
884 885 1
885 815 1
885 886 1
886 887 1
887 888 1
888 889 1
889 819 1
889 959 1
912 982 1
959 5859 1
982 1052 1
5859 5929 1
1052 1122 1
5929 5999 1
1122 1192 1
5999 6069 1
1192 1262 1
6069 6139 1
1262 1332 1
6139 6209 1
1332 1402 1
6209 6279 1
1402 1472 1
6279 6349 1
1472 1542 1
6349 6419 1
1542 1612 1
6419 6489 1
1612 1682 1
6489 6559 1
1682 1752 1
6559 6629 1
1752 1822 1
6629 6699 1
1822 1892 1
6699 6769 1
1892 1962 1
6769 6839 1
1962 2032 1
6839 6909 1
2032 2102 1
6909 6979 1
2102 2172 1
6979 7049 1
2172 2242 1
7049 7119 1
2242 2312 1
7119 7189 1
2312 2382 1
7189 7259 1
2382 2452 1
7259 7329 1
2452 2522 1
7329 7399 1
2522 2592 1
7399 7469 1
2592 2662 1
7469 7539 1
2662 2732 1
7539 7609 1
2732 2802 1
7609 7679 1
2802 2872 1
7679 7749 1
2872 2942 1
7749 7819 1
2942 3012 1
7819 7889 1
3012 3082 1
7889 7959 1
3082 3152 1
7959 8029 1
3152 3222 1
8029 8099 1
3222 3292 1
8099 8169 1
3292 3362 1
8169 8239 1
3362 3432 1
8239 8309 1
3432 3502 1
8309 8379 1
3502 3572 1
8379 8449 1
3572 3642 1
8449 8519 1
3642 3641 1
8519 8589 1
8589 8590 1
8589 8659 1
8590 8591 1
8591 8592 1
8592 8593 1
8593 8594 1
8594 8595 1
8595 8596 1
8596 8597 1
8597 8598 1
8598 8599 1
8599 8600 1
8600 8601 1
8601 8602 1
8602 8603 1
8603 8604 1
8604 8605 1
8605 8606 1
8606 8607 1
8607 8608 1
8608 8609 1
8609 8610 1
8610 3710 1
8659 8729 1
3830 3900 1
8729 8730 1
3900 3970 1
8730 3830 1
3970 4040 1
4040 4110 1
4110 4180 1
4180 4250 1
4249 4319 1
4250 4249 1
4319 4389 1
4389 4459 1
4459 4529 1
4529 4599 1
4599 4669 1
4669 4739 1
4739 4809 1
4809 4879 1
  2 4902 2
4902 4972 2
4972 5042 2
5042 5112 2
5112 5182 2
5182 5252 2
5252 5322 2
5322 5392 2
5392 5462 2
5462 5532 2
5532 5602 2
5602 5672 2
5672 5742 2
5742 5812 2
5812 5882 2
5881 981 2
5882 5881 2
5882 5883 2
5883 5953 2
5953 6023 2
6023 6093 2
6093 6163 2
6163 6233 2
6233 6303 2
6303 6373 2
6373 6374 2
6374 6444 2
6444 6514 2
6514 6584 2
6584 6654 2
6654 6724 2
6724 6794 2
6794 6864 2
6864 6934 2
6934 7004 2
7004 7074 2
7074 7075 2
7075 7145 2
7145 7215 2
7215 7285 2
7285 7286 2
7286 7356 2
7356 7426 2
7426 7496 2
7496 7497 2
7497 7567 2
7567 7637 2
7637 7707 2
7707 7708 2
7708 7778 2
7778 7848 2
7848 7918 2
7918 7988 2
7988 8058 2
8058 8059 2
8059 8129 2
3299 3300 2
8129 8199 2
3300 3370 2
8199 3299 2
3370 3371 2
3371 3372 2
3372 3373 2
3373 3374 2
3374 3375 2
3375 3376 2
3376 3446 2
3446 3447 2
3447 3448 2
3448 3449 2
3449 3450 2
3450 3451 2
3451 3452 2
3452 3453 2
3453 3454 2
3454 3455 2
3455 3456 2
3456 3457 2
3457 3458 2
3458 3459 2
3459 3460 2
3460 3461 2
3461 3462 2
3462 3463 2
3463 3464 2
3464 3465 2
3465 3466 2
3466 3467 2
3467 3468 2
3468 3469 2
3469 3470 2
3470 3471 2
3471 3472 2
3472 3473 2
3473 3474 2
3474 3475 2
3474 3544 2
3475 3476 2
3476 3477 2
3477 3478 2
3478 3479 2
3479 3480 2
3480 3481 2
3481 3482 2
3482 3483 2
3483 3484 2
3484 3485 2
3485 3486 2
3486 3487 2
3487 3488 2
3488 3489 2
3489 3490 2
3490 3491 2
3491 3492 2
3492 3493 2
3493 3494 2
3494 3495 2
3495 3496 2
3495 3565 2
3496 3497 2
3497 3567 2
3544 3614 2
3565 3635 2
3567 3568 2
3568 3569 2
3569 3570 2
3614 3684 2
3635 3705 2
3684 3754 2
3705 3775 2
3754 3824 2
3775 3776 2
3776 3777 2
3777 3847 2
3824 3894 2
3847 3848 2
3848 3918 2
3894 3964 2
3918 3919 2
3919 3920 2
3920 3990 2
3964 4034 2
4034 4104 2
4104 4174 2
4174 4244 2
4244 4314 2
4314 4384 2
4384 4454 2
4454 4524 2
4524 4594 2
4594 4664 2
4664 4734 2
4734 4804 2
4804 4874 2
4866 4865 2
4867 4866 2
4868 4867 2
4869 4868 2
4870 4869 2
4871 4870 2
4872 4871 2
4873 4872 2
4874 4873 2
124  54 3
194 124 3
264 194 3
334 264 3
5234 334 3
5304 5234 3
5374 5304 3
5444 5374 3
5514 5444 3
5584 5514 3
5585 5584 3
5655 5585 3
5656 5655 3
5726 5656 3
5727 5726 3
5797 5727 3
5867 5797 3
5937 5867 3
5938 5937 3
6008 5938 3
6078 6008 3
6148 6078 3
6218 6148 3
6288 6218 3
6358 6288 3
6359 6358 3
6429 6359 3
6430 6429 3
6500 6430 3
6501 6500 3
6502 6501 3
6503 6502 3
6504 6503 3
6505 6504 3
6575 6505 3
6645 6575 3
6715 6645 3
6785 6715 3
6786 6785 3
6787 6786 3
6788 6787 3
6789 6788 3
6859 6789 3
6929 6859 3
6999 6929 3
7069 6999 3
7139 7069 3
7209 7139 3
7279 7209 3
7349 7279 3
7350 7349 3
7420 2520 3
7420 7350 3
7490 7420 3
7560 7490 3
7630 7560 3
7700 7630 3
7770 7700 3
7840 7770 3
7910 7840 3
7980 7910 3
8050 7980 3
8120 8050 3
8190 8120 3
8260 8190 3
8330 8260 3
8400 8330 3
3639 3640 3
3640 8540 3
8470 8400 3
3709 3639 3
8540 8470 3
3779 3709 3
3849 3779 3
3849 3850 3
8749 3849 3
8819 8749 3
8889 8819 3
8959 8889 3
9029 8959 3
4268 9168 3
9099 9029 3
4338 4268 3
9168 9169 3
4339 4338 3
9169 9099 3
4409 4339 3
4409 4410 3
4479 4409 3
4548 4549 3
4549 4479 3
4618 4548 3
4688 4618 3
4755 4756 3
4756 4757 3
4757 4758 3
4758 4688 3
4824 4825 3
4825 4755 3
4844 4843 3
4845 4844 3
4846 4845 3
4847 4846 3
4848 4847 3
4881 9781 3
4882 4881 3
4883 4882 3
4884 4883 3
4885 4884 3
4886 4885 3
4887 4886 3
4888 4887 3
4889 4888 3
4890 4889 3
4891 4890 3
4891 4892 3
4892 4893 3
4893 4894 3
4894 4824 3
9748 4848 3
9749 9748 3
9750 9749 3
9751 9750 3
9752 9751 3
9753 9752 3
9754 9753 3
9755 9754 3
9756 9755 3
9757 9756 3
9758 9757 3
9759 9758 3
9760 9759 3
9761 9760 3
9762 9761 3
9763 9762 3
9764 9763 3
9765 9764 3
9766 9765 3
9767 9766 3
9768 9767 3
9769 9768 3
9770 9769 3
9771 9770 3
9772 9771 3
9773 9772 3
9774 9773 3
9775 9774 3
9776 9775 3
9777 9776 3
9778 9777 3
9779 9778 3
9780 9779 3
9781 9780 3
103  33 4
173 103 4
5073 173 4
5143 5073 4
5213 5143 4
5283 5213 4
5353 5283 4
5423 5353 4
5493 5423 4
5563 5493 4
5633 5563 4
5703 5633 4
5773 5703 4
5843 5773 4
5913 5843 4
5983 5913 4
6053 5983 4
6123 6053 4
6193 6123 4
6263 6193 4
6333 6263 4
6403 6333 4
6473 6403 4
6543 6473 4
6613 6543 4
6683 6613 4
6753 6683 4
6823 6753 4
6893 6823 4
6894 6893 4
6964 6894 4
7034 6964 4
7104 7034 4
7174 7104 4
7244 7174 4
7314 7244 4
2521 2451 4
7384 7314 4
2591 2521 4
7454 7384 4
2661 2591 4
7524 7454 4
2731 2661 4
7594 7524 4
2801 2731 4
7664 7594 4
2871 2801 4
7734 7664 4
7771 2871 4
7804 7734 4
7841 7771 4
7874 7804 4
7911 7841 4
7944 7874 4
7981 7911 4
8014 7944 4
8051 7981 4
8084 8014 4
8121 8051 4
8154 8084 4
8191 8121 4
8224 8154 4
8261 8191 4
8294 8224 4
8331 8261 4
8364 8294 4
8401 8331 4
8434 8364 4
8471 8401 4
8504 8434 4
8541 8471 4
8574 8504 4
8611 8541 4
8644 8574 4
8681 8611 4
8714 8644 4
8751 8681 4
8784 8714 4
8821 8751 4
8854 8784 4
8891 8821 4
8924 8854 4
8961 8891 4
8994 8924 4
9031 8961 4
9064 8994 4
9101 9031 4
9134 9064 4
9171 9101 4
9204 9134 4
9241 9171 4
9274 9204 4
9311 9241 4
9344 9274 4
9381 9311 4
9414 9344 4
9451 9381 4
9484 9414 4
9518 9519 4
9519 9520 4
9520 4620 4
4691 4692 4
4691 9591 4
9521 9451 4
4692 4693 4
4693 4694 4
4694 4695 4
4695 4696 4
4696 4697 4
4697 4698 4
4698 4699 4
4699 4700 4
4700 4701 4
4701 4702 4
4702 4703 4
4703 4704 4
4704 4705 4
4705 4706 4
4706 4707 4
4707 4708 4
4708 4709 4
4709 4710 4
4710 4711 4
4711 4712 4
4712 4713 4
4713 4714 4
4714 4715 4
4715 4716 4
4716 4717 4
4717 4718 4
4718 4719 4
4719 4720 4
4720 4721 4
4721 4722 4
4722 4723 4
4723 4724 4
4724 4725 4
4724 9624 4
9554 9484 4
4725 4726 4
4726 4727 4
4727 4728 4
4728 4729 4
4729 4730 4
4730 4731 4
4731 4732 4
4732 9632 4
9562 9563 4
9563 9564 4
9564 9565 4
9565 9566 4
9566 9567 4
9567 9568 4
9568 9569 4
9569 9570 4
9570 9571 4
9570 9640 4
9571 9572 4
9572 9573 4
9573 9574 4
9574 9575 4
9575 9576 4
9576 9577 4
9577 9578 4
9578 9579 4
9579 9580 4
9580 9581 4
9581 9511 4
9591 9521 4
9624 9554 4
9632 9562 4
4810 4880 4
9640 9710 4
9710 4810 4
9511 9512 4
9512 9513 4
9513 9514 4
9514 9515 4
9515 9516 4
9516 9517 4
9517 9518 4
 73   3 5
142 143 5
143  73 5
212 142 5
282 212 5
283 282 5
284 283 5
285 284 5
286 285 5
5186 286 5
5187 5186 5
5188 5187 5
5189 5188 5
5259 5189 5
5260 5259 5
5261 5260 5
5262 5261 5
5332 5262 5
5402 5332 5
5472 5402 5
5473 5472 5
5474 5473 5
5544 5474 5
5614 5544 5
5684 5614 5
5685 5684 5
5755 5685 5
5825 5755 5
5895 5825 5
5896 5895 5
5897 5896 5
5898 5897 5
5899 5898 5
5900 5899 5
5901 5900 5
5971 5901 5
6041 5971 5
6111 6041 5
6181 6111 5
6251 6181 5
6321 6251 5
6322 6321 5
1538 1539 5
1539 1540 5
6392 6322 5
1608 1538 5
1632 6532 5
6462 6392 5
1678 1608 5
1681 1751 5
1683 6583 5
1684 1683 5
1685 1684 5
1686 1685 5
1687 1686 5
1688 1687 5
1689 1688 5
1690 1689 5
1691 1690 5
1692 1691 5
1693 1692 5
1694 1693 5
1695 1694 5
1696 1695 5
1697 1696 5
1698 1697 5
1699 1698 5
1700 1699 5
1701 1700 5
1702 1632 5
1702 1701 5
6532 6462 5
1703 1702 5
1704 1703 5
1705 1704 5
1706 1705 5
1707 1706 5
1708 1707 5
1709 1708 5
1710 1709 5
1711 1710 5
1712 1711 5
1713 1712 5
1714 1713 5
1715 1714 5
1716 1715 5
1717 1716 5
1718 1717 5
1719 1718 5
1720 1719 5
1721 1720 5
1722 1721 5
1723 1722 5
1724 1723 5
1725 1724 5
1726 1725 5
1727 1726 5
1728 1727 5
1729 1728 5
1730 1729 5
1731 1730 5
1732 1731 5
1733 1732 5
1734 1733 5
1735 1734 5
1736 1735 5
1737 1736 5
1738 1737 5
1739 1738 5
1740 1739 5
1741 1740 5
1742 1741 5
1743 1742 5
1744 1743 5
1745 1744 5
1746 1745 5
1747 1746 5
1748 1678 5
1748 1747 5
1751 1821 5
6581 1681 5
6582 6581 5
6583 6582 5
1818 1748 5
1821 1891 5
1888 1818 5
1891 1961 5
1958 1888 5
1961 2031 5
2028 1958 5
2098 2028 5
2168 2098 5
2238 2168 5
2308 2238 5
2378 2308 5
2448 2378 5
2518 2448 5
2588 2518 5
2658 2588 5
2728 2658 5
2798 2728 5
2868 2798 5
2938 2868 5
3008 2938 5
3078 3008 5
3148 3078 5
3218 3148 5
3288 3218 5
3358 3288 5
3428 3358 5
3498 3428 5
8398 3498 5
3638 8538 5
8468 8398 5
3708 3638 5
8538 8468 5
3778 3708 5
8678 3778 5
8748 8678 5
8807 8877 5
8808 8807 5
8809 8808 5
8810 8809 5
8811 8810 5
8812 8811 5
8813 8812 5
8814 8813 5
8815 8814 5
8816 8815 5
8817 8816 5
8818 8748 5
8818 8817 5
8877 8947 5
8888 8818 5
8945 9015 5
8946 8945 5
8947 8946 5
8958 8888 5
9015 9085 5
4198 9098 5
9028 8958 5
4199 4198 5
4200 4199 5
9085 9155 5
9098 9028 5
4270 4200 5
9155 9225 5
9225 9295 5
9295 9365 5
9365 9435 5
4605 4675 5
9435 9505 5
4675 4745 5
9505 4605 5
4745 4815 5
4815 9715 5
9648 9649 5
9649 9650 5
9650 9651 5
9651 9652 5
9652 9653 5
9653 9654 5
9654 9655 5
9655 9656 5
9656 9657 5
9657 9658 5
9658 9659 5
9659 9660 5
9660 4760 5
9715 9716 5
9716 9717 5
9717 9718 5
9718 9648 5
108  38 6
5008 108 6
5078 5008 6
5148 5078 6
5218 5148 6
5288 5218 6
491 492 6
492 493 6
493 494 6
494 495 6
495 496 6
495 5395 6
496 497 6
497 498 6
498 499 6
499 500 6
500 501 6
501 502 6
502 503 6
503 504 6
504 505 6
505 506 6
506 507 6
507 508 6
508 509 6
509 579 6
5358 5288 6
5395 5465 6
579 580 6
580 581 6
581 582 6
582 583 6
583 584 6
584 585 6
585 586 6
586 587 6
587 588 6
588 589 6
589 590 6
590 591 6
591 592 6
592 593 6
593 663 6
5428 5358 6
5465 5535 6
663 664 6
664 5564 6
5498 5428 6
5535 5605 6
5564 5565 6
5565 5566 6
5566 5567 6
5567 5568 6
5568 5498 6
5568 5569 6
5569 5570 6
5570 5571 6
5571 5572 6
5572 5573 6
5573 5574 6
5574 5575 6
5575 5645 6
5605 5675 6
5645 5646 6
5646 5716 6
820 821 6
821 822 6
822 823 6
823 824 6
824 825 6
825 826 6
826 827 6
827 828 6
828 898 6
5675 5745 6
5716 5717 6
5717 5718 6
5718 5719 6
5719 5720 6
5720 820 6
898 899 6
899 900 6
900 901 6
901 902 6
902 903 6
903 904 6
904 905 6
905 906 6
906 907 6
907 908 6
908 909 6
909 910 6
5745 5815 6
5815 5885 6
5885 5955 6
5955 6025 6
6025 6095 6
6095 6165 6
6165 6235 6
6231 1331 6
6235 6305 6
6301 6231 6
6305 6375 6
6371 6301 6
6372 6371 6
1543 6443 6
1544 1543 6
1545 1544 6
6375 6445 6
6442 6372 6
6443 6442 6
6445 1545 6
6445 6515 6
6515 6585 6
1755 1825 6
6585 6655 6
1825 1895 6
6655 1755 6
1894 1964 6
1895 1894 6
1964 2034 6
2034 2104 6
2104 2174 6
2174 2244 6
2244 2314 6
2314 2384 6
2384 2454 6
2454 2524 6
2524 2594 6
2594 2664 6
2664 2734 6
2734 2804 6
2804 2874 6
2874 2944 6
2944 3014 6
3014 3084 6
3084 3154 6
3154 3224 6
3224 3294 6
3294 3364 6
3364 3434 6
3434 3504 6
3504 3574 6
3574 3644 6
3644 3714 6
3714 3784 6
3783 3853 6
3784 3783 6
3853 3923 6
3923 3993 6
3993 4063 6
4062 4132 6
4063 4062 6
4132 4202 6
4201 4271 6
4202 4201 6
  8  78 7
 78 148 7
148 218 7
218 288 7
288 358 7
358 5258 7
5258 5328 7
5328 5398 7
5398 5468 7
5468 5538 7
5538 5608 7
5608 5678 7
5678 5748 7
5748 5818 7
5818 5888 7
5888 5958 7
5958 6028 7
6028 6098 7
6098 6168 7
6168 6238 7
6238 6308 7
6308 6378 7
6378 6448 7
6441 1541 7
1613 6513 7
1614 1613 7
1615 1614 7
1616 1615 7
6448 6518 7
6511 6441 7
6512 6511 7
6513 6512 7
6516 1616 7
6517 6516 7
6518 6517 7
6518 6588 7
1758 1828 7
6588 6658 7
1828 1898 7
6658 1758 7
1898 1968 7
1968 2038 7
2038 2108 7
2108 2178 7
2178 2248 7
2248 2318 7
2318 2388 7
2388 2458 7
2458 2528 7
2528 2598 7
2598 2668 7
2668 2738 7
2738 2739 7
2738 2808 7
2739 2740 7
2740 2741 7
2741 2742 7
2742 2743 7
2743 2813 7
2776 2777 7
2777 2778 7
2778 2779 7
2779 2780 7
2780 7680 7
2808 2878 7
2813 2814 7
2814 2815 7
2815 2816 7
2816 2817 7
2817 2818 7
2818 2819 7
2819 2820 7
2820 2821 7
2821 2822 7
2822 2823 7
2823 2824 7
2824 2825 7
2825 2826 7
2826 2827 7
2827 2828 7
2828 2829 7
2829 2830 7
2830 2831 7
2831 2832 7
2832 2833 7
2833 2834 7
2834 2835 7
2835 2836 7
2836 2837 7
2837 2838 7
2838 2839 7
2839 2840 7
2840 2841 7
2841 2842 7
2842 2843 7
2843 2844 7
2844 2845 7
2845 2846 7
2846 2776 7
7680 7681 7
7681 7682 7
7682 7683 7
7683 7684 7
7684 7685 7
7685 7686 7
7686 7687 7
7687 7688 7
7688 7689 7
7689 7690 7
7690 7691 7
7691 7692 7
7692 7693 7
7693 7694 7
7694 7695 7
7695 7765 7
2869 2870 7
2878 2948 7
7765 7766 7
7766 7767 7
7767 7768 7
7768 7769 7
7769 2869 7
2948 3018 7
3018 3088 7
3088 3158 7
3158 3228 7
3228 3298 7
3298 3368 7
3368 3438 7
3438 3508 7
3508 3578 7
3578 3648 7
3648 3718 7
3718 3788 7
3788 3858 7
3858 3928 7
3928 3998 7
3998 4068 7
4068 4138 7
4134 4204 7
4135 4134 7
4136 4135 7
4137 4136 7
4138 4137 7
4138 4139 7
4139 4140 7
4140 4141 7
4141 4142 7
4142 4212 7
4204 4274 7
4212 4213 7
4213 4283 7
4273 4343 7
4274 4273 7
4283 4353 7
4342 4412 7
4343 4342 7
4353 4354 7
4354 4355 7
4355 4356 7
4356 4426 7
4411 4481 7
4412 4411 7
4426 4427 7
4427 4428 7
4428 4498 7
4481 4551 7
4498 4568 7
4568 9468 7
9468 9538 7
9538 9608 7
9608 9609 7
4779 4780 7
9609 9679 7
4780 4850 7
9679 4779 7
4850 4851 7
4851 4852 7
 69 139 8
139 209 8
209 279 8
211 141 8
279 349 8
281 211 8
349 419 8
351 281 8
352 351 8
419 489 8
422 352 8
423 422 8
424 423 8
425 424 8
426 425 8
427 426 8
428 427 8
429 428 8
430 429 8
431 430 8
432 431 8
433 432 8
434 433 8
435 434 8
436 435 8
437 436 8
438 437 8
439 438 8
440 439 8
441 440 8
442 441 8
443 442 8
444 443 8
445 444 8
446 445 8
447 446 8
448 447 8
449 448 8
450 449 8
451 450 8
452 451 8
453 452 8
454 453 8
455 454 8
456 455 8
457 456 8
458 457 8
459 458 8
460 459 8
461 460 8
462 461 8
463 462 8
464 463 8
472 5372 8
473 472 8
474 473 8
475 474 8
476 475 8
477 476 8
478 477 8
479 478 8
480 479 8
481 480 8
482 481 8
483 482 8
484 483 8
485 484 8
486 485 8
487 486 8
488 487 8
489 488 8
489 490 8
489 5389 8
5364 464 8
5365 5364 8
5366 5365 8
5367 5366 8
5368 5367 8
5369 5368 8
5370 5369 8
5371 5370 8
5372 5371 8
5389 5459 8
5459 5529 8
5529 5599 8
5599 5669 8
5669 5739 8
5739 5809 8
5809 5879 8
5879 5949 8
5949 6019 8
6019 6020 8
6020 6090 8
6090 6160 8
6160 1260 8
6160 6230 8
6230 6300 8
6300 6370 8
6370 6440 8
6440 6510 8
6510 6580 8
6580 6650 8
6650 6720 8
6720 6790 8
6790 6860 8
6860 6930 8
6930 7000 8
7000 7070 8
7070 7140 8
7140 7210 8
2380 2450 8
7210 7280 8
7280 2380 8
 30  31 9
 31 4931 9
4931 4932 9
4932 4933 9
4933 4934 9
4934 4935 9
4935 4936 9
4936 4937 9
4937  37 9
4937 4938 9
4938 4939 9
4939 4940 9
4940 4941 9
4941 4942 9
4942 4943 9
4943 4944 9
4944 4945 9
4945 4946 9
4946 4947 9
4947 4948 9
4948 4949 9
4949 4950 9
4950 4951 9
4951 4952 9
4952 4953 9
4953 4954 9
4953 5023 9
4954 4955 9
4955 4956 9
4956 4957 9
 58  59 9
4957 4958 9
4958  58 9
5023 5093 9
5093 5163 9
5163 5233 9
5233 5303 9
5303 5373 9
5373 5443 9
5443 5513 9
5513 5583 9
5583 5653 9
5653 5654 9
5654 5724 9
5724 5794 9
5794 5864 9
5864 5934 9
5934 6004 9
6004 6074 9
6074 6144 9
6144 6214 9
6214 6284 9
6284 6354 9
6354 6424 9
6424 6494 9
6494 6564 9
6564 6565 9
6565 6566 9
6566 6636 9
6636 6637 9
6637 6638 9
6638 6708 9
6708 6778 9
1948 2018 9
6778 6848 9
2018 2088 9
6848 1948 9
2088 2158 9
2158 2228 9
2228 2298 9
2298 2368 9
2368 2438 9
2438 2508 9
2508 2578 9
2578 2579 9
2579 2649 9
2649 2719 9
2719 2789 9
2789 2859 9
2859 7759 9
7759 7829 9
7829 7899 9
7899 7969 9
7969 8039 9
8039 8109 9
8109 8179 9
8179 8249 9
8249 8319 9
8319 8389 9
8389 8459 9
3629 3699 9
8459 8529 9
3699 3769 9
8529 3629 9
3769 3839 9
3839 3909 9
3909 3979 9
3979 4049 9
4049 4119 9
4119 4189 9
4189 4259 9
4259 4329 9
4329 4399 9
4399 4469 9
4469 4539 9
4539 4609 9
4609 4679 9
4679 4749 9
4749 4750 9
4750 4751 9
4751 4752 9
4752 4753 9
4753 4823 9
4823 9723 9
9723 9724 9
9724 9794 9
9794 9795 9
9795 9796 9
9796 9797 9
9797 4897 9
1099 1100 10
1100 1101 10
1101 1102 10
1102 1103 10
1103 1104 10
1104 1105 10
1105 1106 10
1106 1107 10
1107 1108 10
1108 1109 10
1109 1110 10
1110 1111 10
1111 1112 10
1112 1113 10
1113 1114 10
1114 1115 10
1115 1116 10
1116 1117 10
1117 1118 10
1118 1119 10
1119 1120 10
1120 1050 10
1169 1099 10
1238 1239 10
1239 1169 10
1297 1298 10
1298 1299 10
1299 1300 10
1300 1301 10
1301 1302 10
1302 1303 10
1303 1304 10
1304 1305 10
1305 1306 10
1306 1307 10
1307 1308 10
1308 1238 10
1367 1297 10
1437 1367 10
1507 1437 10
1577 1507 10
1647 1577 10
6547 1647 10
6617 6547 10
6687 6617 10
6757 6687 10
6827 6757 10
6897 6827 10
6967 6897 10
7037 6967 10
7107 7037 10
7177 7107 10
7247 7177 10
7317 7247 10
7387 7317 10
7457 7387 10
7527 7457 10
7597 7527 10
7667 7597 10
7737 7667 10
7807 7737 10
7877 7807 10
7947 7877 10
8017 7947 10
8087 8017 10
8157 8087 10
8227 8157 10
8297 8227 10
8367 8297 10
8437 8367 10
8507 8437 10
8577 8507 10
8647 8577 10
8717 8647 10
8787 8717 10
8857 8787 10
8927 8857 10
8997 8927 10
9067 8997 10
9137 9067 10
9207 9137 10
9277 9207 10
9347 9277 10
9417 9347 10
4629 9529 10
4630 4629 10
4631 4630 10
4632 4631 10
4633 4632 10
4634 4633 10
4635 4634 10
4636 4635 10
4637 4636 10
4638 4637 10
4639 4638 10
4640 4639 10
4641 4640 10
4642 4641 10
4643 4642 10
4644 4643 10
4645 4644 10
4646 4645 10
4647 4646 10
4648 4647 10
4649 4648 10
4650 4649 10
4651 4650 10
4652 4651 10
4653 4652 10
4654 4653 10
4655 4654 10
9487 9417 10
9529 9599 10
9555 4655 10
9555 9556 10
9556 9557 10
9557 9487 10
9599 9669 10
4794 9694 10
9625 9555 10
9669 9739 10
4864 4794 10
9694 9695 10
9695 9625 10
9739 4839 10
105  35 11
4994 4995 11
4995 4996 11
4996 4997 11
4997 4998 11
4998 4999 11
4999 5000 11
5000 5001 11
5001 5002 11
5002 5003 11
5003 5004 11
5004 5005 11
5005 105 11
5064 4994 11
5134 5064 11
5204 5134 11
5274 5204 11
5344 5274 11
5414 5344 11
5484 5414 11
5554 5484 11
5624 5554 11
5694 5624 11
5764 5694 11
5834 5764 11
5904 5834 11
5974 5904 11
6044 5974 11
6114 6044 11
6184 6114 11
6254 6184 11
6324 6254 11
6394 6324 11
6464 6394 11
6534 6464 11
6604 6534 11
6674 6604 11
6744 6674 11
6814 6744 11
6884 6814 11
6954 6884 11
7024 6954 11
7094 7024 11
7164 7094 11
7234 7164 11
7304 7234 11
7374 7304 11
7444 7374 11
7514 7444 11
7584 7514 11
7654 7584 11
7724 7654 11
7794 7724 11
7864 7794 11
7934 7864 11
8004 7934 11
8074 8004 11
8144 8074 11
8214 8144 11
8284 8214 11
8354 8284 11
8424 8354 11
8494 8424 11
8564 8494 11
8634 8564 11
8704 8634 11
8774 8704 11
8844 8774 11
8914 8844 11
8984 8914 11
9054 8984 11
9124 9054 11
9194 9124 11
9264 9194 11
9334 9264 11
9393 9394 11
9394 9395 11
9395 9396 11
9396 9397 11
9397 9398 11
9398 9399 11
9399 9400 11
9400 9401 11
9401 9402 11
9402 9403 11
9403 9404 11
9404 9334 11
9404 9474 11
9463 9393 11
9474 9544 11
9533 9463 11
9544 9614 11
4772 4773 11
4773 9673 11
9603 9533 11
4784 4854 11
9614 9684 11
4842 4772 11
9673 9603 11
9684 4784 11
 39 109 12
109 5009 12
120  50 12
120 121 12
121 122 12
122 123 12
123 193 12
5009 5010 12
5010 5011 12
5011 5012 12
5012 5013 12
5013 5014 12
5014 5015 12
5015 5016 12
5016 5017 12
5017 5018 12
5018 5019 12
5019 5020 12
5020 120 12
193 263 12
263 333 12
333 403 12
403 404 12
404 405 12
405 406 12
406 407 12
407 408 12
408 409 12
409 410 12
410 411 12
411 412 12
412 413 12
413 414 12
414 415 12
415 416 12
416 417 12
417 418 12
418 5318 12
5318 5388 12
5388 5458 12
5458 5528 12
5528 5598 12
5598 5668 12
5668 5738 12
5738 5808 12
5808 5878 12
5878 5948 12
5948 6018 12
6018 6088 12
6088 6158 12
6158 6159 12
6159 6229 12
6229 6299 12
6299 6369 12
6369 6439 12
1609 1610 12
6439 6509 12
6509 1609 12
