# Cost: 1378

# Tail Head Net
 34  33 1
 34  35 1
 34  94 1
 35  36 1
 94 154 1
 36  37 1
 37  38 1
 38  39 1
 39  40 1
 40  41 1
 41  42 1
 42  43 1
154 214 1
214 274 1
274 334 1
334 394 1
394 454 1
454 514 1
514 574 1
574 634 1
634 694 1
694 754 1
754 814 1
814 874 1
874 934 1
934 994 1
994 1054 1
1054 1114 1
1114 1174 1
1174 1234 1
1234 1294 1
1294 1354 1
1354 1414 1
1414 1474 1
1474 1534 1
1534 1594 1
1594 1654 1
1654 1714 1
1714 1774 1
1774 1834 1
1834 1894 1
1894 1954 1
1954 2014 1
2014 2074 1
2074 2134 1
2134 2194 1
2194 2254 1
2254 2314 1
2313 2373 1
2314 2313 1
2373 2433 1
2432 2492 1
2433 2432 1
2492 2552 1
2552 2612 1
2612 2672 1
2672 2732 1
2672 6272 1
6214 6215 1
6215 6216 1
6216 6217 1
6217 6218 1
6218 6219 1
6219 6220 1
6220 6221 1
6221 6222 1
6222 6223 1
6223 6224 1
6224 6225 1
6225 6226 1
6226 6227 1
6227 6228 1
6228 6229 1
6229 6230 1
6230 6231 1
6231 6232 1
6232 6233 1
6233 6234 1
6234 6235 1
6235 6236 1
6236 6237 1
6237 6238 1
6238 6239 1
6239 6240 1
6240 2640 1
2732 2792 1
6272 6273 1
6273 6274 1
6274 6214 1
2792 2852 1
2852 2912 1
2912 2972 1
2972 3032 1
3032 3092 1
3092 3152 1
3152 3212 1
3212 3272 1
3272 3332 1
3332 3392 1
3392 3452 1
3450 3510 1
3451 3450 1
3452 3451 1
3510 3570 1
3560 3559 1
3561 3560 1
3562 3561 1
3563 3562 1
3564 3563 1
3565 3564 1
3566 3565 1
3567 3566 1
3568 3567 1
3569 3568 1
3570 3569 1
 23  83 2
 82 142 2
 83  82 2
142 202 2
202 262 2
262 322 2
321 381 2
322 321 2
322 323 2
323 3923 2
381 441 2
3923 3924 2
3924 3925 2
3925 3926 2
3926 3986 2
440 500 2
441 440 2
3986 3987 2
3987 4047 2
500 560 2
4047 4107 2
560 620 2
4107 4108 2
4108 4109 2
4109 4169 2
620 680 2
4169 4170 2
4170 4171 2
4171 4231 2
679 739 2
680 679 2
4231 4232 2
4232 4233 2
4233 4234 2
4234 4235 2
4235 4295 2
739 799 2
4295 4355 2
797 857 2
798 797 2
799 798 2
4355 4356 2
4356 4416 2
856 916 2
857 856 2
4416 4417 2
4417 4477 2
891 892 2
892 893 2
893 894 2
894 895 2
895 896 2
896 897 2
897 898 2
898 899 2
899 900 2
915 975 2
916 915 2
4477 4478 2
4478 4479 2
4479 4480 2
4480 4481 2
4481 4482 2
4482 4483 2
4483 4484 2
4484 4485 2
4485 4486 2
4485 4545 2
4486 4487 2
4487 4488 2
4488 4489 2
4489 4490 2
4490 4491 2
4491 891 2
970 1030 2
971 970 2
972 971 2
973 972 2
974 973 2
975 974 2
4545 4546 2
4546 4606 2
1022 1082 2
1023 1022 2
1024 1023 2
1025 1024 2
1026 1025 2
1027 1026 2
1027 1087 2
1028 1027 2
1029 1028 2
1030 1029 2
4606 4666 2
1082 1142 2
1087 1147 2
4666 4726 2
1142 1202 2
1147 1207 2
4726 4786 2
1202 1262 2
1207 1267 2
4786 4846 2
1262 1261 2
1266 1326 2
1267 1266 2
4846 4906 2
1326 1386 2
4906 4966 2
1386 1446 2
4966 5026 2
1446 1506 2
5026 5086 2
1505 1565 2
1506 1505 2
5086 5087 2
5087 5088 2
5088 5089 2
5089 5149 2
1562 1622 2
1563 1562 2
1564 1563 2
1565 1564 2
5149 5150 2
5150 5151 2
5151 5152 2
5152 5212 2
1613 1673 2
1622 1682 2
5212 5213 2
1673 1674 2
5213 1613 2
1674 1734 2
1682 1742 2
1734 1794 2
1742 1802 2
1794 1854 2
1802 1862 2
1854 1914 2
1861 1921 2
1862 1861 2
1914 1974 2
1921 1981 2
1974 2034 2
1981 2041 2
2034 2094 2
2041 2101 2
2094 2154 2
2101 2161 2
2154 2214 2
2161 2221 2
2214 2215 2
2215 2275 2
2221 2281 2
2275 2335 2
2335 2336 2
2336 2337 2
2337 2397 2
2397 2398 2
2398 2458 2
2458 2459 2
2459 2519 2
2519 2579 2
2579 2639 2
2639 2699 2
2699 2759 2
2759 2819 2
2819 2879 2
2879 2880 2
2880 2940 2
2940 3000 2
3000 3060 2
3060 3120 2
3120 3180 2
3180 3240 2
3240 3300 2
106  46 3
107 106 3
 58  59 3
117 118 3
118  58 3
167 107 3
177 117 3
227 167 3
236 237 3
237 177 3
287 227 3
287 288 3
288 289 3
289 290 3
290 291 3
291 292 3
292 293 3
293 294 3
294 295 3
295 296 3
296 236 3
347 287 3
407 347 3
408 407 3
468 408 3
528 468 3
588 528 3
648 588 3
708 648 3
768 708 3
828 768 3
888 828 3
948 888 3
1008 948 3
1068 1008 3
1128 1068 3
1188 1128 3
1248 1188 3
1307 1308 3
1308 1248 3
1308 1309 3
1309 1310 3
1310 1311 3
1311 1312 3
1312 1313 3
1313 1314 3
1314 1315 3
1315 1316 3
1316 1317 3
1317 1318 3
1318 1319 3
1319 1379 3
1363 1364 3
1364 1365 3
1365 1366 3
1366 1367 3
1367 1307 3
1379 1380 3
1422 1423 3
1423 1363 3
1482 1422 3
1542 1482 3
1600 1601 3
1601 1602 3
1602 1542 3
1660 1600 3
1720 1660 3
1780 1720 3
1840 1780 3
1900 1840 3
1960 1900 3
2020 1960 3
2080 2020 3
2140 2080 3
2200 2140 3
2260 2200 3
2320 2260 3
2380 2320 3
2440 2380 3
2500 2440 3
2560 2500 3
2620 2560 3
2680 2620 3
2740 2680 3
2800 2740 3
2860 2800 3
2920 2860 3
2980 2920 3
3040 2980 3
3100 3040 3
3122 3121 3
3123 3122 3
3160 3100 3
3183 3123 3
3184 3183 3
3185 3184 3
3186 3185 3
3187 3186 3
3188 3187 3
3189 3188 3
3190 3189 3
3191 3190 3
3192 3191 3
3193 3192 3
3194 3193 3
3195 3194 3
3196 3195 3
3197 3196 3
3198 3197 3
3199 3198 3
3200 3199 3
3201 3200 3
3202 3201 3
3203 3202 3
3204 3203 3
3205 3204 3
3206 3205 3
3207 3206 3
3208 3207 3
3209 3208 3
3210 3209 3
3158 3159 3
3159 3160 3
3218 3158 3
6810 3210 3
6811 6810 3
6812 6811 3
6813 6812 3
6814 6813 3
3278 3218 3
6874 6814 3
6875 6874 3
6876 6875 3
6877 6876 3
3338 3278 3
6937 6877 3
3398 3338 3
6997 6937 3
3458 3398 3
7057 6997 3
3518 3458 3
3518 7118 3
7058 7057 3
3578 3518 3
7118 7058 3
111  51 4
171 111 4
231 171 4
3831 231 4
3890 3891 4
3891 3831 4
3950 3890 4
4007 4008 4
4008 4009 4
4009 4010 4
4010 3950 4
4066 4067 4
4067 4007 4
3001 3061 4
3061 6661 4
6661 6721 4
6721 6781 4
6781 6841 4
6781 10381 4
6841 3241 4
6879 6939 4
6939 6999 4
3400 3460 4
6999 7000 4
3460 3520 4
7000 3400 4
3520 3580 4
3580 3581 4
7666 4066 4
7726 7666 4
7786 7726 4
7846 7786 4
7906 7846 4
7966 7906 4
8026 7966 4
8086 8026 4
8145 8146 4
8146 8086 4
8205 8145 4
8263 8264 4
8264 8265 4
8265 8205 4
8321 8322 4
8322 8323 4
8323 8263 4
8381 8321 4
8441 8381 4
8501 8441 4
8561 8501 4
8621 8561 4
8681 8621 4
8741 8681 4
8801 8741 4
8861 8801 4
8921 8861 4
8981 8921 4
9041 8981 4
9101 9041 4
9161 9101 4
9221 9161 4
9281 9221 4
9341 9281 4
9401 9341 4
9461 9401 4
9521 9461 4
9581 9521 4
9641 9581 4
9701 9641 4
9760 9761 4
9761 9701 4
9820 9760 4
9880 9820 4
9940 9880 4
10000 9940 4
10060 10000 4
10120 10060 4
10180 10120 4
10240 10180 4
10300 10240 4
10360 10300 4
10381 10382 4
10382 10383 4
10383 10384 4
10384 10385 4
10385 10386 4
10386 10387 4
10387 10388 4
10388 10389 4
10389 10390 4
10390 10391 4
10391 10392 4
10392 10393 4
10393 10394 4
10394 10395 4
10395 10396 4
10396 10397 4
10397 10398 4
10398 10399 4
10399 10400 4
10400 10401 4
10401 10402 4
10402 10403 4
10403 10404 4
10404 10405 4
10405 10406 4
10406 10407 4
10407 10408 4
10408 10409 4
10409 10410 4
10410 10411 4
10411 10412 4
10412 10413 4
10413 10414 4
10414 10415 4
10415 10416 4
10416 10417 4
10417 10418 4
10418 10419 4
10419 10420 4
10419 10479 4
10420 10360 4
10479 6879 4
116  56 5
3716 116 5
3776 3716 5
3836 3776 5
3896 3836 5
3956 3896 5
3957 3956 5
3958 3957 5
4018 3958 5
4078 4018 5
4138 4078 5
4198 4138 5
4258 4198 5
4318 4258 5
4378 4318 5
4438 4378 5
4440 840 5
4498 4438 5
4500 4440 5
4558 4498 5
4558 4559 5
4559 4560 5
4560 4500 5
4618 4558 5
4678 4618 5
4738 4678 5
4798 4738 5
4858 4798 5
4918 4858 5
1381 1321 5
4978 4918 5
1441 1381 5
5038 4978 5
1501 1441 5
5098 5038 5
1561 1501 5
5157 5158 5
5158 5098 5
1621 1561 5
5217 5157 5
1681 1621 5
1729 1789 5
5277 5217 5
1741 1681 5
5307 5308 5
5308 5309 5
5309 5310 5
5310 5311 5
5311 5312 5
5312 5313 5
5313 5314 5
5314 5315 5
5315 5316 5
5316 5317 5
5317 5318 5
5318 5319 5
5319 5320 5
5320 5321 5
5321 5322 5
5322 5323 5
5323 5324 5
5324 5325 5
5325 5326 5
5326 5327 5
5327 5328 5
5328 5329 5
1789 1849 5
5329 1729 5
5329 5330 5
5330 5331 5
5331 5332 5
5332 5333 5
5333 5334 5
5334 5335 5
5335 5336 5
5336 5337 5
5337 5277 5
5341 1741 5
5341 5342 5
5342 5343 5
5343 5344 5
5344 5345 5
5345 5346 5
5346 5347 5
5347 5348 5
5348 5349 5
5349 5350 5
5350 5351 5
5351 5352 5
5352 5353 5
5353 5354 5
5354 5355 5
5355 5356 5
5356 5357 5
5357 5358 5
5358 5359 5
5359 5360 5
5360 5361 5
5361 5362 5
5362 5363 5
5363 5364 5
5364 5365 5
5365 5366 5
5366 5367 5
5367 5307 5
1849 1909 5
5401 5341 5
1909 1969 5
5461 5401 5
1969 2029 5
5521 5461 5
2029 2089 5
5581 5521 5
2089 2149 5
5641 5581 5
2149 2209 5
5701 5641 5
2209 2269 5
5761 5701 5
2269 2329 5
5821 5761 5
2329 2389 5
5881 5821 5
2389 2449 5
5941 5881 5
2449 2509 5
6001 5941 5
2509 2569 5
6061 6001 5
2568 2628 5
2569 2568 5
2581 6181 5
6121 6061 5
2628 2688 5
2641 2581 5
6181 6121 5
2688 2748 5
2701 2641 5
2748 2808 5
2808 2868 5
2868 2928 5
2928 2988 5
2988 3048 5
3048 3108 5
3108 3168 5
3168 3228 5
3228 3229 5
3229 3289 5
3289 3349 5
3349 3409 5
3409 3469 5
3469 3529 5
3529 3589 5
  8   7 6
  9   8 6
 10   9 6
 70  10 6
 71  70 6
 72  71 6
 73  72 6
 15  14 6
 74  73 6
 16  15 6
 75  74 6
 76  16 6
 76  75 6
136  76 6
196 136 6
197 196 6
257 197 6
258 257 6
3858 258 6
3918 3858 6
3919 3918 6
3920 3919 6
3921 3920 6
3922 3921 6
3982 3922 6
3983 3982 6
3984 3983 6
4044 3984 6
4104 4044 6
4164 4104 6
4224 4164 6
4284 4224 6
4344 4284 6
4404 4344 6
920 980 6
4464 4404 6
976 1036 6
977 976 6
978 977 6
979 978 6
980 979 6
4520 920 6
4521 4520 6
4522 4521 6
4523 4522 6
4524 4464 6
4524 4523 6
4525 4524 6
4526 4525 6
4527 4526 6
4528 4527 6
4529 4528 6
1033 1093 6
1034 1033 6
1035 1034 6
1036 1035 6
4589 4529 6
1093 1153 6
4649 4589 6
4650 4649 6
4651 4650 6
4652 4651 6
4653 4652 6
4654 4653 6
4655 4654 6
4656 4655 6
4657 4656 6
1152 1212 6
1153 1152 6
4717 4657 6
4718 4717 6
1212 1272 6
4778 4718 6
4779 4778 6
4780 4779 6
4781 4780 6
4782 4781 6
1272 1332 6
4842 4782 6
1332 1392 6
4902 4842 6
4903 4902 6
1392 1452 6
4963 4903 6
1452 1512 6
5023 4963 6
5024 5023 6
1485 5085 6
1486 1485 6
1511 1571 6
1512 1511 6
5084 5024 6
5085 5084 6
1546 1486 6
1547 1546 6
1548 1547 6
1549 1548 6
1550 1549 6
1551 1550 6
1552 1551 6
1553 1552 6
1554 1553 6
1571 1631 6
1614 1554 6
1615 1614 6
1629 1689 6
1630 1629 6
1631 1630 6
1675 1615 6
1689 1749 6
1735 1675 6
1749 1809 6
1795 1735 6
1809 1869 6
5395 1795 6
5396 5395 6
1869 1929 6
5456 5396 6
1929 1989 6
5516 5456 6
1989 2049 6
5576 5516 6
2047 2107 6
2048 2047 6
2049 2048 6
5636 5576 6
2106 2166 6
2107 2106 6
5696 5636 6
5697 5696 6
2163 2223 6
2164 2163 6
2165 2164 6
2166 2165 6
5757 5697 6
2223 2283 6
5817 5757 6
2280 5880 6
2283 2343 6
5877 5817 6
5877 5937 6
5878 5877 6
5879 5878 6
5880 5879 6
2343 2403 6
5937 5997 6
2403 2463 6
5995 9595 6
5996 5995 6
5997 5996 6
2463 2523 6
2523 2583 6
2583 2643 6
2643 2703 6
2703 2763 6
6288 6348 6
2762 2761 6
2763 2762 6
6347 6407 6
6348 6347 6
6407 6467 6
6467 6527 6
6527 6587 6
6587 6647 6
6647 6707 6
6707 6767 6
6767 6827 6
6827 6887 6
6887 6947 6
3407 3467 6
6947 7007 6
3467 3527 6
7007 3407 6
3527 3587 6
9595 9655 6
9650 9710 6
9651 9650 6
9652 9651 6
9653 9652 6
9654 9653 6
9655 9654 6
9710 9770 6
9770 9830 6
9830 9890 6
9888 6288 6
9889 9888 6
9890 9889 6
 97  98 7
 98  99 7
 99 100 7
100 101 7
101 102 7
102 103 7
103 104 7
104  44 7
104 105 7
105 3705 7
3645 3646 7
3646 3647 7
3647 3648 7
3648 3649 7
3649 3650 7
3650 3651 7
 52  53 7
3651 3652 7
 53  54 7
3652  52 7
3693 3694 7
3694 3695 7
3695 3696 7
3696 3697 7
3697  97 7
3705 3645 7
3736 3737 7
3737 3738 7
3738 3739 7
3739 3740 7
3740 3741 7
3741 3742 7
3742 3743 7
3743 3744 7
3744 3745 7
3745 3746 7
3746 3747 7
3747 3748 7
3748 3749 7
3749 3750 7
3750 3751 7
3751 3752 7
3752 3753 7
3753 3693 7
3796 3736 7
3856 3796 7
3916 3856 7
3975 3976 7
3976 3916 7
495 4095 7
4035 3975 7
546 547 7
547 548 7
548 549 7
549 550 7
550 551 7
551 552 7
552 553 7
553 554 7
554 555 7
555 495 7
4095 4035 7
606 546 7
665 666 7
666 606 7
725 665 7
785 725 7
843 844 7
844 845 7
845 785 7
902 903 7
903 843 7
961 962 7
962 902 7
1021 961 7
1081 1021 7
1141 1081 7
1141 4741 7
4741 4742 7
4742 4743 7
4743 4744 7
4744 4745 7
4745 4746 7
4746 4747 7
4747 4807 7
4807 8407 7
6609 6669 7
6669 6729 7
6729 6789 7
6766 6826 7
6789 6790 7
6790 6850 7
6826 6886 7
6850 6910 7
6886 6946 7
6910 6970 7
6946 7006 7
6970 7030 7
7006 7066 7
7030 7090 7
7066 7126 7
7090 7150 7
7126 7127 7
7127 7128 7
7128 7188 7
3590 3591 7
7150 3550 7
7188 7189 7
7189 7190 7
7190 3590 7
8407 8408 7
8408 8468 7
8468 8528 7
8528 8588 7
8588 8648 7
8648 8708 7
8708 8768 7
8768 8828 7
8828 8829 7
8829 8889 7
8889 8949 7
8949 9009 7
9009 9069 7
9069 9129 7
9129 9189 7
9189 9249 7
9249 9309 7
9309 9369 7
9369 9429 7
9429 9489 7
9489 9549 7
9549 9609 7
9609 9669 7
9669 9729 7
9729 9789 7
9789 9849 7
9849 9909 7
9909 9969 7
9969 9970 7
9969 10029 7
9970 9971 7
9971 9972 7
9972 9973 7
9973 9974 7
9974 9975 7
9975 9976 7
9976 9977 7
9977 9978 7
9978 9979 7
9979 9980 7
9980 9981 7
9981 9982 7
9982 9983 7
9983 9984 7
9984 9985 7
9985 10045 7
10029 10089 7
10045 10046 7
10046 10047 7
10047 10048 7
10048 10049 7
10049 10050 7
10050 10051 7
10051 10111 7
10089 10149 7
10111 10171 7
10149 10209 7
10171 10231 7
10209 6609 7
10231 13831 7
10241 10301 7
10301 10302 7
10302 10303 7
10303 10363 7
10363 10364 7
10364 10365 7
10365 10366 7
10366 6766 7
13831 13832 7
13832 13833 7
13833 13834 7
13834 13835 7
13835 13836 7
13836 13837 7
13837 13838 7
13838 13839 7
13839 13840 7
13840 13841 7
13841 10241 7
4261 661 8
4321 4261 8
4381 4321 8
4441 4381 8
4501 4441 8
4561 4501 8
4621 4561 8
4681 4621 8
4682 4681 8
4683 4682 8
4684 4683 8
4685 4684 8
4686 4685 8
4687 4686 8
4688 4687 8
4748 4688 8
4808 4748 8
4868 4808 8
4928 4868 8
4988 4928 8
5048 4988 8
5108 5048 8
5109 5108 8
5110 5109 8
5111 5110 8
5112 5111 8
5113 5112 8
5114 5113 8
5115 5114 8
5116 5115 8
5117 5116 8
5118 5117 8
5119 5118 8
5120 5119 8
5121 5120 8
5122 5121 8
5123 5122 8
5124 5123 8
5125 5124 8
5126 5125 8
5127 5126 8
5128 5127 8
5129 5128 8
5130 5129 8
5131 5130 8
5132 5131 8
5192 5132 8
5193 5192 8
5194 5193 8
5195 5194 8
5196 5195 8
5197 5196 8
5198 5197 8
5199 5198 8
5200 5199 8
5201 5200 8
5202 5201 8
5203 5202 8
5204 5203 8
5205 5204 8
5206 5205 8
5207 5206 8
5208 5207 8
5209 5208 8
5210 5209 8
5211 5210 8
1676 5276 8
1677 1676 8
1678 1677 8
1679 1678 8
1680 1679 8
5271 5211 8
5272 5271 8
5273 5272 8
5274 5273 8
5275 5274 8
5276 5275 8
1740 1680 8
1800 1740 8
1800 1860 8
1860 1920 8
1920 1980 8
1979 2039 8
1980 1979 8
2039 2099 8
2099 2159 8
2159 2219 8
2219 2279 8
2279 2339 8
2339 5939 8
5939 5999 8
5998 6058 8
5999 5998 8
2518 2578 8
6058 6118 8
2578 2638 8
6118 2518 8
2638 2698 8
2698 2758 8
2758 2818 8
2818 2878 8
2878 2938 8
2938 2998 8
2998 3058 8
3058 3118 8
3118 3178 8
3178 3238 8
3238 3298 8
3298 3358 8
3358 3418 8
3418 3478 8
3478 3538 8
3538 3598 8
3598 3597 8
485 486 9
486 487 9
487 488 9
488 489 9
489 490 9
490 491 9
491 492 9
492 493 9
493 494 9
494 4094 9
529 530 9
530 531 9
531 532 9
532 533 9
533 534 9
534 535 9
535 536 9
536 537 9
537 538 9
538 539 9
539 540 9
545 485 9
4094 7694 9
4125 4126 9
4126 4127 9
4127 4128 9
4128 4129 9
4129 529 9
601 602 9
602 603 9
603 604 9
604 605 9
605 545 9
7694 7695 9
7695 7696 9
7696 7697 9
7697 7698 9
7698 7699 9
7699 7700 9
7700 7701 9
7701 7702 9
7702 7703 9
7703 7704 9
7704 7705 9
7705 7706 9
7706 7707 9
7707 7708 9
7708 7709 9
7709 7710 9
7710 7711 9
7711 7712 9
7712 7713 9
7713 7714 9
7714 7715 9
7715 7716 9
7716 7717 9
7717 7718 9
7718 7719 9
7719 7720 9
7720 7721 9
7721 7722 9
7722 7723 9
7723 7724 9
7724 7725 9
7725 4125 9
5160 1560 10
5220 5160 10
5280 5220 10
5340 5280 10
5400 5340 10
5460 5400 10
5520 5460 10
5580 5520 10
5640 5580 10
5700 5640 10
5760 5700 10
5820 5760 10
3577 7177 10
7177 10777 10
9420 5820 10
9480 9420 10
9540 9480 10
9600 9540 10
9660 9600 10
9720 9660 10
9780 9720 10
9840 9780 10
9900 9840 10
9960 9900 10
10020 9960 10
10080 10020 10
10140 10080 10
10200 10140 10
10260 10200 10
10320 10260 10
10380 10320 10
10440 10380 10
10500 10440 10
10560 10500 10
10620 10560 10
10680 10620 10
10740 10680 10
10777 10778 10
10778 10779 10
10779 10780 10
10780 10781 10
10781 10782 10
10782 10783 10
10783 10784 10
10784 10785 10
10785 10786 10
10786 10787 10
10787 10788 10
10788 10789 10
10789 10790 10
10790 10791 10
10791 10792 10
10792 10793 10
10793 10794 10
10794 10795 10
10795 10796 10
10796 10797 10
10797 10798 10
10798 10799 10
10799 10800 10
10800 10740 10
1140 1200 11
1200 4800 11
4800 4860 11
4860 4920 11
4920 4980 11
4980 5040 11
5040 8640 11
3053 3113 11
6594 6654 11
3113 3173 11
6653 3053 11
6654 6653 11
3173 3233 11
3233 3293 11
3293 3353 11
3353 3413 11
3413 3473 11
3473 3533 11
3533 3593 11
8640 8700 11
8700 8760 11
8760 8820 11
8819 8879 11
8820 8819 11
8879 8939 11
8939 8999 11
8999 9059 11
9059 9119 11
9117 9177 11
9118 9117 11
9119 9118 11
9177 9237 11
9237 9297 11
9297 9357 11
9357 9417 11
9417 9477 11
9477 9537 11
9536 9596 11
9537 9536 11
9596 9656 11
9656 9716 11
9716 9776 11
9775 9835 11
9776 9775 11
9834 9894 11
9835 9834 11
9894 9954 11
9954 10014 11
10014 10074 11
10074 10134 11
10134 10194 11
10194 6594 11
