# Cost: 499

# Tail Head Net
 60  20 1
 80  40 1
100  60 1
120  80 1
140 100 1
160 120 1
180 140 1
200 160 1
220 180 1
240 200 1
260 220 1
280 240 1
300 260 1
320 280 1
340 300 1
360 320 1
369 409 1
370 369 1
371 370 1
372 371 1
373 372 1
374 373 1
375 374 1
376 375 1
377 376 1
378 377 1
379 378 1
380 340 1
380 379 1
381 380 1
382 381 1
383 382 1
384 383 1
385 384 1
386 385 1
387 386 1
388 387 1
389 388 1
390 389 1
391 390 1
392 391 1
393 392 1
394 393 1
395 394 1
396 395 1
397 396 1
398 397 1
399 398 1
400 360 1
400 399 1
409 449 1
449 489 1
489 529 1
529 569 1
569 609 1
609 649 1
649 689 1
689 729 1
729 769 1
769 809 1
809 849 1
849 889 1
889 929 1
929 969 1
969 1009 1
1009 1049 1
1049 1089 1
1089 1129 1
1129 1169 1
1169 1209 1
1209 1249 1
1249 1289 1
1289 1329 1
1329 1369 1
1369 1409 1
1409 1449 1
1449 1489 1
1489 1529 1
1529 1569 1
 17  16 2
 18  17 2
 19  18 2
 59  19 2
 70  30 2
 99  59 2
110  70 2
1699  99 2
1700 1699 2
1701 1700 2
1702 1701 2
150 110 2
1742 1702 2
1743 1742 2
1744 1743 2
190 150 2
1784 1744 2
230 190 2
1824 1784 2
1825 1824 2
1826 1825 2
1830 230 2
1866 1826 2
1867 1866 2
1868 1867 2
1868 1869 2
1869 1870 2
1870 1830 2
1908 1868 2
1948 1908 2
1988 1948 2
2028 1988 2
508 2108 2
2068 2028 2
548 508 2
2108 2068 2
587 588 2
588 548 2
627 587 2
667 627 2
707 667 2
747 707 2
787 747 2
827 787 2
867 827 2
907 867 2
947 907 2
987 947 2
997 998 2
998 999 2
999 1000 2
1026 1027 2
1027 987 2
1027 1028 2
1028 1068 2
1031 1032 2
1032 1033 2
1033 1034 2
1034 1035 2
1035 1036 2
1036 1037 2
1037 997 2
1066 1026 2
1068 1069 2
1069 1070 2
1070 1071 2
1071 1031 2
1106 1066 2
1146 1106 2
1186 1146 2
1226 1186 2
1266 1226 2
1306 1266 2
1346 1306 2
1386 1346 2
1426 1386 2
1466 1426 2
1506 1466 2
1546 1506 2
1586 1546 2
  3  43 3
  4   3 3
 43  83 3
  5   4 3
  6   5 3
  7   6 3
  8   7 3
  9   8 3
1609   9 3
1610 1609 3
1611 1610 3
1612 1611 3
1613 1612 3
1614 1613 3
1615 1614 3
1616 1615 3
1617 1616 3
1618 1617 3
1619 1618 3
1620 1619 3
1621 1620 3
1622 1621 3
1623 1622 3
1624 1623 3
1625 1624 3
1626 1625 3
1627 1626 3
1628 1627 3
1629 1628 3
 31 1631 3
1630 1629 3
 32  31 3
1631 1630 3
 33  32 3
 34  33 3
 35  34 3
 35  36 3
 36  76 3
 76 116 3
 83 123 3
116 156 3
123 163 3
156 157 3
157 197 3
163 203 3
197 1797 3
203 243 3
1797 1837 3
243 283 3
1837 1877 3
283 323 3
1877 1878 3
1878 1918 3
323 363 3
1918 1919 3
1919 1959 3
363 403 3
1959 1999 3
403 443 3
1999 2039 3
443 483 3
2039 2079 3
483 523 3
2079 2119 3
523 563 3
2119 2159 3
561 601 3
562 561 3
563 562 3
2159 2199 3
601 641 3
2199 2239 3
641 681 3
679 719 3
2239 2279 3
681 721 3
719 759 3
2279 679 3
721 761 3
759 760 3
760 800 3
761 801 3
801 841 3
841 881 3
881 921 3
921 961 3
961 1001 3
1001 1041 3
1041 1081 3
 66  26 4
106  66 4
146 106 4
186 146 4
226 186 4
266 226 4
306 266 4
1906 306 4
1946 1906 4
426 2026 4
1986 1946 4
466 426 4
2026 1986 4
506 466 4
546 506 4
586 546 4
626 586 4
666 626 4
706 666 4
746 706 4
786 746 4
826 786 4
866 826 4
906 866 4
946 906 4
2546 946 4
2586 2546 4
2626 2586 4
2666 2626 4
2706 2666 4
2746 2706 4
2786 2746 4
1229 2829 4
1230 1229 4
1231 1230 4
1232 1231 4
1233 1232 4
1234 1233 4
1235 1234 4
1236 1235 4
1237 1236 4
1238 1237 4
1239 1238 4
1240 1239 4
1242 1241 4
1243 1242 4
1244 1243 4
1245 1244 4
1246 1245 4
1247 1246 4
2820 2860 4
2821 2820 4
2822 2821 4
2823 2822 4
2824 2823 4
2825 2824 4
2826 2786 4
2826 2825 4
2827 2826 4
2828 2827 4
2828 2868 4
2829 2828 4
2847 1247 4
2848 2847 4
2849 2848 4
2850 2849 4
2851 2850 4
2852 2851 4
2853 2852 4
2854 2853 4
2855 2854 4
2856 2855 4
2857 2856 4
2858 2857 4
2859 2858 4
2860 2859 4
2868 2908 4
2908 2948 4
2948 2988 4
2988 3028 4
1468 1508 4
3028 3068 4
1508 1548 4
3068 1468 4
1548 1588 4
2800 1200 5
2838 2839 5
2839 2840 5
2840 2800 5
2877 2878 5
2878 2838 5
2914 2915 5
2915 2916 5
2916 2917 5
2917 2877 5
2953 2954 5
2954 2914 5
2993 2953 5
3033 2993 5
3072 3073 5
3073 3033 5
3110 3111 5
3111 3112 5
3112 3072 5
1582 1583 5
1583 1584 5
1584 1585 5
1585 3185 5
3148 3149 5
3149 3150 5
3150 3110 5
3185 3186 5
3186 3187 5
3187 3188 5
3188 3148 5
1562 1561 6
1563 1562 6
1564 1563 6
1565 1564 6
1571 3171 6
1572 1571 6
1573 1572 6
1574 1573 6
1575 1574 6
3165 1565 6
3166 3165 6
3167 3166 6
3168 3167 6
3169 3168 6
3170 3169 6
3171 3170 6
1602   2 7
1603 1602 7
1604 1603 7
1605 1604 7
1606 1605 7
 21  61 7
 61 1661 7
1646 1606 7
1647 1646 7
1648 1647 7
1649 1648 7
1650 1649 7
1651 1650 7
1652 1651 7
1653 1652 7
1654 1653 7
1655 1654 7
1656 1655 7
1657 1656 7
1658 1657 7
1659 1658 7
1660 1659 7
1661 1660 7
401 402 8
402 2002 8
2002 2003 8
2003 2004 8
2004 2005 8
2005 2006 8
2006 2007 8
2007 2008 8
2008 2009 8
2009 2010 8
2010 2011 8
2011 2012 8
2012 2013 8
2013 2014 8
2014 2015 8
2015 2016 8
2016 2017 8
2017 2018 8
2018 2019 8
2019 2020 8
2020 2021 8
2021 2061 8
467 468 8
468 469 8
469 470 8
470 510 8
2061 2062 8
2062 2063 8
2063 2064 8
2064 2065 8
2065 2066 8
2066 2067 8
2067 467 8
510 550 8
550 590 8
590 591 8
591 592 8
592 593 8
593 594 8
594 595 8
595 596 8
596 597 8
597 598 8
598 599 8
599 600 8
241 281 9
281 321 9
321 361 9
361 1961 9
1961 2001 9
2001 2041 9
2041 2081 9
2081 2121 9
2121 2161 9
2161 2201 9
2201 2241 9
2241 2281 9
2281 2282 9
2282 2283 9
2283 2323 9
2323 2363 9
2363 2364 9
2364 2404 9
2404 2444 9
2444 2484 9
2484 2485 9
2485 2486 9
2486 2526 9
2526 2566 9
2566 2606 9
2606 2646 9
2646 2686 9
2686 2726 9
2726 2766 9
2766 2806 9
2806 2846 9
1286 1287 9
2846 2886 9
1287 1327 9
2886 1286 9
1327 1367 9
1367 1407 9
1407 1447 9
1447 1487 9
1487 1527 9
1527 1567 9
1201 1161 10
2801 1201 10
1281 2881 10
2841 2801 10
1321 1281 10
2881 2841 10
1361 1321 10
1401 1361 10
1441 1401 10
1481 1441 10
1521 1481 10
