# Tail Head Cost
  1   2 1
  2   1 1
  1  21 1
 21   1 1
  1 401 1
401   1 1
  2   3 1
  3   2 1
  2  22 1
 22   2 1
  2 402 1
402   2 1
  3   4 1
  4   3 1
  3  23 1
 23   3 1
  3 403 1
403   3 1
  4   5 1
  5   4 1
  4  24 1
 24   4 1
  4 404 1
404   4 1
  5   6 1
  6   5 1
  5  25 1
 25   5 1
  5 405 1
405   5 1
  6   7 1
  7   6 1
  6  26 1
 26   6 1
  6 406 1
406   6 1
  7   8 1
  8   7 1
  7  27 1
 27   7 1
  7 407 1
407   7 1
  8   9 1
  9   8 1
  8  28 1
 28   8 1
  8 408 1
408   8 1
  9  10 1
 10   9 1
  9  29 1
 29   9 1
  9 409 1
409   9 1
 10  11 1
 11  10 1
 10  30 1
 30  10 1
 10 410 1
410  10 1
 11  12 1
 12  11 1
 11  31 1
 31  11 1
 11 411 1
411  11 1
 12  13 1
 13  12 1
 12  32 1
 32  12 1
 12 412 1
412  12 1
 13  14 1
 14  13 1
 13  33 1
 33  13 1
 13 413 1
413  13 1
 14  15 1
 15  14 1
 14  34 1
 34  14 1
 14 414 1
414  14 1
 15  16 1
 16  15 1
 15  35 1
 35  15 1
 15 415 1
415  15 1
 16  17 1
 17  16 1
 16  36 1
 36  16 1
 16 416 1
416  16 1
 17  18 1
 18  17 1
 17  37 1
 37  17 1
 17 417 1
417  17 1
 18  19 1
 19  18 1
 18  38 1
 38  18 1
 18 418 1
418  18 1
 19  20 1
 20  19 1
 19  39 1
 39  19 1
 19 419 1
419  19 1
 20  40 1
 40  20 1
 20 420 1
420  20 1
 21  22 1
 22  21 1
 21  41 1
 41  21 1
 21 421 1
421  21 1
 22  23 1
 23  22 1
 22  42 1
 42  22 1
 22 422 1
422  22 1
 23  24 1
 24  23 1
 23  43 1
 43  23 1
 23 423 1
423  23 1
 24  25 1
 25  24 1
 24  44 1
 44  24 1
 24 424 1
424  24 1
 25  26 1
 26  25 1
 25  45 1
 45  25 1
 25 425 1
425  25 1
 26  27 1
 27  26 1
 26  46 1
 46  26 1
 26 426 1
426  26 1
 27  28 1
 28  27 1
 27  47 1
 47  27 1
 27 427 1
427  27 1
 28  29 1
 29  28 1
 28  48 1
 48  28 1
 28 428 1
428  28 1
 29  30 1
 30  29 1
 29  49 1
 49  29 1
 29 429 1
429  29 1
 30  31 1
 31  30 1
 30  50 1
 50  30 1
 30 430 1
430  30 1
 31  32 1
 32  31 1
 31  51 1
 51  31 1
 31 431 1
431  31 1
 32  33 1
 33  32 1
 32  52 1
 52  32 1
 32 432 1
432  32 1
 33  34 1
 34  33 1
 33  53 1
 53  33 1
 33 433 1
433  33 1
 34  35 1
 35  34 1
 34  54 1
 54  34 1
 34 434 1
434  34 1
 35  36 1
 36  35 1
 35  55 1
 55  35 1
 35 435 1
435  35 1
 36  37 1
 37  36 1
 36  56 1
 56  36 1
 36 436 1
436  36 1
 37  38 1
 38  37 1
 37  57 1
 57  37 1
 37 437 1
437  37 1
 38  39 1
 39  38 1
 38  58 1
 58  38 1
 38 438 1
438  38 1
 39  40 1
 40  39 1
 39  59 1
 59  39 1
 39 439 1
439  39 1
 40  60 1
 60  40 1
 40 440 1
440  40 1
 41  42 1
 42  41 1
 41  61 1
 61  41 1
 41 441 1
441  41 1
 42  43 1
 43  42 1
 42  62 1
 62  42 1
 42 442 1
442  42 1
 43  44 1
 44  43 1
 43  63 1
 63  43 1
 43 443 1
443  43 1
 44  45 1
 45  44 1
 44  64 1
 64  44 1
 44 444 1
444  44 1
 45  46 1
 46  45 1
 45  65 1
 65  45 1
 45 445 1
445  45 1
 46  47 1
 47  46 1
 46  66 1
 66  46 1
 46 446 1
446  46 1
 47  48 1
 48  47 1
 47  67 1
 67  47 1
 47 447 1
447  47 1
 48  49 1
 49  48 1
 48  68 1
 68  48 1
 48 448 1
448  48 1
 49  50 1
 50  49 1
 49  69 1
 69  49 1
 49 449 1
449  49 1
 50  51 1
 51  50 1
 50  70 1
 70  50 1
 50 450 1
450  50 1
 51  52 1
 52  51 1
 51  71 1
 71  51 1
 51 451 1
451  51 1
 52  53 1
 53  52 1
 52  72 1
 72  52 1
 52 452 1
452  52 1
 53  54 1
 54  53 1
 53  73 1
 73  53 1
 53 453 1
453  53 1
 54  55 1
 55  54 1
 54  74 1
 74  54 1
 54 454 1
454  54 1
 55  56 1
 56  55 1
 55  75 1
 75  55 1
 55 455 1
455  55 1
 56  57 1
 57  56 1
 56  76 1
 76  56 1
 56 456 1
456  56 1
 57  58 1
 58  57 1
 57  77 1
 77  57 1
 57 457 1
457  57 1
 58  59 1
 59  58 1
 58  78 1
 78  58 1
 58 458 1
458  58 1
 59  60 1
 60  59 1
 59  79 1
 79  59 1
 59 459 1
459  59 1
 60  80 1
 80  60 1
 60 460 1
460  60 1
 61  62 1
 62  61 1
 61  81 1
 81  61 1
 61 461 1
461  61 1
 62  63 1
 63  62 1
 62  82 1
 82  62 1
 62 462 1
462  62 1
 63  64 1
 64  63 1
 63  83 1
 83  63 1
 63 463 1
463  63 1
 64  65 1
 65  64 1
 64  84 1
 84  64 1
 64 464 1
464  64 1
 65  66 1
 66  65 1
 65  85 1
 85  65 1
 65 465 1
465  65 1
 66  67 1
 67  66 1
 66  86 1
 86  66 1
 66 466 1
466  66 1
 67  68 1
 68  67 1
 67  87 1
 87  67 1
 67 467 1
467  67 1
 68  69 1
 69  68 1
 68  88 1
 88  68 1
 68 468 1
468  68 1
 69  70 1
 70  69 1
 69  89 1
 89  69 1
 69 469 1
469  69 1
 70  71 1
 71  70 1
 70  90 1
 90  70 1
 70 470 1
470  70 1
 71  72 1
 72  71 1
 71  91 1
 91  71 1
 71 471 1
471  71 1
 72  73 1
 73  72 1
 72  92 1
 92  72 1
 72 472 1
472  72 1
 73  74 1
 74  73 1
 73  93 1
 93  73 1
 73 473 1
473  73 1
 74  75 1
 75  74 1
 74  94 1
 94  74 1
 74 474 1
474  74 1
 75  76 1
 76  75 1
 75  95 1
 95  75 1
 75 475 1
475  75 1
 76  77 1
 77  76 1
 76  96 1
 96  76 1
 76 476 1
476  76 1
 77  78 1
 78  77 1
 77  97 1
 97  77 1
 77 477 1
477  77 1
 78  79 1
 79  78 1
 78  98 1
 98  78 1
 78 478 1
478  78 1
 79  80 1
 80  79 1
 79  99 1
 99  79 1
 79 479 1
479  79 1
 80 100 1
100  80 1
 80 480 1
480  80 1
 81  82 1
 82  81 1
 81 101 1
101  81 1
 81 481 1
481  81 1
 82  83 1
 83  82 1
 82 102 1
102  82 1
 82 482 1
482  82 1
 83  84 1
 84  83 1
 83 103 1
103  83 1
 83 483 1
483  83 1
 84  85 1
 85  84 1
 84 104 1
104  84 1
 84 484 1
484  84 1
 85  86 1
 86  85 1
 85 105 1
105  85 1
 85 485 1
485  85 1
 86  87 1
 87  86 1
 86 106 1
106  86 1
 86 486 1
486  86 1
 87  88 1
 88  87 1
 87 107 1
107  87 1
 87 487 1
487  87 1
 88  89 1
 89  88 1
 88 108 1
108  88 1
 88 488 1
488  88 1
 89  90 1
 90  89 1
 89 109 1
109  89 1
 89 489 1
489  89 1
 90  91 1
 91  90 1
 90 110 1
110  90 1
 90 490 1
490  90 1
 91  92 1
 92  91 1
 91 111 1
111  91 1
 91 491 1
491  91 1
 92  93 1
 93  92 1
 92 112 1
112  92 1
 92 492 1
492  92 1
 93  94 1
 94  93 1
 93 113 1
113  93 1
 93 493 1
493  93 1
 94  95 1
 95  94 1
 94 114 1
114  94 1
 94 494 1
494  94 1
 95  96 1
 96  95 1
 95 115 1
115  95 1
 95 495 1
495  95 1
 96  97 1
 97  96 1
 96 116 1
116  96 1
 96 496 1
496  96 1
 97  98 1
 98  97 1
 97 117 1
117  97 1
 97 497 1
497  97 1
 98  99 1
 99  98 1
 98 118 1
118  98 1
 98 498 1
498  98 1
 99 100 1
100  99 1
 99 119 1
119  99 1
 99 499 1
499  99 1
100 120 1
120 100 1
100 500 1
500 100 1
101 102 1
102 101 1
101 121 1
121 101 1
101 501 1
501 101 1
102 103 1
103 102 1
102 122 1
122 102 1
102 502 1
502 102 1
103 104 1
104 103 1
103 123 1
123 103 1
103 503 1
503 103 1
104 105 1
105 104 1
104 124 1
124 104 1
104 504 1
504 104 1
105 106 1
106 105 1
105 125 1
125 105 1
105 505 1
505 105 1
106 107 1
107 106 1
106 126 1
126 106 1
106 506 1
506 106 1
107 108 1
108 107 1
107 127 1
127 107 1
107 507 1
507 107 1
108 109 1
109 108 1
108 128 1
128 108 1
108 508 1
508 108 1
109 110 1
110 109 1
109 129 1
129 109 1
109 509 1
509 109 1
110 111 1
111 110 1
110 130 1
130 110 1
110 510 1
510 110 1
111 112 1
112 111 1
111 131 1
131 111 1
111 511 1
511 111 1
112 113 1
113 112 1
112 132 1
132 112 1
112 512 1
512 112 1
113 114 1
114 113 1
113 133 1
133 113 1
113 513 1
513 113 1
114 115 1
115 114 1
114 134 1
134 114 1
114 514 1
514 114 1
115 116 1
116 115 1
115 135 1
135 115 1
115 515 1
515 115 1
116 117 1
117 116 1
116 136 1
136 116 1
116 516 1
516 116 1
117 118 1
118 117 1
117 137 1
137 117 1
117 517 1
517 117 1
118 119 1
119 118 1
118 138 1
138 118 1
118 518 1
518 118 1
119 120 1
120 119 1
119 139 1
139 119 1
119 519 1
519 119 1
120 140 1
140 120 1
120 520 1
520 120 1
121 122 1
122 121 1
121 141 1
141 121 1
121 521 1
521 121 1
122 123 1
123 122 1
122 142 1
142 122 1
122 522 1
522 122 1
123 124 1
124 123 1
123 143 1
143 123 1
123 523 1
523 123 1
124 125 1
125 124 1
124 144 1
144 124 1
124 524 1
524 124 1
125 126 1
126 125 1
125 145 1
145 125 1
125 525 1
525 125 1
126 127 1
127 126 1
126 146 1
146 126 1
126 526 1
526 126 1
127 128 1
128 127 1
127 147 1
147 127 1
127 527 1
527 127 1
128 129 1
129 128 1
128 148 1
148 128 1
128 528 1
528 128 1
129 130 1
130 129 1
129 149 1
149 129 1
129 529 1
529 129 1
130 131 1
131 130 1
130 150 1
150 130 1
130 530 1
530 130 1
131 132 1
132 131 1
131 151 1
151 131 1
131 531 1
531 131 1
132 133 1
133 132 1
132 152 1
152 132 1
132 532 1
532 132 1
133 134 1
134 133 1
133 153 1
153 133 1
133 533 1
533 133 1
134 135 1
135 134 1
134 154 1
154 134 1
134 534 1
534 134 1
135 136 1
136 135 1
135 155 1
155 135 1
135 535 1
535 135 1
136 137 1
137 136 1
136 156 1
156 136 1
136 536 1
536 136 1
137 138 1
138 137 1
137 157 1
157 137 1
137 537 1
537 137 1
138 139 1
139 138 1
138 158 1
158 138 1
138 538 1
538 138 1
139 140 1
140 139 1
139 159 1
159 139 1
139 539 1
539 139 1
140 160 1
160 140 1
140 540 1
540 140 1
141 142 1
142 141 1
141 161 1
161 141 1
141 541 1
541 141 1
142 143 1
143 142 1
142 162 1
162 142 1
142 542 1
542 142 1
143 144 1
144 143 1
143 163 1
163 143 1
143 543 1
543 143 1
144 145 1
145 144 1
144 164 1
164 144 1
144 544 1
544 144 1
145 146 1
146 145 1
145 165 1
165 145 1
145 545 1
545 145 1
146 147 1
147 146 1
146 166 1
166 146 1
146 546 1
546 146 1
147 148 1
148 147 1
147 167 1
167 147 1
147 547 1
547 147 1
148 149 1
149 148 1
148 168 1
168 148 1
148 548 1
548 148 1
149 150 1
150 149 1
149 169 1
169 149 1
149 549 1
549 149 1
150 151 1
151 150 1
150 170 1
170 150 1
150 550 1
550 150 1
151 152 1
152 151 1
151 171 1
171 151 1
151 551 1
551 151 1
152 153 1
153 152 1
152 172 1
172 152 1
152 552 1
552 152 1
153 154 1
154 153 1
153 173 1
173 153 1
153 553 1
553 153 1
154 155 1
155 154 1
154 174 1
174 154 1
154 554 1
554 154 1
155 156 1
156 155 1
155 175 1
175 155 1
155 555 1
555 155 1
156 157 1
157 156 1
156 176 1
176 156 1
156 556 1
556 156 1
157 158 1
158 157 1
157 177 1
177 157 1
157 557 1
557 157 1
158 159 1
159 158 1
158 178 1
178 158 1
158 558 1
558 158 1
159 160 1
160 159 1
159 179 1
179 159 1
159 559 1
559 159 1
160 180 1
180 160 1
160 560 1
560 160 1
161 162 1
162 161 1
161 181 1
181 161 1
161 561 1
561 161 1
162 163 1
163 162 1
162 182 1
182 162 1
162 562 1
562 162 1
163 164 1
164 163 1
163 183 1
183 163 1
163 563 1
563 163 1
164 165 1
165 164 1
164 184 1
184 164 1
164 564 1
564 164 1
165 166 1
166 165 1
165 185 1
185 165 1
165 565 1
565 165 1
166 167 1
167 166 1
166 186 1
186 166 1
166 566 1
566 166 1
167 168 1
168 167 1
167 187 1
187 167 1
167 567 1
567 167 1
168 169 1
169 168 1
168 188 1
188 168 1
168 568 1
568 168 1
169 170 1
170 169 1
169 189 1
189 169 1
169 569 1
569 169 1
170 171 1
171 170 1
170 190 1
190 170 1
170 570 1
570 170 1
171 172 1
172 171 1
171 191 1
191 171 1
171 571 1
571 171 1
172 173 1
173 172 1
172 192 1
192 172 1
172 572 1
572 172 1
173 174 1
174 173 1
173 193 1
193 173 1
173 573 1
573 173 1
174 175 1
175 174 1
174 194 1
194 174 1
174 574 1
574 174 1
175 176 1
176 175 1
175 195 1
195 175 1
175 575 1
575 175 1
176 177 1
177 176 1
176 196 1
196 176 1
176 576 1
576 176 1
177 178 1
178 177 1
177 197 1
197 177 1
177 577 1
577 177 1
178 179 1
179 178 1
178 198 1
198 178 1
178 578 1
578 178 1
179 180 1
180 179 1
179 199 1
199 179 1
179 579 1
579 179 1
180 200 1
200 180 1
180 580 1
580 180 1
181 182 1
182 181 1
181 201 1
201 181 1
181 581 1
581 181 1
182 183 1
183 182 1
182 202 1
202 182 1
182 582 1
582 182 1
183 184 1
184 183 1
183 203 1
203 183 1
183 583 1
583 183 1
184 185 1
185 184 1
184 204 1
204 184 1
184 584 1
584 184 1
185 186 1
186 185 1
185 205 1
205 185 1
185 585 1
585 185 1
186 187 1
187 186 1
186 206 1
206 186 1
186 586 1
586 186 1
187 188 1
188 187 1
187 207 1
207 187 1
187 587 1
587 187 1
188 189 1
189 188 1
188 208 1
208 188 1
188 588 1
588 188 1
189 190 1
190 189 1
189 209 1
209 189 1
189 589 1
589 189 1
190 191 1
191 190 1
190 210 1
210 190 1
190 590 1
590 190 1
191 192 1
192 191 1
191 211 1
211 191 1
191 591 1
591 191 1
192 193 1
193 192 1
192 212 1
212 192 1
192 592 1
592 192 1
193 194 1
194 193 1
193 213 1
213 193 1
193 593 1
593 193 1
194 195 1
195 194 1
194 214 1
214 194 1
194 594 1
594 194 1
195 196 1
196 195 1
195 215 1
215 195 1
195 595 1
595 195 1
196 197 1
197 196 1
196 216 1
216 196 1
196 596 1
596 196 1
197 198 1
198 197 1
197 217 1
217 197 1
197 597 1
597 197 1
198 199 1
199 198 1
198 218 1
218 198 1
198 598 1
598 198 1
199 200 1
200 199 1
199 219 1
219 199 1
199 599 1
599 199 1
200 220 1
220 200 1
200 600 1
600 200 1
201 202 1
202 201 1
201 221 1
221 201 1
201 601 1
601 201 1
202 203 1
203 202 1
202 222 1
222 202 1
202 602 1
602 202 1
203 204 1
204 203 1
203 223 1
223 203 1
203 603 1
603 203 1
204 205 1
205 204 1
204 224 1
224 204 1
204 604 1
604 204 1
205 206 1
206 205 1
205 225 1
225 205 1
205 605 1
605 205 1
206 207 1
207 206 1
206 226 1
226 206 1
206 606 1
606 206 1
207 208 1
208 207 1
207 227 1
227 207 1
207 607 1
607 207 1
208 209 1
209 208 1
208 228 1
228 208 1
208 608 1
608 208 1
209 210 1
210 209 1
209 229 1
229 209 1
209 609 1
609 209 1
210 211 1
211 210 1
210 230 1
230 210 1
210 610 1
610 210 1
211 212 1
212 211 1
211 231 1
231 211 1
211 611 1
611 211 1
212 213 1
213 212 1
212 232 1
232 212 1
212 612 1
612 212 1
213 214 1
214 213 1
213 233 1
233 213 1
213 613 1
613 213 1
214 215 1
215 214 1
214 234 1
234 214 1
214 614 1
614 214 1
215 216 1
216 215 1
215 235 1
235 215 1
215 615 1
615 215 1
216 217 1
217 216 1
216 236 1
236 216 1
216 616 1
616 216 1
217 218 1
218 217 1
217 237 1
237 217 1
217 617 1
617 217 1
218 219 1
219 218 1
218 238 1
238 218 1
218 618 1
618 218 1
219 220 1
220 219 1
219 239 1
239 219 1
219 619 1
619 219 1
220 240 1
240 220 1
220 620 1
620 220 1
221 222 1
222 221 1
221 241 1
241 221 1
221 621 1
621 221 1
222 223 1
223 222 1
222 242 1
242 222 1
222 622 1
622 222 1
223 224 1
224 223 1
223 243 1
243 223 1
223 623 1
623 223 1
224 225 1
225 224 1
224 244 1
244 224 1
224 624 1
624 224 1
225 226 1
226 225 1
225 245 1
245 225 1
225 625 1
625 225 1
226 227 1
227 226 1
226 246 1
246 226 1
226 626 1
626 226 1
227 228 1
228 227 1
227 247 1
247 227 1
227 627 1
627 227 1
228 229 1
229 228 1
228 248 1
248 228 1
228 628 1
628 228 1
229 230 1
230 229 1
229 249 1
249 229 1
229 629 1
629 229 1
230 231 1
231 230 1
230 250 1
250 230 1
230 630 1
630 230 1
231 232 1
232 231 1
231 251 1
251 231 1
231 631 1
631 231 1
232 233 1
233 232 1
232 252 1
252 232 1
232 632 1
632 232 1
233 234 1
234 233 1
233 253 1
253 233 1
233 633 1
633 233 1
234 235 1
235 234 1
234 254 1
254 234 1
234 634 1
634 234 1
235 236 1
236 235 1
235 255 1
255 235 1
235 635 1
635 235 1
236 237 1
237 236 1
236 256 1
256 236 1
236 636 1
636 236 1
237 238 1
238 237 1
237 257 1
257 237 1
237 637 1
637 237 1
238 239 1
239 238 1
238 258 1
258 238 1
238 638 1
638 238 1
239 240 1
240 239 1
239 259 1
259 239 1
239 639 1
639 239 1
240 260 1
260 240 1
240 640 1
640 240 1
241 242 1
242 241 1
241 261 1
261 241 1
241 641 1
641 241 1
242 243 1
243 242 1
242 262 1
262 242 1
242 642 1
642 242 1
243 244 1
244 243 1
243 263 1
263 243 1
243 643 1
643 243 1
244 245 1
245 244 1
244 264 1
264 244 1
244 644 1
644 244 1
245 246 1
246 245 1
245 265 1
265 245 1
245 645 1
645 245 1
246 247 1
247 246 1
246 266 1
266 246 1
246 646 1
646 246 1
247 248 1
248 247 1
247 267 1
267 247 1
247 647 1
647 247 1
248 249 1
249 248 1
248 268 1
268 248 1
248 648 1
648 248 1
249 250 1
250 249 1
249 269 1
269 249 1
249 649 1
649 249 1
250 251 1
251 250 1
250 270 1
270 250 1
250 650 1
650 250 1
251 252 1
252 251 1
251 271 1
271 251 1
251 651 1
651 251 1
252 253 1
253 252 1
252 272 1
272 252 1
252 652 1
652 252 1
253 254 1
254 253 1
253 273 1
273 253 1
253 653 1
653 253 1
254 255 1
255 254 1
254 274 1
274 254 1
254 654 1
654 254 1
255 256 1
256 255 1
255 275 1
275 255 1
255 655 1
655 255 1
256 257 1
257 256 1
256 276 1
276 256 1
256 656 1
656 256 1
257 258 1
258 257 1
257 277 1
277 257 1
257 657 1
657 257 1
258 259 1
259 258 1
258 278 1
278 258 1
258 658 1
658 258 1
259 260 1
260 259 1
259 279 1
279 259 1
259 659 1
659 259 1
260 280 1
280 260 1
260 660 1
660 260 1
261 262 1
262 261 1
261 281 1
281 261 1
261 661 1
661 261 1
262 263 1
263 262 1
262 282 1
282 262 1
262 662 1
662 262 1
263 264 1
264 263 1
263 283 1
283 263 1
263 663 1
663 263 1
264 265 1
265 264 1
264 284 1
284 264 1
264 664 1
664 264 1
265 266 1
266 265 1
265 285 1
285 265 1
265 665 1
665 265 1
266 267 1
267 266 1
266 286 1
286 266 1
266 666 1
666 266 1
267 268 1
268 267 1
267 287 1
287 267 1
267 667 1
667 267 1
268 269 1
269 268 1
268 288 1
288 268 1
268 668 1
668 268 1
269 270 1
270 269 1
269 289 1
289 269 1
269 669 1
669 269 1
270 271 1
271 270 1
270 290 1
290 270 1
270 670 1
670 270 1
271 272 1
272 271 1
271 291 1
291 271 1
271 671 1
671 271 1
272 273 1
273 272 1
272 292 1
292 272 1
272 672 1
672 272 1
273 274 1
274 273 1
273 293 1
293 273 1
273 673 1
673 273 1
274 275 1
275 274 1
274 294 1
294 274 1
274 674 1
674 274 1
275 276 1
276 275 1
275 295 1
295 275 1
275 675 1
675 275 1
276 277 1
277 276 1
276 296 1
296 276 1
276 676 1
676 276 1
277 278 1
278 277 1
277 297 1
297 277 1
277 677 1
677 277 1
278 279 1
279 278 1
278 298 1
298 278 1
278 678 1
678 278 1
279 280 1
280 279 1
279 299 1
299 279 1
279 679 1
679 279 1
280 300 1
300 280 1
280 680 1
680 280 1
281 282 1
282 281 1
281 301 1
301 281 1
281 681 1
681 281 1
282 283 1
283 282 1
282 302 1
302 282 1
282 682 1
682 282 1
283 284 1
284 283 1
283 303 1
303 283 1
283 683 1
683 283 1
284 285 1
285 284 1
284 304 1
304 284 1
284 684 1
684 284 1
285 286 1
286 285 1
285 305 1
305 285 1
285 685 1
685 285 1
286 287 1
287 286 1
286 306 1
306 286 1
286 686 1
686 286 1
287 288 1
288 287 1
287 307 1
307 287 1
287 687 1
687 287 1
288 289 1
289 288 1
288 308 1
308 288 1
288 688 1
688 288 1
289 290 1
290 289 1
289 309 1
309 289 1
289 689 1
689 289 1
290 291 1
291 290 1
290 310 1
310 290 1
290 690 1
690 290 1
291 292 1
292 291 1
291 311 1
311 291 1
291 691 1
691 291 1
292 293 1
293 292 1
292 312 1
312 292 1
292 692 1
692 292 1
293 294 1
294 293 1
293 313 1
313 293 1
293 693 1
693 293 1
294 295 1
295 294 1
294 314 1
314 294 1
294 694 1
694 294 1
295 296 1
296 295 1
295 315 1
315 295 1
295 695 1
695 295 1
296 297 1
297 296 1
296 316 1
316 296 1
296 696 1
696 296 1
297 298 1
298 297 1
297 317 1
317 297 1
297 697 1
697 297 1
298 299 1
299 298 1
298 318 1
318 298 1
298 698 1
698 298 1
299 300 1
300 299 1
299 319 1
319 299 1
299 699 1
699 299 1
300 320 1
320 300 1
300 700 1
700 300 1
301 302 1
302 301 1
301 321 1
321 301 1
301 701 1
701 301 1
302 303 1
303 302 1
302 322 1
322 302 1
302 702 1
702 302 1
303 304 1
304 303 1
303 323 1
323 303 1
303 703 1
703 303 1
304 305 1
305 304 1
304 324 1
324 304 1
304 704 1
704 304 1
305 306 1
306 305 1
305 325 1
325 305 1
305 705 1
705 305 1
306 307 1
307 306 1
306 326 1
326 306 1
306 706 1
706 306 1
307 308 1
308 307 1
307 327 1
327 307 1
307 707 1
707 307 1
308 309 1
309 308 1
308 328 1
328 308 1
308 708 1
708 308 1
309 310 1
310 309 1
309 329 1
329 309 1
309 709 1
709 309 1
310 311 1
311 310 1
310 330 1
330 310 1
310 710 1
710 310 1
311 312 1
312 311 1
311 331 1
331 311 1
311 711 1
711 311 1
312 313 1
313 312 1
312 332 1
332 312 1
312 712 1
712 312 1
313 314 1
314 313 1
313 333 1
333 313 1
313 713 1
713 313 1
314 315 1
315 314 1
314 334 1
334 314 1
314 714 1
714 314 1
315 316 1
316 315 1
315 335 1
335 315 1
315 715 1
715 315 1
316 317 1
317 316 1
316 336 1
336 316 1
316 716 1
716 316 1
317 318 1
318 317 1
317 337 1
337 317 1
317 717 1
717 317 1
318 319 1
319 318 1
318 338 1
338 318 1
318 718 1
718 318 1
319 320 1
320 319 1
319 339 1
339 319 1
319 719 1
719 319 1
320 340 1
340 320 1
320 720 1
720 320 1
321 322 1
322 321 1
321 341 1
341 321 1
321 721 1
721 321 1
322 323 1
323 322 1
322 342 1
342 322 1
322 722 1
722 322 1
323 324 1
324 323 1
323 343 1
343 323 1
323 723 1
723 323 1
324 325 1
325 324 1
324 344 1
344 324 1
324 724 1
724 324 1
325 326 1
326 325 1
325 345 1
345 325 1
325 725 1
725 325 1
326 327 1
327 326 1
326 346 1
346 326 1
326 726 1
726 326 1
327 328 1
328 327 1
327 347 1
347 327 1
327 727 1
727 327 1
328 329 1
329 328 1
328 348 1
348 328 1
328 728 1
728 328 1
329 330 1
330 329 1
329 349 1
349 329 1
329 729 1
729 329 1
330 331 1
331 330 1
330 350 1
350 330 1
330 730 1
730 330 1
331 332 1
332 331 1
331 351 1
351 331 1
331 731 1
731 331 1
332 333 1
333 332 1
332 352 1
352 332 1
332 732 1
732 332 1
333 334 1
334 333 1
333 353 1
353 333 1
333 733 1
733 333 1
334 335 1
335 334 1
334 354 1
354 334 1
334 734 1
734 334 1
335 336 1
336 335 1
335 355 1
355 335 1
335 735 1
735 335 1
336 337 1
337 336 1
336 356 1
356 336 1
336 736 1
736 336 1
337 338 1
338 337 1
337 357 1
357 337 1
337 737 1
737 337 1
338 339 1
339 338 1
338 358 1
358 338 1
338 738 1
738 338 1
339 340 1
340 339 1
339 359 1
359 339 1
339 739 1
739 339 1
340 360 1
360 340 1
340 740 1
740 340 1
341 342 1
342 341 1
341 361 1
361 341 1
341 741 1
741 341 1
342 343 1
343 342 1
342 362 1
362 342 1
342 742 1
742 342 1
343 344 1
344 343 1
343 363 1
363 343 1
343 743 1
743 343 1
344 345 1
345 344 1
344 364 1
364 344 1
344 744 1
744 344 1
345 346 1
346 345 1
345 365 1
365 345 1
345 745 1
745 345 1
346 347 1
347 346 1
346 366 1
366 346 1
346 746 1
746 346 1
347 348 1
348 347 1
347 367 1
367 347 1
347 747 1
747 347 1
348 349 1
349 348 1
348 368 1
368 348 1
348 748 1
748 348 1
349 350 1
350 349 1
349 369 1
369 349 1
349 749 1
749 349 1
350 351 1
351 350 1
350 370 1
370 350 1
350 750 1
750 350 1
351 352 1
352 351 1
351 371 1
371 351 1
351 751 1
751 351 1
352 353 1
353 352 1
352 372 1
372 352 1
352 752 1
752 352 1
353 354 1
354 353 1
353 373 1
373 353 1
353 753 1
753 353 1
354 355 1
355 354 1
354 374 1
374 354 1
354 754 1
754 354 1
355 356 1
356 355 1
355 375 1
375 355 1
355 755 1
755 355 1
356 357 1
357 356 1
356 376 1
376 356 1
356 756 1
756 356 1
357 358 1
358 357 1
357 377 1
377 357 1
357 757 1
757 357 1
358 359 1
359 358 1
358 378 1
378 358 1
358 758 1
758 358 1
359 360 1
360 359 1
359 379 1
379 359 1
359 759 1
759 359 1
360 380 1
380 360 1
360 760 1
760 360 1
361 362 1
362 361 1
361 381 1
381 361 1
361 761 1
761 361 1
362 363 1
363 362 1
362 382 1
382 362 1
362 762 1
762 362 1
363 364 1
364 363 1
363 383 1
383 363 1
363 763 1
763 363 1
364 365 1
365 364 1
364 384 1
384 364 1
364 764 1
764 364 1
365 366 1
366 365 1
365 385 1
385 365 1
365 765 1
765 365 1
366 367 1
367 366 1
366 386 1
386 366 1
366 766 1
766 366 1
367 368 1
368 367 1
367 387 1
387 367 1
367 767 1
767 367 1
368 369 1
369 368 1
368 388 1
388 368 1
368 768 1
768 368 1
369 370 1
370 369 1
369 389 1
389 369 1
369 769 1
769 369 1
370 371 1
371 370 1
370 390 1
390 370 1
370 770 1
770 370 1
371 372 1
372 371 1
371 391 1
391 371 1
371 771 1
771 371 1
372 373 1
373 372 1
372 392 1
392 372 1
372 772 1
772 372 1
373 374 1
374 373 1
373 393 1
393 373 1
373 773 1
773 373 1
374 375 1
375 374 1
374 394 1
394 374 1
374 774 1
774 374 1
375 376 1
376 375 1
375 395 1
395 375 1
375 775 1
775 375 1
376 377 1
377 376 1
376 396 1
396 376 1
376 776 1
776 376 1
377 378 1
378 377 1
377 397 1
397 377 1
377 777 1
777 377 1
378 379 1
379 378 1
378 398 1
398 378 1
378 778 1
778 378 1
379 380 1
380 379 1
379 399 1
399 379 1
379 779 1
779 379 1
380 400 1
400 380 1
380 780 1
780 380 1
381 382 1
382 381 1
381 781 1
781 381 1
382 383 1
383 382 1
382 782 1
782 382 1
383 384 1
384 383 1
383 783 1
783 383 1
384 385 1
385 384 1
384 784 1
784 384 1
385 386 1
386 385 1
385 785 1
785 385 1
386 387 1
387 386 1
386 786 1
786 386 1
387 388 1
388 387 1
387 787 1
787 387 1
388 389 1
389 388 1
388 788 1
788 388 1
389 390 1
390 389 1
389 789 1
789 389 1
390 391 1
391 390 1
390 790 1
790 390 1
391 392 1
392 391 1
391 791 1
791 391 1
392 393 1
393 392 1
392 792 1
792 392 1
393 394 1
394 393 1
393 793 1
793 393 1
394 395 1
395 394 1
394 794 1
794 394 1
395 396 1
396 395 1
395 795 1
795 395 1
396 397 1
397 396 1
396 796 1
796 396 1
397 398 1
398 397 1
397 797 1
797 397 1
398 399 1
399 398 1
398 798 1
798 398 1
399 400 1
400 399 1
399 799 1
799 399 1
400 800 1
800 400 1
401 402 1
402 401 1
401 421 1
421 401 1
401 801 1
801 401 1
402 403 1
403 402 1
402 422 1
422 402 1
402 802 1
802 402 1
403 404 1
404 403 1
403 423 1
423 403 1
403 803 1
803 403 1
404 405 1
405 404 1
404 424 1
424 404 1
404 804 1
804 404 1
405 406 1
406 405 1
405 425 1
425 405 1
405 805 1
805 405 1
406 407 1
407 406 1
406 426 1
426 406 1
406 806 1
806 406 1
407 408 1
408 407 1
407 427 1
427 407 1
407 807 1
807 407 1
408 409 1
409 408 1
408 428 1
428 408 1
408 808 1
808 408 1
409 410 1
410 409 1
409 429 1
429 409 1
409 809 1
809 409 1
410 411 1
411 410 1
410 430 1
430 410 1
410 810 1
810 410 1
411 412 1
412 411 1
411 431 1
431 411 1
411 811 1
811 411 1
412 413 1
413 412 1
412 432 1
432 412 1
412 812 1
812 412 1
413 414 1
414 413 1
413 433 1
433 413 1
413 813 1
813 413 1
414 415 1
415 414 1
414 434 1
434 414 1
414 814 1
814 414 1
415 416 1
416 415 1
415 435 1
435 415 1
415 815 1
815 415 1
416 417 1
417 416 1
416 436 1
436 416 1
416 816 1
816 416 1
417 418 1
418 417 1
417 437 1
437 417 1
417 817 1
817 417 1
418 419 1
419 418 1
418 438 1
438 418 1
418 818 1
818 418 1
419 420 1
420 419 1
419 439 1
439 419 1
419 819 1
819 419 1
420 440 1
440 420 1
420 820 1
820 420 1
421 422 1
422 421 1
421 441 1
441 421 1
421 821 1
821 421 1
422 423 1
423 422 1
422 442 1
442 422 1
422 822 1
822 422 1
423 424 1
424 423 1
423 443 1
443 423 1
423 823 1
823 423 1
424 425 1
425 424 1
424 444 1
444 424 1
424 824 1
824 424 1
425 426 1
426 425 1
425 445 1
445 425 1
425 825 1
825 425 1
426 427 1
427 426 1
426 446 1
446 426 1
426 826 1
826 426 1
427 428 1
428 427 1
427 447 1
447 427 1
427 827 1
827 427 1
428 429 1
429 428 1
428 448 1
448 428 1
428 828 1
828 428 1
429 430 1
430 429 1
429 449 1
449 429 1
429 829 1
829 429 1
430 431 1
431 430 1
430 450 1
450 430 1
430 830 1
830 430 1
431 432 1
432 431 1
431 451 1
451 431 1
431 831 1
831 431 1
432 433 1
433 432 1
432 452 1
452 432 1
432 832 1
832 432 1
433 434 1
434 433 1
433 453 1
453 433 1
433 833 1
833 433 1
434 435 1
435 434 1
434 454 1
454 434 1
434 834 1
834 434 1
435 436 1
436 435 1
435 455 1
455 435 1
435 835 1
835 435 1
436 437 1
437 436 1
436 456 1
456 436 1
436 836 1
836 436 1
437 438 1
438 437 1
437 457 1
457 437 1
437 837 1
837 437 1
438 439 1
439 438 1
438 458 1
458 438 1
438 838 1
838 438 1
439 440 1
440 439 1
439 459 1
459 439 1
439 839 1
839 439 1
440 460 1
460 440 1
440 840 1
840 440 1
441 442 1
442 441 1
441 461 1
461 441 1
441 841 1
841 441 1
442 443 1
443 442 1
442 462 1
462 442 1
442 842 1
842 442 1
443 444 1
444 443 1
443 463 1
463 443 1
443 843 1
843 443 1
444 445 1
445 444 1
444 464 1
464 444 1
444 844 1
844 444 1
445 446 1
446 445 1
445 465 1
465 445 1
445 845 1
845 445 1
446 447 1
447 446 1
446 466 1
466 446 1
446 846 1
846 446 1
447 448 1
448 447 1
447 467 1
467 447 1
447 847 1
847 447 1
448 449 1
449 448 1
448 468 1
468 448 1
448 848 1
848 448 1
449 450 1
450 449 1
449 469 1
469 449 1
449 849 1
849 449 1
450 451 1
451 450 1
450 470 1
470 450 1
450 850 1
850 450 1
451 452 1
452 451 1
451 471 1
471 451 1
451 851 1
851 451 1
452 453 1
453 452 1
452 472 1
472 452 1
452 852 1
852 452 1
453 454 1
454 453 1
453 473 1
473 453 1
453 853 1
853 453 1
454 455 1
455 454 1
454 474 1
474 454 1
454 854 1
854 454 1
455 456 1
456 455 1
455 475 1
475 455 1
455 855 1
855 455 1
456 457 1
457 456 1
456 476 1
476 456 1
456 856 1
856 456 1
457 458 1
458 457 1
457 477 1
477 457 1
457 857 1
857 457 1
458 459 1
459 458 1
458 478 1
478 458 1
458 858 1
858 458 1
459 460 1
460 459 1
459 479 1
479 459 1
459 859 1
859 459 1
460 480 1
480 460 1
460 860 1
860 460 1
461 462 1
462 461 1
461 481 1
481 461 1
461 861 1
861 461 1
462 463 1
463 462 1
462 482 1
482 462 1
462 862 1
862 462 1
463 464 1
464 463 1
463 483 1
483 463 1
463 863 1
863 463 1
464 465 1
465 464 1
464 484 1
484 464 1
464 864 1
864 464 1
465 466 1
466 465 1
465 485 1
485 465 1
465 865 1
865 465 1
466 467 1
467 466 1
466 486 1
486 466 1
466 866 1
866 466 1
467 468 1
468 467 1
467 487 1
487 467 1
467 867 1
867 467 1
468 469 1
469 468 1
468 488 1
488 468 1
468 868 1
868 468 1
469 470 1
470 469 1
469 489 1
489 469 1
469 869 1
869 469 1
470 471 1
471 470 1
470 490 1
490 470 1
470 870 1
870 470 1
471 472 1
472 471 1
471 491 1
491 471 1
471 871 1
871 471 1
472 473 1
473 472 1
472 492 1
492 472 1
472 872 1
872 472 1
473 474 1
474 473 1
473 493 1
493 473 1
473 873 1
873 473 1
474 475 1
475 474 1
474 494 1
494 474 1
474 874 1
874 474 1
475 476 1
476 475 1
475 495 1
495 475 1
475 875 1
875 475 1
476 477 1
477 476 1
476 496 1
496 476 1
476 876 1
876 476 1
477 478 1
478 477 1
477 497 1
497 477 1
477 877 1
877 477 1
478 479 1
479 478 1
478 498 1
498 478 1
478 878 1
878 478 1
479 480 1
480 479 1
479 499 1
499 479 1
479 879 1
879 479 1
480 500 1
500 480 1
480 880 1
880 480 1
481 482 1
482 481 1
481 501 1
501 481 1
481 881 1
881 481 1
482 483 1
483 482 1
482 502 1
502 482 1
482 882 1
882 482 1
483 484 1
484 483 1
483 503 1
503 483 1
483 883 1
883 483 1
484 485 1
485 484 1
484 504 1
504 484 1
484 884 1
884 484 1
485 486 1
486 485 1
485 505 1
505 485 1
485 885 1
885 485 1
486 487 1
487 486 1
486 506 1
506 486 1
486 886 1
886 486 1
487 488 1
488 487 1
487 507 1
507 487 1
487 887 1
887 487 1
488 489 1
489 488 1
488 508 1
508 488 1
488 888 1
888 488 1
489 490 1
490 489 1
489 509 1
509 489 1
489 889 1
889 489 1
490 491 1
491 490 1
490 510 1
510 490 1
490 890 1
890 490 1
491 492 1
492 491 1
491 511 1
511 491 1
491 891 1
891 491 1
492 493 1
493 492 1
492 512 1
512 492 1
492 892 1
892 492 1
493 494 1
494 493 1
493 513 1
513 493 1
493 893 1
893 493 1
494 495 1
495 494 1
494 514 1
514 494 1
494 894 1
894 494 1
495 496 1
496 495 1
495 515 1
515 495 1
495 895 1
895 495 1
496 497 1
497 496 1
496 516 1
516 496 1
496 896 1
896 496 1
497 498 1
498 497 1
497 517 1
517 497 1
497 897 1
897 497 1
498 499 1
499 498 1
498 518 1
518 498 1
498 898 1
898 498 1
499 500 1
500 499 1
499 519 1
519 499 1
499 899 1
899 499 1
500 520 1
520 500 1
500 900 1
900 500 1
501 502 1
502 501 1
501 521 1
521 501 1
501 901 1
901 501 1
502 503 1
503 502 1
502 522 1
522 502 1
502 902 1
902 502 1
503 504 1
504 503 1
503 523 1
523 503 1
503 903 1
903 503 1
504 505 1
505 504 1
504 524 1
524 504 1
504 904 1
904 504 1
505 506 1
506 505 1
505 525 1
525 505 1
505 905 1
905 505 1
506 507 1
507 506 1
506 526 1
526 506 1
506 906 1
906 506 1
507 508 1
508 507 1
507 527 1
527 507 1
507 907 1
907 507 1
508 509 1
509 508 1
508 528 1
528 508 1
508 908 1
908 508 1
509 510 1
510 509 1
509 529 1
529 509 1
509 909 1
909 509 1
510 511 1
511 510 1
510 530 1
530 510 1
510 910 1
910 510 1
511 512 1
512 511 1
511 531 1
531 511 1
511 911 1
911 511 1
512 513 1
513 512 1
512 532 1
532 512 1
512 912 1
912 512 1
513 514 1
514 513 1
513 533 1
533 513 1
513 913 1
913 513 1
514 515 1
515 514 1
514 534 1
534 514 1
514 914 1
914 514 1
515 516 1
516 515 1
515 535 1
535 515 1
515 915 1
915 515 1
516 517 1
517 516 1
516 536 1
536 516 1
516 916 1
916 516 1
517 518 1
518 517 1
517 537 1
537 517 1
517 917 1
917 517 1
518 519 1
519 518 1
518 538 1
538 518 1
518 918 1
918 518 1
519 520 1
520 519 1
519 539 1
539 519 1
519 919 1
919 519 1
520 540 1
540 520 1
520 920 1
920 520 1
521 522 1
522 521 1
521 541 1
541 521 1
521 921 1
921 521 1
522 523 1
523 522 1
522 542 1
542 522 1
522 922 1
922 522 1
523 524 1
524 523 1
523 543 1
543 523 1
523 923 1
923 523 1
524 525 1
525 524 1
524 544 1
544 524 1
524 924 1
924 524 1
525 526 1
526 525 1
525 545 1
545 525 1
525 925 1
925 525 1
526 527 1
527 526 1
526 546 1
546 526 1
526 926 1
926 526 1
527 528 1
528 527 1
527 547 1
547 527 1
527 927 1
927 527 1
528 529 1
529 528 1
528 548 1
548 528 1
528 928 1
928 528 1
529 530 1
530 529 1
529 549 1
549 529 1
529 929 1
929 529 1
530 531 1
531 530 1
530 550 1
550 530 1
530 930 1
930 530 1
531 532 1
532 531 1
531 551 1
551 531 1
531 931 1
931 531 1
532 533 1
533 532 1
532 552 1
552 532 1
532 932 1
932 532 1
533 534 1
534 533 1
533 553 1
553 533 1
533 933 1
933 533 1
534 535 1
535 534 1
534 554 1
554 534 1
534 934 1
934 534 1
535 536 1
536 535 1
535 555 1
555 535 1
535 935 1
935 535 1
536 537 1
537 536 1
536 556 1
556 536 1
536 936 1
936 536 1
537 538 1
538 537 1
537 557 1
557 537 1
537 937 1
937 537 1
538 539 1
539 538 1
538 558 1
558 538 1
538 938 1
938 538 1
539 540 1
540 539 1
539 559 1
559 539 1
539 939 1
939 539 1
540 560 1
560 540 1
540 940 1
940 540 1
541 542 1
542 541 1
541 561 1
561 541 1
541 941 1
941 541 1
542 543 1
543 542 1
542 562 1
562 542 1
542 942 1
942 542 1
543 544 1
544 543 1
543 563 1
563 543 1
543 943 1
943 543 1
544 545 1
545 544 1
544 564 1
564 544 1
544 944 1
944 544 1
545 546 1
546 545 1
545 565 1
565 545 1
545 945 1
945 545 1
546 547 1
547 546 1
546 566 1
566 546 1
546 946 1
946 546 1
547 548 1
548 547 1
547 567 1
567 547 1
547 947 1
947 547 1
548 549 1
549 548 1
548 568 1
568 548 1
548 948 1
948 548 1
549 550 1
550 549 1
549 569 1
569 549 1
549 949 1
949 549 1
550 551 1
551 550 1
550 570 1
570 550 1
550 950 1
950 550 1
551 552 1
552 551 1
551 571 1
571 551 1
551 951 1
951 551 1
552 553 1
553 552 1
552 572 1
572 552 1
552 952 1
952 552 1
553 554 1
554 553 1
553 573 1
573 553 1
553 953 1
953 553 1
554 555 1
555 554 1
554 574 1
574 554 1
554 954 1
954 554 1
555 556 1
556 555 1
555 575 1
575 555 1
555 955 1
955 555 1
556 557 1
557 556 1
556 576 1
576 556 1
556 956 1
956 556 1
557 558 1
558 557 1
557 577 1
577 557 1
557 957 1
957 557 1
558 559 1
559 558 1
558 578 1
578 558 1
558 958 1
958 558 1
559 560 1
560 559 1
559 579 1
579 559 1
559 959 1
959 559 1
560 580 1
580 560 1
560 960 1
960 560 1
561 562 1
562 561 1
561 581 1
581 561 1
561 961 1
961 561 1
562 563 1
563 562 1
562 582 1
582 562 1
562 962 1
962 562 1
563 564 1
564 563 1
563 583 1
583 563 1
563 963 1
963 563 1
564 565 1
565 564 1
564 584 1
584 564 1
564 964 1
964 564 1
565 566 1
566 565 1
565 585 1
585 565 1
565 965 1
965 565 1
566 567 1
567 566 1
566 586 1
586 566 1
566 966 1
966 566 1
567 568 1
568 567 1
567 587 1
587 567 1
567 967 1
967 567 1
568 569 1
569 568 1
568 588 1
588 568 1
568 968 1
968 568 1
569 570 1
570 569 1
569 589 1
589 569 1
569 969 1
969 569 1
570 571 1
571 570 1
570 590 1
590 570 1
570 970 1
970 570 1
571 572 1
572 571 1
571 591 1
591 571 1
571 971 1
971 571 1
572 573 1
573 572 1
572 592 1
592 572 1
572 972 1
972 572 1
573 574 1
574 573 1
573 593 1
593 573 1
573 973 1
973 573 1
574 575 1
575 574 1
574 594 1
594 574 1
574 974 1
974 574 1
575 576 1
576 575 1
575 595 1
595 575 1
575 975 1
975 575 1
576 577 1
577 576 1
576 596 1
596 576 1
576 976 1
976 576 1
577 578 1
578 577 1
577 597 1
597 577 1
577 977 1
977 577 1
578 579 1
579 578 1
578 598 1
598 578 1
578 978 1
978 578 1
579 580 1
580 579 1
579 599 1
599 579 1
579 979 1
979 579 1
580 600 1
600 580 1
580 980 1
980 580 1
581 582 1
582 581 1
581 601 1
601 581 1
581 981 1
981 581 1
582 583 1
583 582 1
582 602 1
602 582 1
582 982 1
982 582 1
583 584 1
584 583 1
583 603 1
603 583 1
583 983 1
983 583 1
584 585 1
585 584 1
584 604 1
604 584 1
584 984 1
984 584 1
585 586 1
586 585 1
585 605 1
605 585 1
585 985 1
985 585 1
586 587 1
587 586 1
586 606 1
606 586 1
586 986 1
986 586 1
587 588 1
588 587 1
587 607 1
607 587 1
587 987 1
987 587 1
588 589 1
589 588 1
588 608 1
608 588 1
588 988 1
988 588 1
589 590 1
590 589 1
589 609 1
609 589 1
589 989 1
989 589 1
590 591 1
591 590 1
590 610 1
610 590 1
590 990 1
990 590 1
591 592 1
592 591 1
591 611 1
611 591 1
591 991 1
991 591 1
592 593 1
593 592 1
592 612 1
612 592 1
592 992 1
992 592 1
593 594 1
594 593 1
593 613 1
613 593 1
593 993 1
993 593 1
594 595 1
595 594 1
594 614 1
614 594 1
594 994 1
994 594 1
595 596 1
596 595 1
595 615 1
615 595 1
595 995 1
995 595 1
596 597 1
597 596 1
596 616 1
616 596 1
596 996 1
996 596 1
597 598 1
598 597 1
597 617 1
617 597 1
597 997 1
997 597 1
598 599 1
599 598 1
598 618 1
618 598 1
598 998 1
998 598 1
599 600 1
600 599 1
599 619 1
619 599 1
599 999 1
999 599 1
600 620 1
620 600 1
600 1000 1
1000 600 1
601 602 1
602 601 1
601 621 1
621 601 1
601 1001 1
1001 601 1
602 603 1
603 602 1
602 622 1
622 602 1
602 1002 1
1002 602 1
603 604 1
604 603 1
603 623 1
623 603 1
603 1003 1
1003 603 1
604 605 1
605 604 1
604 624 1
624 604 1
604 1004 1
1004 604 1
605 606 1
606 605 1
605 625 1
625 605 1
605 1005 1
1005 605 1
606 607 1
607 606 1
606 626 1
626 606 1
606 1006 1
1006 606 1
607 608 1
608 607 1
607 627 1
627 607 1
607 1007 1
1007 607 1
608 609 1
609 608 1
608 628 1
628 608 1
608 1008 1
1008 608 1
609 610 1
610 609 1
609 629 1
629 609 1
609 1009 1
1009 609 1
610 611 1
611 610 1
610 630 1
630 610 1
610 1010 1
1010 610 1
611 612 1
612 611 1
611 631 1
631 611 1
611 1011 1
1011 611 1
612 613 1
613 612 1
612 632 1
632 612 1
612 1012 1
1012 612 1
613 614 1
614 613 1
613 633 1
633 613 1
613 1013 1
1013 613 1
614 615 1
615 614 1
614 634 1
634 614 1
614 1014 1
1014 614 1
615 616 1
616 615 1
615 635 1
635 615 1
615 1015 1
1015 615 1
616 617 1
617 616 1
616 636 1
636 616 1
616 1016 1
1016 616 1
617 618 1
618 617 1
617 637 1
637 617 1
617 1017 1
1017 617 1
618 619 1
619 618 1
618 638 1
638 618 1
618 1018 1
1018 618 1
619 620 1
620 619 1
619 639 1
639 619 1
619 1019 1
1019 619 1
620 640 1
640 620 1
620 1020 1
1020 620 1
621 622 1
622 621 1
621 641 1
641 621 1
621 1021 1
1021 621 1
622 623 1
623 622 1
622 642 1
642 622 1
622 1022 1
1022 622 1
623 624 1
624 623 1
623 643 1
643 623 1
623 1023 1
1023 623 1
624 625 1
625 624 1
624 644 1
644 624 1
624 1024 1
1024 624 1
625 626 1
626 625 1
625 645 1
645 625 1
625 1025 1
1025 625 1
626 627 1
627 626 1
626 646 1
646 626 1
626 1026 1
1026 626 1
627 628 1
628 627 1
627 647 1
647 627 1
627 1027 1
1027 627 1
628 629 1
629 628 1
628 648 1
648 628 1
628 1028 1
1028 628 1
629 630 1
630 629 1
629 649 1
649 629 1
629 1029 1
1029 629 1
630 631 1
631 630 1
630 650 1
650 630 1
630 1030 1
1030 630 1
631 632 1
632 631 1
631 651 1
651 631 1
631 1031 1
1031 631 1
632 633 1
633 632 1
632 652 1
652 632 1
632 1032 1
1032 632 1
633 634 1
634 633 1
633 653 1
653 633 1
633 1033 1
1033 633 1
634 635 1
635 634 1
634 654 1
654 634 1
634 1034 1
1034 634 1
635 636 1
636 635 1
635 655 1
655 635 1
635 1035 1
1035 635 1
636 637 1
637 636 1
636 656 1
656 636 1
636 1036 1
1036 636 1
637 638 1
638 637 1
637 657 1
657 637 1
637 1037 1
1037 637 1
638 639 1
639 638 1
638 658 1
658 638 1
638 1038 1
1038 638 1
639 640 1
640 639 1
639 659 1
659 639 1
639 1039 1
1039 639 1
640 660 1
660 640 1
640 1040 1
1040 640 1
641 642 1
642 641 1
641 661 1
661 641 1
641 1041 1
1041 641 1
642 643 1
643 642 1
642 662 1
662 642 1
642 1042 1
1042 642 1
643 644 1
644 643 1
643 663 1
663 643 1
643 1043 1
1043 643 1
644 645 1
645 644 1
644 664 1
664 644 1
644 1044 1
1044 644 1
645 646 1
646 645 1
645 665 1
665 645 1
645 1045 1
1045 645 1
646 647 1
647 646 1
646 666 1
666 646 1
646 1046 1
1046 646 1
647 648 1
648 647 1
647 667 1
667 647 1
647 1047 1
1047 647 1
648 649 1
649 648 1
648 668 1
668 648 1
648 1048 1
1048 648 1
649 650 1
650 649 1
649 669 1
669 649 1
649 1049 1
1049 649 1
650 651 1
651 650 1
650 670 1
670 650 1
650 1050 1
1050 650 1
651 652 1
652 651 1
651 671 1
671 651 1
651 1051 1
1051 651 1
652 653 1
653 652 1
652 672 1
672 652 1
652 1052 1
1052 652 1
653 654 1
654 653 1
653 673 1
673 653 1
653 1053 1
1053 653 1
654 655 1
655 654 1
654 674 1
674 654 1
654 1054 1
1054 654 1
655 656 1
656 655 1
655 675 1
675 655 1
655 1055 1
1055 655 1
656 657 1
657 656 1
656 676 1
676 656 1
656 1056 1
1056 656 1
657 658 1
658 657 1
657 677 1
677 657 1
657 1057 1
1057 657 1
658 659 1
659 658 1
658 678 1
678 658 1
658 1058 1
1058 658 1
659 660 1
660 659 1
659 679 1
679 659 1
659 1059 1
1059 659 1
660 680 1
680 660 1
660 1060 1
1060 660 1
661 662 1
662 661 1
661 681 1
681 661 1
661 1061 1
1061 661 1
662 663 1
663 662 1
662 682 1
682 662 1
662 1062 1
1062 662 1
663 664 1
664 663 1
663 683 1
683 663 1
663 1063 1
1063 663 1
664 665 1
665 664 1
664 684 1
684 664 1
664 1064 1
1064 664 1
665 666 1
666 665 1
665 685 1
685 665 1
665 1065 1
1065 665 1
666 667 1
667 666 1
666 686 1
686 666 1
666 1066 1
1066 666 1
667 668 1
668 667 1
667 687 1
687 667 1
667 1067 1
1067 667 1
668 669 1
669 668 1
668 688 1
688 668 1
668 1068 1
1068 668 1
669 670 1
670 669 1
669 689 1
689 669 1
669 1069 1
1069 669 1
670 671 1
671 670 1
670 690 1
690 670 1
670 1070 1
1070 670 1
671 672 1
672 671 1
671 691 1
691 671 1
671 1071 1
1071 671 1
672 673 1
673 672 1
672 692 1
692 672 1
672 1072 1
1072 672 1
673 674 1
674 673 1
673 693 1
693 673 1
673 1073 1
1073 673 1
674 675 1
675 674 1
674 694 1
694 674 1
674 1074 1
1074 674 1
675 676 1
676 675 1
675 695 1
695 675 1
675 1075 1
1075 675 1
676 677 1
677 676 1
676 696 1
696 676 1
676 1076 1
1076 676 1
677 678 1
678 677 1
677 697 1
697 677 1
677 1077 1
1077 677 1
678 679 1
679 678 1
678 698 1
698 678 1
678 1078 1
1078 678 1
679 680 1
680 679 1
679 699 1
699 679 1
679 1079 1
1079 679 1
680 700 1
700 680 1
680 1080 1
1080 680 1
681 682 1
682 681 1
681 701 1
701 681 1
681 1081 1
1081 681 1
682 683 1
683 682 1
682 702 1
702 682 1
682 1082 1
1082 682 1
683 684 1
684 683 1
683 703 1
703 683 1
683 1083 1
1083 683 1
684 685 1
685 684 1
684 704 1
704 684 1
684 1084 1
1084 684 1
685 686 1
686 685 1
685 705 1
705 685 1
685 1085 1
1085 685 1
686 687 1
687 686 1
686 706 1
706 686 1
686 1086 1
1086 686 1
687 688 1
688 687 1
687 707 1
707 687 1
687 1087 1
1087 687 1
688 689 1
689 688 1
688 708 1
708 688 1
688 1088 1
1088 688 1
689 690 1
690 689 1
689 709 1
709 689 1
689 1089 1
1089 689 1
690 691 1
691 690 1
690 710 1
710 690 1
690 1090 1
1090 690 1
691 692 1
692 691 1
691 711 1
711 691 1
691 1091 1
1091 691 1
692 693 1
693 692 1
692 712 1
712 692 1
692 1092 1
1092 692 1
693 694 1
694 693 1
693 713 1
713 693 1
693 1093 1
1093 693 1
694 695 1
695 694 1
694 714 1
714 694 1
694 1094 1
1094 694 1
695 696 1
696 695 1
695 715 1
715 695 1
695 1095 1
1095 695 1
696 697 1
697 696 1
696 716 1
716 696 1
696 1096 1
1096 696 1
697 698 1
698 697 1
697 717 1
717 697 1
697 1097 1
1097 697 1
698 699 1
699 698 1
698 718 1
718 698 1
698 1098 1
1098 698 1
699 700 1
700 699 1
699 719 1
719 699 1
699 1099 1
1099 699 1
700 720 1
720 700 1
700 1100 1
1100 700 1
701 702 1
702 701 1
701 721 1
721 701 1
701 1101 1
1101 701 1
702 703 1
703 702 1
702 722 1
722 702 1
702 1102 1
1102 702 1
703 704 1
704 703 1
703 723 1
723 703 1
703 1103 1
1103 703 1
704 705 1
705 704 1
704 724 1
724 704 1
704 1104 1
1104 704 1
705 706 1
706 705 1
705 725 1
725 705 1
705 1105 1
1105 705 1
706 707 1
707 706 1
706 726 1
726 706 1
706 1106 1
1106 706 1
707 708 1
708 707 1
707 727 1
727 707 1
707 1107 1
1107 707 1
708 709 1
709 708 1
708 728 1
728 708 1
708 1108 1
1108 708 1
709 710 1
710 709 1
709 729 1
729 709 1
709 1109 1
1109 709 1
710 711 1
711 710 1
710 730 1
730 710 1
710 1110 1
1110 710 1
711 712 1
712 711 1
711 731 1
731 711 1
711 1111 1
1111 711 1
712 713 1
713 712 1
712 732 1
732 712 1
712 1112 1
1112 712 1
713 714 1
714 713 1
713 733 1
733 713 1
713 1113 1
1113 713 1
714 715 1
715 714 1
714 734 1
734 714 1
714 1114 1
1114 714 1
715 716 1
716 715 1
715 735 1
735 715 1
715 1115 1
1115 715 1
716 717 1
717 716 1
716 736 1
736 716 1
716 1116 1
1116 716 1
717 718 1
718 717 1
717 737 1
737 717 1
717 1117 1
1117 717 1
718 719 1
719 718 1
718 738 1
738 718 1
718 1118 1
1118 718 1
719 720 1
720 719 1
719 739 1
739 719 1
719 1119 1
1119 719 1
720 740 1
740 720 1
720 1120 1
1120 720 1
721 722 1
722 721 1
721 741 1
741 721 1
721 1121 1
1121 721 1
722 723 1
723 722 1
722 742 1
742 722 1
722 1122 1
1122 722 1
723 724 1
724 723 1
723 743 1
743 723 1
723 1123 1
1123 723 1
724 725 1
725 724 1
724 744 1
744 724 1
724 1124 1
1124 724 1
725 726 1
726 725 1
725 745 1
745 725 1
725 1125 1
1125 725 1
726 727 1
727 726 1
726 746 1
746 726 1
726 1126 1
1126 726 1
727 728 1
728 727 1
727 747 1
747 727 1
727 1127 1
1127 727 1
728 729 1
729 728 1
728 748 1
748 728 1
728 1128 1
1128 728 1
729 730 1
730 729 1
729 749 1
749 729 1
729 1129 1
1129 729 1
730 731 1
731 730 1
730 750 1
750 730 1
730 1130 1
1130 730 1
731 732 1
732 731 1
731 751 1
751 731 1
731 1131 1
1131 731 1
732 733 1
733 732 1
732 752 1
752 732 1
732 1132 1
1132 732 1
733 734 1
734 733 1
733 753 1
753 733 1
733 1133 1
1133 733 1
734 735 1
735 734 1
734 754 1
754 734 1
734 1134 1
1134 734 1
735 736 1
736 735 1
735 755 1
755 735 1
735 1135 1
1135 735 1
736 737 1
737 736 1
736 756 1
756 736 1
736 1136 1
1136 736 1
737 738 1
738 737 1
737 757 1
757 737 1
737 1137 1
1137 737 1
738 739 1
739 738 1
738 758 1
758 738 1
738 1138 1
1138 738 1
739 740 1
740 739 1
739 759 1
759 739 1
739 1139 1
1139 739 1
740 760 1
760 740 1
740 1140 1
1140 740 1
741 742 1
742 741 1
741 761 1
761 741 1
741 1141 1
1141 741 1
742 743 1
743 742 1
742 762 1
762 742 1
742 1142 1
1142 742 1
743 744 1
744 743 1
743 763 1
763 743 1
743 1143 1
1143 743 1
744 745 1
745 744 1
744 764 1
764 744 1
744 1144 1
1144 744 1
745 746 1
746 745 1
745 765 1
765 745 1
745 1145 1
1145 745 1
746 747 1
747 746 1
746 766 1
766 746 1
746 1146 1
1146 746 1
747 748 1
748 747 1
747 767 1
767 747 1
747 1147 1
1147 747 1
748 749 1
749 748 1
748 768 1
768 748 1
748 1148 1
1148 748 1
749 750 1
750 749 1
749 769 1
769 749 1
749 1149 1
1149 749 1
750 751 1
751 750 1
750 770 1
770 750 1
750 1150 1
1150 750 1
751 752 1
752 751 1
751 771 1
771 751 1
751 1151 1
1151 751 1
752 753 1
753 752 1
752 772 1
772 752 1
752 1152 1
1152 752 1
753 754 1
754 753 1
753 773 1
773 753 1
753 1153 1
1153 753 1
754 755 1
755 754 1
754 774 1
774 754 1
754 1154 1
1154 754 1
755 756 1
756 755 1
755 775 1
775 755 1
755 1155 1
1155 755 1
756 757 1
757 756 1
756 776 1
776 756 1
756 1156 1
1156 756 1
757 758 1
758 757 1
757 777 1
777 757 1
757 1157 1
1157 757 1
758 759 1
759 758 1
758 778 1
778 758 1
758 1158 1
1158 758 1
759 760 1
760 759 1
759 779 1
779 759 1
759 1159 1
1159 759 1
760 780 1
780 760 1
760 1160 1
1160 760 1
761 762 1
762 761 1
761 781 1
781 761 1
761 1161 1
1161 761 1
762 763 1
763 762 1
762 782 1
782 762 1
762 1162 1
1162 762 1
763 764 1
764 763 1
763 783 1
783 763 1
763 1163 1
1163 763 1
764 765 1
765 764 1
764 784 1
784 764 1
764 1164 1
1164 764 1
765 766 1
766 765 1
765 785 1
785 765 1
765 1165 1
1165 765 1
766 767 1
767 766 1
766 786 1
786 766 1
766 1166 1
1166 766 1
767 768 1
768 767 1
767 787 1
787 767 1
767 1167 1
1167 767 1
768 769 1
769 768 1
768 788 1
788 768 1
768 1168 1
1168 768 1
769 770 1
770 769 1
769 789 1
789 769 1
769 1169 1
1169 769 1
770 771 1
771 770 1
770 790 1
790 770 1
770 1170 1
1170 770 1
771 772 1
772 771 1
771 791 1
791 771 1
771 1171 1
1171 771 1
772 773 1
773 772 1
772 792 1
792 772 1
772 1172 1
1172 772 1
773 774 1
774 773 1
773 793 1
793 773 1
773 1173 1
1173 773 1
774 775 1
775 774 1
774 794 1
794 774 1
774 1174 1
1174 774 1
775 776 1
776 775 1
775 795 1
795 775 1
775 1175 1
1175 775 1
776 777 1
777 776 1
776 796 1
796 776 1
776 1176 1
1176 776 1
777 778 1
778 777 1
777 797 1
797 777 1
777 1177 1
1177 777 1
778 779 1
779 778 1
778 798 1
798 778 1
778 1178 1
1178 778 1
779 780 1
780 779 1
779 799 1
799 779 1
779 1179 1
1179 779 1
780 800 1
800 780 1
780 1180 1
1180 780 1
781 782 1
782 781 1
781 1181 1
1181 781 1
782 783 1
783 782 1
782 1182 1
1182 782 1
783 784 1
784 783 1
783 1183 1
1183 783 1
784 785 1
785 784 1
784 1184 1
1184 784 1
785 786 1
786 785 1
785 1185 1
1185 785 1
786 787 1
787 786 1
786 1186 1
1186 786 1
787 788 1
788 787 1
787 1187 1
1187 787 1
788 789 1
789 788 1
788 1188 1
1188 788 1
789 790 1
790 789 1
789 1189 1
1189 789 1
790 791 1
791 790 1
790 1190 1
1190 790 1
791 792 1
792 791 1
791 1191 1
1191 791 1
792 793 1
793 792 1
792 1192 1
1192 792 1
793 794 1
794 793 1
793 1193 1
1193 793 1
794 795 1
795 794 1
794 1194 1
1194 794 1
795 796 1
796 795 1
795 1195 1
1195 795 1
796 797 1
797 796 1
796 1196 1
1196 796 1
797 798 1
798 797 1
797 1197 1
1197 797 1
798 799 1
799 798 1
798 1198 1
1198 798 1
799 800 1
800 799 1
799 1199 1
1199 799 1
800 1200 1
1200 800 1
801 802 1
802 801 1
801 821 1
821 801 1
802 803 1
803 802 1
802 822 1
822 802 1
803 804 1
804 803 1
803 823 1
823 803 1
804 805 1
805 804 1
804 824 1
824 804 1
805 806 1
806 805 1
805 825 1
825 805 1
806 807 1
807 806 1
806 826 1
826 806 1
807 808 1
808 807 1
807 827 1
827 807 1
808 809 1
809 808 1
808 828 1
828 808 1
809 810 1
810 809 1
809 829 1
829 809 1
810 811 1
811 810 1
810 830 1
830 810 1
811 812 1
812 811 1
811 831 1
831 811 1
812 813 1
813 812 1
812 832 1
832 812 1
813 814 1
814 813 1
813 833 1
833 813 1
814 815 1
815 814 1
814 834 1
834 814 1
815 816 1
816 815 1
815 835 1
835 815 1
816 817 1
817 816 1
816 836 1
836 816 1
817 818 1
818 817 1
817 837 1
837 817 1
818 819 1
819 818 1
818 838 1
838 818 1
819 820 1
820 819 1
819 839 1
839 819 1
820 840 1
840 820 1
821 822 1
822 821 1
821 841 1
841 821 1
822 823 1
823 822 1
822 842 1
842 822 1
823 824 1
824 823 1
823 843 1
843 823 1
824 825 1
825 824 1
824 844 1
844 824 1
825 826 1
826 825 1
825 845 1
845 825 1
826 827 1
827 826 1
826 846 1
846 826 1
827 828 1
828 827 1
827 847 1
847 827 1
828 829 1
829 828 1
828 848 1
848 828 1
829 830 1
830 829 1
829 849 1
849 829 1
830 831 1
831 830 1
830 850 1
850 830 1
831 832 1
832 831 1
831 851 1
851 831 1
832 833 1
833 832 1
832 852 1
852 832 1
833 834 1
834 833 1
833 853 1
853 833 1
834 835 1
835 834 1
834 854 1
854 834 1
835 836 1
836 835 1
835 855 1
855 835 1
836 837 1
837 836 1
836 856 1
856 836 1
837 838 1
838 837 1
837 857 1
857 837 1
838 839 1
839 838 1
838 858 1
858 838 1
839 840 1
840 839 1
839 859 1
859 839 1
840 860 1
860 840 1
841 842 1
842 841 1
841 861 1
861 841 1
842 843 1
843 842 1
842 862 1
862 842 1
843 844 1
844 843 1
843 863 1
863 843 1
844 845 1
845 844 1
844 864 1
864 844 1
845 846 1
846 845 1
845 865 1
865 845 1
846 847 1
847 846 1
846 866 1
866 846 1
847 848 1
848 847 1
847 867 1
867 847 1
848 849 1
849 848 1
848 868 1
868 848 1
849 850 1
850 849 1
849 869 1
869 849 1
850 851 1
851 850 1
850 870 1
870 850 1
851 852 1
852 851 1
851 871 1
871 851 1
852 853 1
853 852 1
852 872 1
872 852 1
853 854 1
854 853 1
853 873 1
873 853 1
854 855 1
855 854 1
854 874 1
874 854 1
855 856 1
856 855 1
855 875 1
875 855 1
856 857 1
857 856 1
856 876 1
876 856 1
857 858 1
858 857 1
857 877 1
877 857 1
858 859 1
859 858 1
858 878 1
878 858 1
859 860 1
860 859 1
859 879 1
879 859 1
860 880 1
880 860 1
861 862 1
862 861 1
861 881 1
881 861 1
862 863 1
863 862 1
862 882 1
882 862 1
863 864 1
864 863 1
863 883 1
883 863 1
864 865 1
865 864 1
864 884 1
884 864 1
865 866 1
866 865 1
865 885 1
885 865 1
866 867 1
867 866 1
866 886 1
886 866 1
867 868 1
868 867 1
867 887 1
887 867 1
868 869 1
869 868 1
868 888 1
888 868 1
869 870 1
870 869 1
869 889 1
889 869 1
870 871 1
871 870 1
870 890 1
890 870 1
871 872 1
872 871 1
871 891 1
891 871 1
872 873 1
873 872 1
872 892 1
892 872 1
873 874 1
874 873 1
873 893 1
893 873 1
874 875 1
875 874 1
874 894 1
894 874 1
875 876 1
876 875 1
875 895 1
895 875 1
876 877 1
877 876 1
876 896 1
896 876 1
877 878 1
878 877 1
877 897 1
897 877 1
878 879 1
879 878 1
878 898 1
898 878 1
879 880 1
880 879 1
879 899 1
899 879 1
880 900 1
900 880 1
881 882 1
882 881 1
881 901 1
901 881 1
882 883 1
883 882 1
882 902 1
902 882 1
883 884 1
884 883 1
883 903 1
903 883 1
884 885 1
885 884 1
884 904 1
904 884 1
885 886 1
886 885 1
885 905 1
905 885 1
886 887 1
887 886 1
886 906 1
906 886 1
887 888 1
888 887 1
887 907 1
907 887 1
888 889 1
889 888 1
888 908 1
908 888 1
889 890 1
890 889 1
889 909 1
909 889 1
890 891 1
891 890 1
890 910 1
910 890 1
891 892 1
892 891 1
891 911 1
911 891 1
892 893 1
893 892 1
892 912 1
912 892 1
893 894 1
894 893 1
893 913 1
913 893 1
894 895 1
895 894 1
894 914 1
914 894 1
895 896 1
896 895 1
895 915 1
915 895 1
896 897 1
897 896 1
896 916 1
916 896 1
897 898 1
898 897 1
897 917 1
917 897 1
898 899 1
899 898 1
898 918 1
918 898 1
899 900 1
900 899 1
899 919 1
919 899 1
900 920 1
920 900 1
901 902 1
902 901 1
901 921 1
921 901 1
902 903 1
903 902 1
902 922 1
922 902 1
903 904 1
904 903 1
903 923 1
923 903 1
904 905 1
905 904 1
904 924 1
924 904 1
905 906 1
906 905 1
905 925 1
925 905 1
906 907 1
907 906 1
906 926 1
926 906 1
907 908 1
908 907 1
907 927 1
927 907 1
908 909 1
909 908 1
908 928 1
928 908 1
909 910 1
910 909 1
909 929 1
929 909 1
910 911 1
911 910 1
910 930 1
930 910 1
911 912 1
912 911 1
911 931 1
931 911 1
912 913 1
913 912 1
912 932 1
932 912 1
913 914 1
914 913 1
913 933 1
933 913 1
914 915 1
915 914 1
914 934 1
934 914 1
915 916 1
916 915 1
915 935 1
935 915 1
916 917 1
917 916 1
916 936 1
936 916 1
917 918 1
918 917 1
917 937 1
937 917 1
918 919 1
919 918 1
918 938 1
938 918 1
919 920 1
920 919 1
919 939 1
939 919 1
920 940 1
940 920 1
921 922 1
922 921 1
921 941 1
941 921 1
922 923 1
923 922 1
922 942 1
942 922 1
923 924 1
924 923 1
923 943 1
943 923 1
924 925 1
925 924 1
924 944 1
944 924 1
925 926 1
926 925 1
925 945 1
945 925 1
926 927 1
927 926 1
926 946 1
946 926 1
927 928 1
928 927 1
927 947 1
947 927 1
928 929 1
929 928 1
928 948 1
948 928 1
929 930 1
930 929 1
929 949 1
949 929 1
930 931 1
931 930 1
930 950 1
950 930 1
931 932 1
932 931 1
931 951 1
951 931 1
932 933 1
933 932 1
932 952 1
952 932 1
933 934 1
934 933 1
933 953 1
953 933 1
934 935 1
935 934 1
934 954 1
954 934 1
935 936 1
936 935 1
935 955 1
955 935 1
936 937 1
937 936 1
936 956 1
956 936 1
937 938 1
938 937 1
937 957 1
957 937 1
938 939 1
939 938 1
938 958 1
958 938 1
939 940 1
940 939 1
939 959 1
959 939 1
940 960 1
960 940 1
941 942 1
942 941 1
941 961 1
961 941 1
942 943 1
943 942 1
942 962 1
962 942 1
943 944 1
944 943 1
943 963 1
963 943 1
944 945 1
945 944 1
944 964 1
964 944 1
945 946 1
946 945 1
945 965 1
965 945 1
946 947 1
947 946 1
946 966 1
966 946 1
947 948 1
948 947 1
947 967 1
967 947 1
948 949 1
949 948 1
948 968 1
968 948 1
949 950 1
950 949 1
949 969 1
969 949 1
950 951 1
951 950 1
950 970 1
970 950 1
951 952 1
952 951 1
951 971 1
971 951 1
952 953 1
953 952 1
952 972 1
972 952 1
953 954 1
954 953 1
953 973 1
973 953 1
954 955 1
955 954 1
954 974 1
974 954 1
955 956 1
956 955 1
955 975 1
975 955 1
956 957 1
957 956 1
956 976 1
976 956 1
957 958 1
958 957 1
957 977 1
977 957 1
958 959 1
959 958 1
958 978 1
978 958 1
959 960 1
960 959 1
959 979 1
979 959 1
960 980 1
980 960 1
961 962 1
962 961 1
961 981 1
981 961 1
962 963 1
963 962 1
962 982 1
982 962 1
963 964 1
964 963 1
963 983 1
983 963 1
964 965 1
965 964 1
964 984 1
984 964 1
965 966 1
966 965 1
965 985 1
985 965 1
966 967 1
967 966 1
966 986 1
986 966 1
967 968 1
968 967 1
967 987 1
987 967 1
968 969 1
969 968 1
968 988 1
988 968 1
969 970 1
970 969 1
969 989 1
989 969 1
970 971 1
971 970 1
970 990 1
990 970 1
971 972 1
972 971 1
971 991 1
991 971 1
972 973 1
973 972 1
972 992 1
992 972 1
973 974 1
974 973 1
973 993 1
993 973 1
974 975 1
975 974 1
974 994 1
994 974 1
975 976 1
976 975 1
975 995 1
995 975 1
976 977 1
977 976 1
976 996 1
996 976 1
977 978 1
978 977 1
977 997 1
997 977 1
978 979 1
979 978 1
978 998 1
998 978 1
979 980 1
980 979 1
979 999 1
999 979 1
980 1000 1
1000 980 1
981 982 1
982 981 1
981 1001 1
1001 981 1
982 983 1
983 982 1
982 1002 1
1002 982 1
983 984 1
984 983 1
983 1003 1
1003 983 1
984 985 1
985 984 1
984 1004 1
1004 984 1
985 986 1
986 985 1
985 1005 1
1005 985 1
986 987 1
987 986 1
986 1006 1
1006 986 1
987 988 1
988 987 1
987 1007 1
1007 987 1
988 989 1
989 988 1
988 1008 1
1008 988 1
989 990 1
990 989 1
989 1009 1
1009 989 1
990 991 1
991 990 1
990 1010 1
1010 990 1
991 992 1
992 991 1
991 1011 1
1011 991 1
992 993 1
993 992 1
992 1012 1
1012 992 1
993 994 1
994 993 1
993 1013 1
1013 993 1
994 995 1
995 994 1
994 1014 1
1014 994 1
995 996 1
996 995 1
995 1015 1
1015 995 1
996 997 1
997 996 1
996 1016 1
1016 996 1
997 998 1
998 997 1
997 1017 1
1017 997 1
998 999 1
999 998 1
998 1018 1
1018 998 1
999 1000 1
1000 999 1
999 1019 1
1019 999 1
1000 1020 1
1020 1000 1
1001 1002 1
1002 1001 1
1001 1021 1
1021 1001 1
1002 1003 1
1003 1002 1
1002 1022 1
1022 1002 1
1003 1004 1
1004 1003 1
1003 1023 1
1023 1003 1
1004 1005 1
1005 1004 1
1004 1024 1
1024 1004 1
1005 1006 1
1006 1005 1
1005 1025 1
1025 1005 1
1006 1007 1
1007 1006 1
1006 1026 1
1026 1006 1
1007 1008 1
1008 1007 1
1007 1027 1
1027 1007 1
1008 1009 1
1009 1008 1
1008 1028 1
1028 1008 1
1009 1010 1
1010 1009 1
1009 1029 1
1029 1009 1
1010 1011 1
1011 1010 1
1010 1030 1
1030 1010 1
1011 1012 1
1012 1011 1
1011 1031 1
1031 1011 1
1012 1013 1
1013 1012 1
1012 1032 1
1032 1012 1
1013 1014 1
1014 1013 1
1013 1033 1
1033 1013 1
1014 1015 1
1015 1014 1
1014 1034 1
1034 1014 1
1015 1016 1
1016 1015 1
1015 1035 1
1035 1015 1
1016 1017 1
1017 1016 1
1016 1036 1
1036 1016 1
1017 1018 1
1018 1017 1
1017 1037 1
1037 1017 1
1018 1019 1
1019 1018 1
1018 1038 1
1038 1018 1
1019 1020 1
1020 1019 1
1019 1039 1
1039 1019 1
1020 1040 1
1040 1020 1
1021 1022 1
1022 1021 1
1021 1041 1
1041 1021 1
1022 1023 1
1023 1022 1
1022 1042 1
1042 1022 1
1023 1024 1
1024 1023 1
1023 1043 1
1043 1023 1
1024 1025 1
1025 1024 1
1024 1044 1
1044 1024 1
1025 1026 1
1026 1025 1
1025 1045 1
1045 1025 1
1026 1027 1
1027 1026 1
1026 1046 1
1046 1026 1
1027 1028 1
1028 1027 1
1027 1047 1
1047 1027 1
1028 1029 1
1029 1028 1
1028 1048 1
1048 1028 1
1029 1030 1
1030 1029 1
1029 1049 1
1049 1029 1
1030 1031 1
1031 1030 1
1030 1050 1
1050 1030 1
1031 1032 1
1032 1031 1
1031 1051 1
1051 1031 1
1032 1033 1
1033 1032 1
1032 1052 1
1052 1032 1
1033 1034 1
1034 1033 1
1033 1053 1
1053 1033 1
1034 1035 1
1035 1034 1
1034 1054 1
1054 1034 1
1035 1036 1
1036 1035 1
1035 1055 1
1055 1035 1
1036 1037 1
1037 1036 1
1036 1056 1
1056 1036 1
1037 1038 1
1038 1037 1
1037 1057 1
1057 1037 1
1038 1039 1
1039 1038 1
1038 1058 1
1058 1038 1
1039 1040 1
1040 1039 1
1039 1059 1
1059 1039 1
1040 1060 1
1060 1040 1
1041 1042 1
1042 1041 1
1041 1061 1
1061 1041 1
1042 1043 1
1043 1042 1
1042 1062 1
1062 1042 1
1043 1044 1
1044 1043 1
1043 1063 1
1063 1043 1
1044 1045 1
1045 1044 1
1044 1064 1
1064 1044 1
1045 1046 1
1046 1045 1
1045 1065 1
1065 1045 1
1046 1047 1
1047 1046 1
1046 1066 1
1066 1046 1
1047 1048 1
1048 1047 1
1047 1067 1
1067 1047 1
1048 1049 1
1049 1048 1
1048 1068 1
1068 1048 1
1049 1050 1
1050 1049 1
1049 1069 1
1069 1049 1
1050 1051 1
1051 1050 1
1050 1070 1
1070 1050 1
1051 1052 1
1052 1051 1
1051 1071 1
1071 1051 1
1052 1053 1
1053 1052 1
1052 1072 1
1072 1052 1
1053 1054 1
1054 1053 1
1053 1073 1
1073 1053 1
1054 1055 1
1055 1054 1
1054 1074 1
1074 1054 1
1055 1056 1
1056 1055 1
1055 1075 1
1075 1055 1
1056 1057 1
1057 1056 1
1056 1076 1
1076 1056 1
1057 1058 1
1058 1057 1
1057 1077 1
1077 1057 1
1058 1059 1
1059 1058 1
1058 1078 1
1078 1058 1
1059 1060 1
1060 1059 1
1059 1079 1
1079 1059 1
1060 1080 1
1080 1060 1
1061 1062 1
1062 1061 1
1061 1081 1
1081 1061 1
1062 1063 1
1063 1062 1
1062 1082 1
1082 1062 1
1063 1064 1
1064 1063 1
1063 1083 1
1083 1063 1
1064 1065 1
1065 1064 1
1064 1084 1
1084 1064 1
1065 1066 1
1066 1065 1
1065 1085 1
1085 1065 1
1066 1067 1
1067 1066 1
1066 1086 1
1086 1066 1
1067 1068 1
1068 1067 1
1067 1087 1
1087 1067 1
1068 1069 1
1069 1068 1
1068 1088 1
1088 1068 1
1069 1070 1
1070 1069 1
1069 1089 1
1089 1069 1
1070 1071 1
1071 1070 1
1070 1090 1
1090 1070 1
1071 1072 1
1072 1071 1
1071 1091 1
1091 1071 1
1072 1073 1
1073 1072 1
1072 1092 1
1092 1072 1
1073 1074 1
1074 1073 1
1073 1093 1
1093 1073 1
1074 1075 1
1075 1074 1
1074 1094 1
1094 1074 1
1075 1076 1
1076 1075 1
1075 1095 1
1095 1075 1
1076 1077 1
1077 1076 1
1076 1096 1
1096 1076 1
1077 1078 1
1078 1077 1
1077 1097 1
1097 1077 1
1078 1079 1
1079 1078 1
1078 1098 1
1098 1078 1
1079 1080 1
1080 1079 1
1079 1099 1
1099 1079 1
1080 1100 1
1100 1080 1
1081 1082 1
1082 1081 1
1081 1101 1
1101 1081 1
1082 1083 1
1083 1082 1
1082 1102 1
1102 1082 1
1083 1084 1
1084 1083 1
1083 1103 1
1103 1083 1
1084 1085 1
1085 1084 1
1084 1104 1
1104 1084 1
1085 1086 1
1086 1085 1
1085 1105 1
1105 1085 1
1086 1087 1
1087 1086 1
1086 1106 1
1106 1086 1
1087 1088 1
1088 1087 1
1087 1107 1
1107 1087 1
1088 1089 1
1089 1088 1
1088 1108 1
1108 1088 1
1089 1090 1
1090 1089 1
1089 1109 1
1109 1089 1
1090 1091 1
1091 1090 1
1090 1110 1
1110 1090 1
1091 1092 1
1092 1091 1
1091 1111 1
1111 1091 1
1092 1093 1
1093 1092 1
1092 1112 1
1112 1092 1
1093 1094 1
1094 1093 1
1093 1113 1
1113 1093 1
1094 1095 1
1095 1094 1
1094 1114 1
1114 1094 1
1095 1096 1
1096 1095 1
1095 1115 1
1115 1095 1
1096 1097 1
1097 1096 1
1096 1116 1
1116 1096 1
1097 1098 1
1098 1097 1
1097 1117 1
1117 1097 1
1098 1099 1
1099 1098 1
1098 1118 1
1118 1098 1
1099 1100 1
1100 1099 1
1099 1119 1
1119 1099 1
1100 1120 1
1120 1100 1
1101 1102 1
1102 1101 1
1101 1121 1
1121 1101 1
1102 1103 1
1103 1102 1
1102 1122 1
1122 1102 1
1103 1104 1
1104 1103 1
1103 1123 1
1123 1103 1
1104 1105 1
1105 1104 1
1104 1124 1
1124 1104 1
1105 1106 1
1106 1105 1
1105 1125 1
1125 1105 1
1106 1107 1
1107 1106 1
1106 1126 1
1126 1106 1
1107 1108 1
1108 1107 1
1107 1127 1
1127 1107 1
1108 1109 1
1109 1108 1
1108 1128 1
1128 1108 1
1109 1110 1
1110 1109 1
1109 1129 1
1129 1109 1
1110 1111 1
1111 1110 1
1110 1130 1
1130 1110 1
1111 1112 1
1112 1111 1
1111 1131 1
1131 1111 1
1112 1113 1
1113 1112 1
1112 1132 1
1132 1112 1
1113 1114 1
1114 1113 1
1113 1133 1
1133 1113 1
1114 1115 1
1115 1114 1
1114 1134 1
1134 1114 1
1115 1116 1
1116 1115 1
1115 1135 1
1135 1115 1
1116 1117 1
1117 1116 1
1116 1136 1
1136 1116 1
1117 1118 1
1118 1117 1
1117 1137 1
1137 1117 1
1118 1119 1
1119 1118 1
1118 1138 1
1138 1118 1
1119 1120 1
1120 1119 1
1119 1139 1
1139 1119 1
1120 1140 1
1140 1120 1
1121 1122 1
1122 1121 1
1121 1141 1
1141 1121 1
1122 1123 1
1123 1122 1
1122 1142 1
1142 1122 1
1123 1124 1
1124 1123 1
1123 1143 1
1143 1123 1
1124 1125 1
1125 1124 1
1124 1144 1
1144 1124 1
1125 1126 1
1126 1125 1
1125 1145 1
1145 1125 1
1126 1127 1
1127 1126 1
1126 1146 1
1146 1126 1
1127 1128 1
1128 1127 1
1127 1147 1
1147 1127 1
1128 1129 1
1129 1128 1
1128 1148 1
1148 1128 1
1129 1130 1
1130 1129 1
1129 1149 1
1149 1129 1
1130 1131 1
1131 1130 1
1130 1150 1
1150 1130 1
1131 1132 1
1132 1131 1
1131 1151 1
1151 1131 1
1132 1133 1
1133 1132 1
1132 1152 1
1152 1132 1
1133 1134 1
1134 1133 1
1133 1153 1
1153 1133 1
1134 1135 1
1135 1134 1
1134 1154 1
1154 1134 1
1135 1136 1
1136 1135 1
1135 1155 1
1155 1135 1
1136 1137 1
1137 1136 1
1136 1156 1
1156 1136 1
1137 1138 1
1138 1137 1
1137 1157 1
1157 1137 1
1138 1139 1
1139 1138 1
1138 1158 1
1158 1138 1
1139 1140 1
1140 1139 1
1139 1159 1
1159 1139 1
1140 1160 1
1160 1140 1
1141 1142 1
1142 1141 1
1141 1161 1
1161 1141 1
1142 1143 1
1143 1142 1
1142 1162 1
1162 1142 1
1143 1144 1
1144 1143 1
1143 1163 1
1163 1143 1
1144 1145 1
1145 1144 1
1144 1164 1
1164 1144 1
1145 1146 1
1146 1145 1
1145 1165 1
1165 1145 1
1146 1147 1
1147 1146 1
1146 1166 1
1166 1146 1
1147 1148 1
1148 1147 1
1147 1167 1
1167 1147 1
1148 1149 1
1149 1148 1
1148 1168 1
1168 1148 1
1149 1150 1
1150 1149 1
1149 1169 1
1169 1149 1
1150 1151 1
1151 1150 1
1150 1170 1
1170 1150 1
1151 1152 1
1152 1151 1
1151 1171 1
1171 1151 1
1152 1153 1
1153 1152 1
1152 1172 1
1172 1152 1
1153 1154 1
1154 1153 1
1153 1173 1
1173 1153 1
1154 1155 1
1155 1154 1
1154 1174 1
1174 1154 1
1155 1156 1
1156 1155 1
1155 1175 1
1175 1155 1
1156 1157 1
1157 1156 1
1156 1176 1
1176 1156 1
1157 1158 1
1158 1157 1
1157 1177 1
1177 1157 1
1158 1159 1
1159 1158 1
1158 1178 1
1178 1158 1
1159 1160 1
1160 1159 1
1159 1179 1
1179 1159 1
1160 1180 1
1180 1160 1
1161 1162 1
1162 1161 1
1161 1181 1
1181 1161 1
1162 1163 1
1163 1162 1
1162 1182 1
1182 1162 1
1163 1164 1
1164 1163 1
1163 1183 1
1183 1163 1
1164 1165 1
1165 1164 1
1164 1184 1
1184 1164 1
1165 1166 1
1166 1165 1
1165 1185 1
1185 1165 1
1166 1167 1
1167 1166 1
1166 1186 1
1186 1166 1
1167 1168 1
1168 1167 1
1167 1187 1
1187 1167 1
1168 1169 1
1169 1168 1
1168 1188 1
1188 1168 1
1169 1170 1
1170 1169 1
1169 1189 1
1189 1169 1
1170 1171 1
1171 1170 1
1170 1190 1
1190 1170 1
1171 1172 1
1172 1171 1
1171 1191 1
1191 1171 1
1172 1173 1
1173 1172 1
1172 1192 1
1192 1172 1
1173 1174 1
1174 1173 1
1173 1193 1
1193 1173 1
1174 1175 1
1175 1174 1
1174 1194 1
1194 1174 1
1175 1176 1
1176 1175 1
1175 1195 1
1195 1175 1
1176 1177 1
1177 1176 1
1176 1196 1
1196 1176 1
1177 1178 1
1178 1177 1
1177 1197 1
1197 1177 1
1178 1179 1
1179 1178 1
1178 1198 1
1198 1178 1
1179 1180 1
1180 1179 1
1179 1199 1
1199 1179 1
1180 1200 1
1200 1180 1
1181 1182 1
1182 1181 1
1182 1183 1
1183 1182 1
1183 1184 1
1184 1183 1
1184 1185 1
1185 1184 1
1185 1186 1
1186 1185 1
1186 1187 1
1187 1186 1
1187 1188 1
1188 1187 1
1188 1189 1
1189 1188 1
1189 1190 1
1190 1189 1
1190 1191 1
1191 1190 1
1191 1192 1
1192 1191 1
1192 1193 1
1193 1192 1
1193 1194 1
1194 1193 1
1194 1195 1
1195 1194 1
1195 1196 1
1196 1195 1
1196 1197 1
1197 1196 1
1197 1198 1
1198 1197 1
1198 1199 1
1199 1198 1
1199 1200 1
1200 1199 1
