# Cost: 1039

# Tail Head Net
 40  41 1
 41  42 1
 42  43 1
 43  44 1
 44  45 1
 45  46 1
 46  47 1
 47  48 1
 48  49 1
 49  50 1
 50  51 1
 51 131 1
131 132 1
132 133 1
133 134 1
134 135 1
135 136 1
136 137 1
137 138 1
138 139 1
139 140 1
140 141 1
141 142 1
142 143 1
143 144 1
144 145 1
145 146 1
146 147 1
147 148 1
148 149 1
149 150 1
150 151 1
151 152 1
152 153 1
153 233 1
233 234 1
234 314 1
314 315 1
315 316 1
316 317 1
317 318 1
318 319 1
319 320 1
320 400 1
400 480 1
6322 6323 2
6323 6324 2
6324 6325 2
6325 6326 2
6326 6327 2
6327 6328 2
6328 6329 2
6329 6330 2
6330 6331 2
6331 6332 2
6332 6333 2
6333 6334 2
6334 6335 2
6335 6336 2
6336 6337 2
6337 6338 2
6338 6339 2
6339 6340 2
6340 6341 2
6341 6342 2
6342 6343 2
6343 6344 2
6067 6147 3
6068 6067 3
6069 6068 3
6070 6069 3
6071 6070 3
6072 6071 3
6073 6072 3
6074 6073 3
6075 6074 3
6076 6075 3
6077 6076 3
6078 6077 3
6079 6078 3
6080 6079 3
6139 6219 3
6140 6139 3
6141 6140 3
6142 6141 3
6143 6142 3
6144 6143 3
6145 6144 3
6146 6145 3
6147 6146 3
6219 6299 3
6298 6378 3
6299 6298 3
6373 6372 3
6374 6373 3
6375 6374 3
6376 6375 3
6377 6376 3
6378 6377 3
1601 1521 4
1681 1601 4
1761 1681 4
1841 1761 4
1921 1841 4
2001 1921 4
2081 2001 4
2161 2081 4
2241 2161 4
2321 2241 4
2401 2321 4
2481 2401 4
2561 2481 4
2641 2561 4
2721 2641 4
 27  26 5
107  27 5
187 107 5
267 187 5
347 267 5
427 347 5
507 427 5
587 507 5
667 587 5
747 667 5
827 747 5
907 827 5
987 907 5
1067 987 5
1147 1067 5
1227 1147 5
1307 1227 5
1387 1307 5
1467 1387 5
1547 1467 5
1627 1547 5
1707 1627 5
1787 1707 5
1867 1787 5
1947 1867 5
2027 1947 5
2107 2027 5
2187 2107 5
2267 2187 5
2347 2267 5
2427 2347 5
2507 2427 5
2587 2507 5
2667 2587 5
2747 2667 5
2827 2747 5
2907 2827 5
2987 2907 5
3067 2987 5
3147 3067 5
3227 3147 5
3307 3227 5
3387 3307 5
3467 3387 5
3547 3467 5
3627 3547 5
3707 3627 5
3787 3707 5
3867 3787 5
3947 3867 5
4027 3947 5
4107 4027 5
4187 4107 5
4267 4187 5
4347 4267 5
4427 4347 5
4507 4427 5
4587 4507 5
4667 4587 5
4747 4667 5
4827 4747 5
4907 4827 5
4987 4907 5
5067 4987 5
5147 5067 5
5227 5147 5
5307 5227 5
5387 5307 5
5467 5387 5
5547 5467 5
5627 5547 5
5707 5627 5
5787 5707 5
5867 5787 5
5947 5867 5
6027 5947 5
6107 6027 5
6187 6107 5
6267 6187 5
6347 6267 5
5601 5521 6
5681 5601 6
5761 5681 6
5841 5761 6
5921 5841 6
6001 5921 6
6081 6001 6
  2   3 7
  3   4 7
  4   5 7
  5   6 7
  6   7 7
  7   8 7
  8   9 7
  9  10 7
 10  11 7
 11  12 7
 12  13 7
 13  14 7
 14  15 7
 15  16 7
 16  17 7
 17  18 7
 18  19 7
11841 5441 8
11921 11841 8
12001 11921 8
12081 12001 8
12161 12081 8
12241 12161 8
12321 12241 8
12401 12321 8
12481 12401 8
12561 12481 8
12641 12561 8
6385 12785 8
6386 6385 8
6387 6386 8
6388 6387 8
6389 6388 8
6390 6389 8
6391 6390 8
6392 6391 8
6393 6392 8
6394 6393 8
6395 6394 8
6396 6395 8
6397 6396 8
12721 12641 8
12722 12721 8
12723 12722 8
12724 12723 8
12725 12724 8
12726 12725 8
12727 12726 8
12728 12727 8
12729 12728 8
12730 12729 8
12731 12730 8
12732 12731 8
12733 12732 8
12734 12733 8
12735 12734 8
12736 12735 8
12737 12736 8
12738 12737 8
12739 12738 8
12740 12739 8
12741 12740 8
12742 12741 8
12743 12742 8
12744 12743 8
12745 12744 8
12746 12745 8
12747 12746 8
12748 12747 8
12749 12748 8
12750 12749 8
12751 12750 8
12752 12751 8
12753 12752 8
12754 12753 8
12755 12754 8
12756 12755 8
12757 12756 8
12758 12757 8
12759 12758 8
12760 12759 8
12761 12760 8
12762 12761 8
12763 12762 8
12764 12763 8
12765 12764 8
12766 12765 8
12767 12766 8
12768 12767 8
12769 12768 8
12770 12769 8
12771 12770 8
12772 12771 8
12773 12772 8
12774 12773 8
12775 12774 8
12776 12775 8
12777 12776 8
12778 12777 8
12779 12778 8
12780 12779 8
12781 12780 8
12782 12781 8
12783 12782 8
12784 12783 8
12785 12784 8
2000 2080 9
2080 2160 9
2160 2240 9
2240 2320 9
2320 2400 9
2400 2480 9
2480 2560 9
2560 2640 9
2640 2720 9
2720 2800 9
2800 2880 9
2880 2960 9
2960 3040 9
3040 3120 9
3120 3200 9
3200 3280 9
3280 3360 9
3360 3440 9
3440 3520 9
3520 3600 9
3600 3680 9
3680 3760 9
3760 3840 9
3840 3920 9
3920 4000 9
4000 4080 9
4080 4160 9
4160 4240 9
4240 4320 9
4320 4400 9
4400 4480 9
4480 4560 9
4560 4640 9
4640 4720 9
4720 4800 9
4800 4880 9
4880 4960 9
4960 5040 9
5040 5120 9
5120 5200 9
5200 5280 9
5280 5360 9
5360 5440 9
5440 5520 9
5520 5600 9
5600 5680 9
6401 6402 10
6402 6403 10
6403 6404 10
6404 6405 10
6405 6406 10
6406 6407 10
6407 6408 10
6408 6409 10
6409 6410 10
6410 6411 10
6411 6412 10
6412 6413 10
6413 6414 10
6414 6415 10
6415 6416 10
6416 6417 10
6417 6418 10
6418 6419 10
6419 6420 10
6420 6421 10
6421 6422 10
6422 6423 10
6423 6424 10
6424 6425 10
6425 6426 10
6426 6427 10
6427 6428 10
6428  28 10
6481 6401 10
6561 6481 10
6641 6561 10
6721 6641 10
6801 6721 10
6881 6801 10
6961 6881 10
7041 6961 10
7121 7041 10
7201 7121 10
7281 7201 10
7361 7281 10
7441 7361 10
7521 7441 10
7601 7521 10
7681 7601 10
7761 7681 10
7841 7761 10
7921 7841 10
8001 7921 10
8081 8001 10
8161 8081 10
8241 8161 10
8321 8241 10
8401 8321 10
8481 8401 10
8561 8481 10
8641 8561 10
8721 8641 10
8801 8721 10
8881 8801 10
8961 8881 10
9041 8961 10
9121 9041 10
9201 9121 10
9281 9201 10
9361 9281 10
9441 9361 10
9521 9441 10
9601 9521 10
9681 9601 10
9761 9681 10
9841 9761 10
9921 9841 10
10001 9921 10
10081 10001 10
10161 10081 10
10241 10161 10
10321 10241 10
10401 10321 10
10481 10401 10
10561 10481 10
10641 10561 10
10721 10641 10
10801 10721 10
10881 10801 10
4641 11041 10
10961 10881 10
11041 10961 10
2801 2881 11
2881 2882 11
2882 2962 11
2962 3042 11
3042 3122 11
3122 3202 11
3202 3282 11
3282 3362 11
3362 3442 11
3442 3522 11
3522 3602 11
3602 3682 11
3682 3762 11
3762 3842 11
3842 3922 11
3922 4002 11
4002 4082 11
4082 4162 11
4162 4242 11
4242 4322 11
4322 4402 11
4402 4482 11
4482 4562 11
4562 4642 11
4642 4722 11
4722 4802 11
4802 4882 11
4882 4962 11
4962 5042 11
5042 5122 11
5122 5202 11
5202 5282 11
5282 5362 11
5362 5442 11
5442 5522 11
5522 5602 11
5602 5682 11
5682 5762 11
5762 5842 11
5842 5922 11
5922 6002 11
6002 6082 11
6082 6162 11
6161 6241 11
6162 6161 11
6241 6321 11
6429 6509 12
6430 6429 12
6431 6430 12
6432 6431 12
6433 6432 12
6434 6433 12
6435 6434 12
6436 6435 12
6437 6436 12
6438 6437 12
6439 6438 12
6440 6439 12
6441 6440 12
6442 6441 12
6443 6442 12
6444 6443 12
6445 6444 12
6446 6445 12
6447 6446 12
6448 6447 12
6449 6448 12
6450 6449 12
 52 6452 12
6451 6450 12
 53  52 12
6452 6451 12
 54  53 12
 55  54 12
 56  55 12
 57  56 12
 58  57 12
 59  58 12
 60  59 12
 61  60 12
6507 6587 12
6508 6507 12
6509 6508 12
6587 6667 12
6667 6747 12
6747 6827 12
6827 6907 12
6907 6987 12
6987 7067 12
7067 7147 12
7147 7227 12
7227 7307 12
7307 7387 12
7387 7467 12
7467 7547 12
7547 7627 12
1282 1362 12
1283 1282 12
1284 1283 12
1285 1284 12
1286 1285 12
1287 1286 12
1288 1287 12
1289 1288 12
1290 1289 12
1291 1290 12
1292 1291 12
1293 1292 12
1294 1293 12
1295 1294 12
1296 1295 12
1297 1296 12
1298 1297 12
1299 1298 12
1300 1299 12
1301 1300 12
1302 1301 12
7627 7707 12
1361 1441 12
1362 1361 12
7702 1302 12
7703 7702 12
7704 7703 12
7705 7704 12
7706 7705 12
7707 7706 12
6466  66 13
6546 6466 13
6626 6546 13
6706 6626 13
6786 6706 13
6866 6786 13
6946 6866 13
7026 6946 13
7106 7026 13
7186 7106 13
7266 7186 13
7346 7266 13
7426 7346 13
7506 7426 13
7586 7506 13
7666 7586 13
7746 7666 13
7826 7746 13
7906 7826 13
7986 7906 13
8066 7986 13
8146 8066 13
8226 8146 13
8306 8226 13
8386 8306 13
8466 8386 13
8546 8466 13
8626 8546 13
8706 8626 13
8786 8706 13
8866 8786 13
8946 8866 13
9026 8946 13
9106 9026 13
9186 9106 13
9266 9186 13
9346 9266 13
9426 9346 13
9506 9426 13
9586 9506 13
9666 9586 13
9746 9666 13
9826 9746 13
9906 9826 13
9986 9906 13
10066 9986 13
10146 10066 13
10226 10146 13
10306 10226 13
10386 10306 13
10466 10386 13
10546 10466 13
10626 10546 13
10706 10626 13
10786 10706 13
10866 10786 13
10946 10866 13
11026 10946 13
11106 11026 13
11186 11106 13
11266 11186 13
11346 11266 13
11426 11346 13
11506 11426 13
11586 11506 13
11666 11586 13
11746 11666 13
11826 11746 13
11906 11826 13
11986 11906 13
12066 11986 13
12146 12066 13
12226 12146 13
12306 12226 13
12386 12306 13
12466 12386 13
12546 12466 13
6290 12690 13
12626 12546 13
6370 6290 13
12690 12691 13
12691 12692 13
12692 12693 13
12693 12694 13
12694 12695 13
12695 12696 13
12696 12697 13
12697 12698 13
12698 12699 13
12699 12700 13
12700 12701 13
12701 12702 13
12702 12703 13
12703 12704 13
12704 12705 13
12705 12706 13
12706 12626 13
 77  78 14
 78 158 14
158 238 14
238 6638 14
6638 6718 14
398 399 14
6718 6798 14
399 479 14
6798 398 14
479 559 14
559 639 14
639 719 14
719 799 14
799 879 14
879 959 14
959 1039 14
1039 1119 14
1119 1199 14
1199 1279 14
1279 1359 14
1359 1439 14
1439 1519 14
1519 1599 14
1599 1679 14
1679 1759 14
1759 1839 14
1839 1919 14
1919 1999 14
1999 2079 14
2079 2159 14
2159 2239 14
2239 2319 14
2319 2399 14
2399 2479 14
2479 2559 14
2559 2639 14
2639 2719 14
2719 2799 14
2799 2879 14
2879 2959 14
2959 3039 14
3039 3119 14
3119 3199 14
3199 3279 14
3279 3359 14
3359 3439 14
3439 3519 14
3519 3599 14
3599 3679 14
3679 3759 14
3759 3839 14
3839 3919 14
3919 3999 14
3999 4079 14
4079 4159 14
4159 4239 14
4239 4319 14
4319 4399 14
4399 4479 14
4479 4559 14
4559 4639 14
4639 4719 14
4719 4799 14
4799 4879 14
4879 4959 14
4959 5039 14
5039 5119 14
5119 5199 14
5199 5279 14
5279 5359 14
5359 5439 14
5439 5519 14
5519 5599 14
5599 5679 14
5679 5759 14
5759 5760 14
5760 5840 14
5840 5920 14
5920 6000 14
161 162 15
162 6562 15
6562 6563 15
6563 6564 15
6564 6565 15
6565 6566 15
6566 6567 15
6567 6568 15
6568 6569 15
6569 6570 15
6570 6571 15
6571 6572 15
6572 6573 15
6573 6574 15
6574 6575 15
6575 6576 15
6576 6577 15
6577 6578 15
6578 6579 15
6579 6580 15
6580 6581 15
6581 6582 15
6582 6583 15
6583 6584 15
6584 6585 15
6585 6586 15
6586 12986 15
7040 7120 15
7120 7200 15
7200 800 15
12986 12987 15
12987 12988 15
12988 12989 15
12989 12990 15
12990 12991 15
12991 12992 15
12992 12993 15
12993 12994 15
12994 12995 15
12995 12996 15
12996 12997 15
12997 12998 15
12998 12999 15
12999 13000 15
13000 13001 15
13001 13002 15
13002 13003 15
13003 13004 15
13004 13005 15
13005 13006 15
13006 13007 15
13007 13008 15
13008 13009 15
13009 13010 15
13010 13011 15
13011 13012 15
13012 13013 15
13013 13014 15
13014 13015 15
13015 13016 15
13016 13017 15
13017 13018 15
13018 13019 15
13019 13020 15
13020 13021 15
13021 13022 15
13022 13023 15
13023 13024 15
13024 13025 15
13025 13026 15
13026 13027 15
13027 13028 15
13028 13029 15
13029 13030 15
13030 13031 15
13031 13032 15
13032 13033 15
13033 13034 15
13034 13035 15
13035 13036 15
13036 13037 15
13037 13038 15
13038 13118 15
13118 13198 15
13198 13199 15
13199 13200 15
13200 13280 15
13280 13360 15
13360 13440 15
13440 7040 15
1600 1520 16
1680 1600 16
1760 1680 16
1840 1760 16
8240 1840 16
8320 8240 16
8400 8320 16
8480 8400 16
8560 8480 16
8640 8560 16
8720 8640 16
8800 8720 16
8880 8800 16
8960 8880 16
9040 8960 16
9120 9040 16
9200 9120 16
9280 9200 16
9360 9280 16
9440 9360 16
9520 9440 16
9600 9520 16
9680 9600 16
9760 9680 16
9840 9760 16
9920 9840 16
10000 9920 16
10080 10000 16
10160 10080 16
10240 10160 16
10320 10240 16
10400 10320 16
10480 10400 16
10560 10480 16
10640 10560 16
10720 10640 16
10800 10720 16
10880 10800 16
10960 10880 16
11040 10960 16
11120 11040 16
11200 11120 16
11280 11200 16
11360 11280 16
11440 11360 16
11520 11440 16
11600 11520 16
11680 11600 16
11760 11680 16
11840 11760 16
11920 11840 16
12000 11920 16
12080 12000 16
5839 12239 16
12160 12080 16
5919 5839 16
12239 12240 16
12240 12160 16
5986 5987 16
5987 5988 16
5988 5989 16
5989 5990 16
5990 5991 16
5991 5992 16
5992 5993 16
5993 5994 16
5994 5995 16
5995 5996 16
5996 5997 16
5997 5998 16
5998 5999 16
5999 5919 16
6057 6058 16
6058 6059 16
6059 6060 16
6060 6061 16
6061 6062 16
6062 6063 16
6063 6064 16
6064 6065 16
6065 6066 16
6066 5986 16
6128 6129 16
6129 6130 16
6130 6131 16
6131 6132 16
6132 6133 16
6133 6134 16
6134 6135 16
6135 6136 16
6136 6137 16
6137 6057 16
6208 6128 16
6288 6208 16
6361 6362 16
6362 6363 16
6363 6364 16
6364 6365 16
6365 6366 16
6366 6367 16
6367 6368 16
6368 6288 16
6463  63 17
6543 6463 17
6623 6543 17
6703 6623 17
6783 6703 17
6863 6783 17
6943 6863 17
7023 6943 17
7103 7023 17
7183 7103 17
7263 7183 17
7343 7263 17
7423 7343 17
7503 7423 17
7583 7503 17
7663 7583 17
7743 7663 17
7823 7743 17
7903 7823 17
7983 7903 17
8063 7983 17
8143 8063 17
8223 8143 17
8303 8223 17
8383 8303 17
8463 8383 17
8543 8463 17
8623 8543 17
8703 8623 17
8783 8703 17
8863 8783 17
8943 8863 17
9023 8943 17
9103 9023 17
9183 9103 17
9263 9183 17
9343 9263 17
9423 9343 17
9503 9423 17
9583 9503 17
9663 9583 17
9743 9663 17
9823 9743 17
9903 9823 17
9983 9903 17
10063 9983 17
10143 10063 17
10223 10143 17
10303 10223 17
10383 10303 17
10463 10383 17
10543 10463 17
10623 10543 17
10703 10623 17
10783 10703 17
10863 10783 17
10943 10863 17
11023 10943 17
11103 11023 17
11183 11103 17
11263 11183 17
11343 11263 17
11423 11343 17
11503 11423 17
11583 11503 17
11663 11583 17
11743 11663 17
11823 11743 17
11903 11823 17
11983 11903 17
12063 11983 17
12143 12063 17
12223 12143 17
12303 12223 17
12383 12303 17
12463 12383 17
12543 12463 17
6279 12679 17
12608 12609 17
12609 12610 17
12610 12611 17
12611 12612 17
12612 12613 17
12613 12614 17
12614 12615 17
12615 12616 17
12616 12617 17
12617 12618 17
12618 12619 17
12619 12620 17
12620 12621 17
12621 12622 17
12622 12623 17
12623 12543 17
6359 6279 17
12679 12680 17
12680 12681 17
12681 12682 17
12682 12683 17
12683 12684 17
12684 12685 17
12685 12686 17
12686 12687 17
12687 12688 17
12688 12608 17
