# Cost: 1536

# Tail Head Net
137  67 1
207 137 1
277 207 1
346 347 1
347 277 1
351 281 1
416 346 1
421 351 1
486 416 1
491 421 1
556 486 1
561 491 1
614 615 1
615 616 1
616 617 1
617 618 1
618 619 1
619 620 1
620 621 1
621 622 1
622 623 1
622 692 1
623 624 1
624 625 1
625 626 1
626 556 1
631 561 1
676 677 1
677 678 1
678 679 1
679 680 1
680 681 1
681 682 1
682 683 1
683 684 1
684 614 1
692 762 1
701 631 1
732 733 1
733 734 1
734 735 1
735 736 1
736 737 1
737 738 1
738 739 1
739 740 1
740 741 1
741 742 1
742 743 1
743 744 1
744 745 1
745 746 1
746 676 1
762 832 1
771 701 1
802 732 1
832 902 1
841 771 1
859 860 1
860 861 1
861 862 1
862 863 1
863 864 1
864 865 1
865 866 1
866 867 1
867 868 1
868 869 1
869 870 1
870 871 1
871 872 1
872 802 1
902 972 1
911 841 1
911 912 1
912 913 1
913 914 1
914 915 1
915 916 1
916 917 1
917 918 1
918 919 1
919 920 1
920 921 1
921 922 1
922 923 1
923 924 1
924 925 1
925 926 1
926 927 1
927 928 1
928 929 1
929 859 1
972 1042 1
981 911 1
1042 1112 1
1051 981 1
1112 1182 1
1121 1051 1
1182 1252 1
1191 1121 1
1252 1322 1
1261 1191 1
1322 1392 1
1331 1261 1
1392 1462 1
1401 1331 1
1462 1532 1
1471 1401 1
1532 1602 1
1541 1471 1
1602 1672 1
1611 1541 1
1672 1742 1
1681 1611 1
1742 1812 1
1751 1681 1
1812 1882 1
1821 1751 1
1882 1952 1
1891 1821 1
1952 2022 1
1961 1891 1
2022 2092 1
2031 1961 1
2092 2162 1
2101 2031 1
2162 2232 1
2171 2101 1
2232 2302 1
2241 2171 1
2302 2372 1
2311 2241 1
2372 2442 1
2381 2311 1
2442 2512 1
2512 2582 1
2582 2652 1
2652 2722 1
2722 2792 1
2792 2862 1
2862 2932 1
2932 3002 1
3002 3072 1
3072 3142 1
3142 3212 1
3212 3282 1
3282 3352 1
3352 3422 1
3422 3492 1
3492 3562 1
3562 3632 1
3632 3702 1
3702 3772 1
3772 3842 1
3842 3912 1
3912 3982 1
3982 4052 1
4052 4122 1
4122 4192 1
4192 4262 1
4261 4331 1
4262 4261 1
4331 4401 1
4401 4471 1
4471 4541 1
4541 4611 1
4611 4681 1
4681 4751 1
4751 4821 1
4821 4891 1
 71  72 2
 72  73 2
 73  74 2
 74  75 2
 75  76 2
 76  77 2
 77  78 2
 78  79 2
 79  80 2
 80  81 2
 81  82 2
 82  83 2
 83  84 2
 84  85 2
 85  86 2
 86  87 2
 87  88 2
 88  89 2
 89  90 2
 90  91 2
 91  92 2
 92  93 2
 93  94 2
 94  95 2
 95  96 2
 96  97 2
 97  98 2
 98  99 2
 99 100 2
100 101 2
101 102 2
102 103 2
103 104 2
104 105 2
105 106 2
106 107 2
107 108 2
108 109 2
109 110 2
110  40 2
110 5010 2
5010 5080 2
5080 5150 2
5150 5220 2
5220 5290 2
5290 5360 2
5360 5430 2
5430 5500 2
5500 5570 2
5570 5640 2
5640 5710 2
833 834 2
834 835 2
835 836 2
836 837 2
837 838 2
838 839 2
839 840 2
5710 5711 2
5711 5712 2
5712 5713 2
5713 5714 2
5714 5715 2
5715 5716 2
5716 5717 2
5717 5718 2
5718 5719 2
5719 5720 2
5720 5721 2
5721 5722 2
5722 5723 2
5723 5724 2
5724 5725 2
5725 5726 2
5726 5727 2
5727 5728 2
5728 5729 2
5729 5730 2
5730 5731 2
5731 5732 2
5732 5733 2
5733 833 2
4062 4061 3
4063 4062 3
4064 4063 3
4065 4064 3
4066 4065 3
4067 4066 3
4068 4067 3
4069 4068 3
4070 4069 3
4071 4070 3
4072 4071 3
4073 4072 3
4074 4073 3
4075 4074 3
4076 4075 3
4077 4076 3
4078 4077 3
4079 4078 3
4080 4079 3
4081 4080 3
4082 4081 3
4083 4082 3
4084 4083 3
4085 4084 3
4086 4085 3
4087 4086 3
4088 4087 3
4089 4088 3
4090 4089 3
4091 4090 3
4092 4091 3
4093 4092 3
4094 4093 3
4095 4094 3
4096 4095 3
4097 4096 3
4098 4097 3
4099 4098 3
4100 4099 3
4101 4100 3
4102 4101 3
4103 4102 3
4104 4103 3
4105 4104 3
4106 4105 3
4107 4106 3
4108 4107 3
4109 4108 3
4110 4109 3
4111 4110 3
4181 4111 3
4182 4181 3
4183 4182 3
4184 4183 3
4185 4184 3
4186 4185 3
4187 4186 3
4188 4187 3
4189 4188 3
4190 4189 3
4260 4190 3
4263 9163 3
4264 4263 3
4265 4264 3
4266 4265 3
4267 4266 3
4268 4267 3
4269 4268 3
4270 4269 3
9160 4260 3
9161 9160 3
9162 9161 3
9163 9162 3
4340 4270 3
4410 4340 3
4480 4410 3
4550 4480 3
4620 4550 3
4690 4620 3
4760 4690 3
115  45 4
142 141 4
143 142 4
144 143 4
145 144 4
146 145 4
147 146 4
148 147 4
149 148 4
150 149 4
151 150 4
152 151 4
153 152 4
154 153 4
155 154 4
156 155 4
157 156 4
158 157 4
159 158 4
160 159 4
161 160 4
162 161 4
163 162 4
164 163 4
165 164 4
166 165 4
167 166 4
168 167 4
169 168 4
170 169 4
171 170 4
172 171 4
173 172 4
174 173 4
175 174 4
176 175 4
177 176 4
178 177 4
179 178 4
180 179 4
181 180 4
182 181 4
183 182 4
184 183 4
185 115 4
185 184 4
186 185 4
187 186 4
188 187 4
189 188 4
190 189 4
191 190 4
192 191 4
193 192 4
194 193 4
195 194 4
196 195 4
197 196 4
5097 197 4
5167 5097 4
5168 5167 4
5169 5168 4
5170 5169 4
5171 5170 4
5172 5171 4
5173 5172 4
5174 5173 4
5244 5174 4
5245 5244 4
5246 5245 4
5247 5246 4
5248 5247 4
5249 5248 4
5319 5249 4
5389 5319 4
5459 5389 4
5460 5459 4
5530 5460 4
5600 5530 4
5670 5600 4
5740 5670 4
5810 5740 4
5880 5810 4
5950 5880 4
6020 5950 4
6090 6020 4
6160 6090 4
6230 6160 4
6300 6230 4
6370 6300 4
6440 6370 4
6510 6440 4
6580 6510 4
6650 6580 4
6720 6650 4
6790 6720 4
6860 6790 4
6930 6860 4
7000 6930 4
7070 7000 4
7140 7070 4
7210 7140 4
7280 7210 4
7350 7280 4
7420 7350 4
7490 7420 4
7560 7490 4
7630 7560 4
7700 7630 4
7770 7700 4
7840 7770 4
7910 7840 4
7980 7910 4
8050 7980 4
3290 8190 4
8120 8050 4
8190 8120 4
  7   8 5
  8   9 5
4907   7 5
  9  10 5
 10  11 5
 11  12 5
 12  13 5
 13  14 5
4977 4907 5
5047 4977 5
5117 5047 5
5186 5187 5
5187 5117 5
5255 5256 5
5256 5186 5
5325 5255 5
5395 5325 5
5465 5395 5
5535 5465 5
5605 5535 5
5675 5605 5
5745 5675 5
5815 5745 5
5885 5815 5
5955 5885 5
6025 5955 5
6095 6025 5
6165 6095 5
6235 6165 5
6305 6235 5
6375 6305 5
6445 6375 5
6515 6445 5
6585 6515 5
6655 6585 5
6725 6655 5
6795 6725 5
6865 6795 5
6935 6865 5
7005 6935 5
7075 7005 5
7145 7075 5
7215 7145 5
7283 7284 5
7284 7285 5
7285 7215 5
7353 7283 5
7423 7353 5
7493 7423 5
7563 7493 5
7633 7563 5
7703 7633 5
7773 7703 5
7843 7773 5
7913 7843 5
7983 7913 5
8053 7983 5
8123 8053 5
8193 8123 5
8263 8193 5
8333 8263 5
8403 8333 5
8473 8403 5
8543 8473 5
8613 8543 5
8683 8613 5
8753 8683 5
8821 8822 5
8822 8823 5
8823 8753 5
8891 8821 5
8961 8891 5
9031 8961 5
9101 9031 5
9171 9101 5
9241 9171 5
9311 9241 5
9381 9311 5
9451 9381 5
9521 9451 5
4761 9661 5
9591 9521 5
9661 9591 5
4937  37 6
5007 4937 6
5077 5007 6
5147 5077 6
5217 5147 6
5287 5217 6
5357 5287 6
5427 5357 6
5497 5427 6
5567 5497 6
5637 5567 6
5707 5637 6
5777 5707 6
974 5874 6
975 974 6
976 975 6
977 976 6
978 977 6
979 978 6
980 979 6
5847 5777 6
5847 5917 6
5848 5847 6
5849 5848 6
5850 5849 6
5851 5850 6
5852 5851 6
5853 5852 6
5854 5853 6
5855 5854 6
5856 5855 6
5857 5856 6
5858 5857 6
5859 5858 6
5860 5859 6
5861 5860 6
5862 5861 6
5863 5862 6
5864 5863 6
5865 5864 6
5866 5865 6
5867 5866 6
5868 5867 6
5869 5868 6
5870 5869 6
5871 5870 6
5872 5871 6
5873 5872 6
5874 5873 6
5916 5986 6
5917 5916 6
5984 6054 6
5985 5984 6
5986 5985 6
6053 6123 6
6054 6053 6
6122 6192 6
6123 6122 6
6191 6261 6
6192 6191 6
6260 6330 6
6261 6260 6
6328 6398 6
6329 6328 6
6330 6329 6
6397 6467 6
6398 6397 6
6465 6535 6
6466 6465 6
6467 6466 6
6528 6598 6
6529 6528 6
6530 6529 6
6531 6530 6
6532 6531 6
6533 6532 6
6534 6533 6
6535 6534 6
6596 6666 6
6597 6596 6
6598 6597 6
6666 6736 6
6736 6806 6
6806 6876 6
6876 6946 6
6946 7016 6
7016 7086 6
7086 7156 6
7156 7226 6
7226 7296 6
7296 7366 6
7366 7436 6
7434 7504 6
7435 7434 6
7436 7435 6
7502 7572 6
7503 7502 6
7504 7503 6
7572 7642 6
7642 7712 6
7711 7781 6
7712 7711 6
7781 7851 6
7849 7919 6
7850 7849 6
7851 7850 6
7918 7988 6
7919 7918 6
7987 8057 6
7988 7987 6
8055 8125 6
8056 8055 6
8057 8056 6
8125 8195 6
8194 8264 6
8195 8194 6
8264 8334 6
8334 8404 6
3573 3643 6
3574 3573 6
8404 8474 6
3642 3641 6
3643 3642 6
8474 3574 6
4902   2 7
4972 4902 7
5042 4972 7
5112 5042 7
5182 5112 7
5252 5182 7
5322 5252 7
5392 5322 7
5462 5392 7
5532 5462 7
5602 5532 7
5672 5602 7
5742 5672 7
5812 5742 7
5882 5812 7
5952 5882 7
6022 5952 7
6092 6022 7
6162 6092 7
6232 6162 7
6302 6232 7
6372 6302 7
6442 6372 7
6512 6442 7
6582 6512 7
6652 6582 7
6722 6652 7
6792 6722 7
6862 6792 7
6932 6862 7
7002 6932 7
7072 7002 7
7142 7072 7
7212 7142 7
7282 7212 7
7352 7282 7
7422 7352 7
7492 7422 7
7562 7492 7
7632 7562 7
7702 7632 7
7772 7702 7
7842 7772 7
7912 7842 7
7982 7912 7
8052 7982 7
8122 8052 7
8192 8122 7
8262 8192 7
8332 8262 7
8402 8332 7
8472 8402 7
3712 8612 7
8542 8472 7
3782 3712 7
8612 8542 7
3852 3782 7
3922 3852 7
3992 3922 7
8892 3992 7
4132 9032 7
8962 8892 7
4202 4132 7
9032 8962 7
4272 4202 7
4272 4271 7
4342 4272 7
4343 4342 7
4344 4343 7
4345 4344 7
4415 4345 7
4416 4415 7
4417 4416 7
4487 4417 7
4557 4487 7
4558 4557 7
4628 4558 7
4698 4628 7
4768 4698 7
4769 4768 7
4770 4769 7
4771 4770 7
4772 4771 7
4773 4772 7
4774 4773 7
4775 4774 7
4776 4775 7
4777 4776 7
4778 4777 7
4779 4778 7
4849 4779 7
4943  43 8
1043 5943 8
1044 1043 8
1045 1044 8
1046 1045 8
1047 1046 8
1048 1047 8
1049 1048 8
1050 1049 8
5923 5993 8
5923 10823 8
5924 5923 8
5925 5924 8
5926 5925 8
5927 5926 8
5928 5927 8
5929 5928 8
5930 5929 8
5931 5930 8
5932 5931 8
5933 5932 8
5934 5933 8
5935 5934 8
5936 5935 8
5937 5936 8
5938 5937 8
5939 5938 8
5940 5939 8
5941 5940 8
5942 5941 8
5943 5942 8
5993 6063 8
6063 6133 8
6133 6203 8
6203 6273 8
6273 6343 8
6343 6413 8
6413 6483 8
6483 6553 8
6553 6623 8
6623 6693 8
6693 6763 8
6763 6833 8
6833 6903 8
6903 6973 8
6973 7043 8
7043 7113 8
7113 7183 8
7183 7253 8
7253 7323 8
7323 7393 8
7393 7463 8
7463 7533 8
7533 7603 8
7603 7673 8
7673 7743 8
7743 7813 8
7813 7883 8
7883 7953 8
7953 8023 8
8023 8093 8
8093 8163 8
8163 8233 8
8233 8303 8
8303 8373 8
8373 8443 8
8443 8513 8
8513 8583 8
8583 8653 8
8653 8723 8
8723 8793 8
8793 8863 8
8863 8933 8
8933 9003 8
9003 9073 8
9073 9143 8
9143 9213 8
9213 9283 8
9283 9353 8
9353 9423 8
9423 9493 8
9493 9563 8
9563 9633 8
9633 9703 8
9702 9772 8
9703 9702 8
9759 4859 8
9760 9759 8
9761 9760 8
9762 9761 8
9763 9762 8
9764 9763 8
9765 9764 8
9766 9765 8
9767 9766 8
9768 9767 8
9769 9768 8
9770 9769 8
9771 9770 8
9772 9771 8
9843 4943 8
9913 9843 8
9983 9913 8
10053 9983 8
10123 10053 8
10193 10123 8
10263 10193 8
10333 10263 8
10403 10333 8
10473 10403 8
10543 10473 8
10613 10543 8
10683 10613 8
10753 10683 8
10823 10753 8
1188 1189 9
1189 1190 9
1258 1188 9
6158 1258 9
4832 4831 9
4833 4832 9
4834 4833 9
4835 4834 9
4836 4835 9
4837 4836 9
4838 4837 9
4839 4838 9
4839 4840 9
4840 9740 9
9670 14570 9
9740 9670 9
11058 6158 9
11127 11128 9
11128 11058 9
11196 11197 9
11197 11127 9
11265 11266 9
11266 11196 9
11333 11334 9
11334 11335 9
11335 11265 9
11403 11333 9
11471 11472 9
11472 11473 9
11473 11403 9
11540 11541 9
11541 11471 9
11608 11609 9
11609 11610 9
11610 11540 9
11678 11608 9
11745 11746 9
11746 11747 9
11747 11748 9
11748 11678 9
11815 11745 9
11883 11884 9
11884 11885 9
11885 11815 9
11950 11951 9
11951 11952 9
11952 11953 9
11953 11883 9
12019 12020 9
12020 11950 9
12087 12088 9
12088 12089 9
12089 12019 9
12157 12087 9
12225 12226 9
12226 12227 9
12227 12157 9
12293 12294 9
12294 12295 9
12295 12225 9
12342 12343 9
12343 12344 9
12344 12345 9
12345 12346 9
12346 12347 9
12347 12348 9
12348 12349 9
12349 12350 9
12350 12351 9
12351 12352 9
12352 12353 9
12353 12354 9
12354 12355 9
12355 12356 9
12356 12357 9
12357 12358 9
12358 12359 9
12359 12360 9
12360 12361 9
12361 12362 9
12362 12363 9
12363 12293 9
12412 12342 9
12482 12412 9
12552 12482 9
12622 12552 9
12692 12622 9
12762 12692 9
12832 12762 9
12901 12902 9
12902 12832 9
12971 12901 9
13041 12971 9
13111 13041 9
13180 13181 9
13181 13111 9
13250 13180 9
13319 13320 9
13320 13250 9
13386 13387 9
13387 13388 9
13388 13389 9
13389 13319 9
13456 13386 9
13526 13456 9
13595 13596 9
13596 13526 9
13664 13665 9
13665 13595 9
13734 13664 9
13803 13804 9
13804 13734 9
13873 13803 9
13942 13943 9
13943 13873 9
14012 13942 9
14081 14082 9
14082 14012 9
14151 14081 9
14220 14221 9
14221 14151 9
14290 14220 9
14360 14290 9
14430 14360 9
14500 14430 9
14570 14500 9
4917  17 10
4987 4917 10
5057 4987 10
5127 5057 10
5197 5127 10
5267 5197 10
5337 5267 10
5407 5337 10
5477 5407 10
5547 5477 10
5617 5547 10
5687 5617 10
5757 5687 10
5827 5757 10
1067 5967 10
5897 5827 10
1137 1067 10
5967 5897 10
1207 1137 10
1277 1207 10
1347 1277 10
1347 1417 10
1348 1347 10
1349 1348 10
1350 1349 10
1351 1350 10
1352 1351 10
1353 1352 10
1354 1353 10
1355 1354 10
1356 1355 10
1357 1356 10
1358 1357 10
1359 1358 10
1360 1359 10
1361 1360 10
1362 1361 10
1363 1362 10
1364 1363 10
1365 1364 10
1366 1365 10
1367 1366 10
1368 1367 10
1369 1368 10
1370 1369 10
1371 1370 10
1372 1371 10
1373 1372 10
1374 1373 10
1394 6294 10
1395 1394 10
1396 1395 10
1397 1396 10
1398 1397 10
1399 1398 10
1400 1399 10
1417 1487 10
6274 1374 10
6275 6274 10
6276 6275 10
6277 6276 10
6278 6277 10
6279 6278 10
6280 6279 10
6281 6280 10
6282 6281 10
6283 6282 10
6284 6283 10
6285 6284 10
6286 6285 10
6287 6286 10
6288 6287 10
6289 6288 10
6290 6289 10
6291 6290 10
6292 6291 10
6293 6292 10
6294 6293 10
1487 1557 10
1557 1627 10
1627 1697 10
1697 1767 10
1767 1837 10
1837 1907 10
1907 1977 10
1977 2047 10
2047 2117 10
2117 2187 10
2187 2257 10
2257 2327 10
2327 2397 10
2397 2467 10
2467 2537 10
2537 2607 10
2607 2677 10
2677 2747 10
2747 2817 10
2817 2887 10
2887 2957 10
2957 3027 10
3027 3097 10
3097 3167 10
3167 3237 10
3237 3307 10
3307 3377 10
3377 3447 10
3446 3516 10
3447 3446 10
3502 3501 10
3503 3502 10
3504 3503 10
3505 3504 10
3506 3505 10
3507 3506 10
3508 3507 10
3509 3508 10
3510 3509 10
3511 3510 10
3512 3511 10
3513 3512 10
3514 3513 10
3515 3514 10
3516 3515 10
 31 4931 11
4931 9831 11
6331 6401 11
6401 6471 11
6471 6541 11
6541 6611 11
6611 6681 11
6681 6751 11
6751 6821 11
6821 6891 11
6891 6961 11
6961 7031 11
7031 7101 11
7101 7171 11
7171 7241 11
7241 7311 11
7311 7381 11
7381 7451 11
7451 7521 11
7521 7591 11
7591 7661 11
7661 7731 11
7731 7801 11
7801 7871 11
7871 7941 11
7941 8011 11
8011 8081 11
8081 8151 11
8151 8221 11
8221 8291 11
8291 8361 11
8361 8431 11
8431 8501 11
8501 8571 11
8571 8641 11
8641 8711 11
8711 8781 11
8781 8851 11
8851 8921 11
8921 8991 11
4161 4231 11
8991 9061 11
4231 4301 11
9061 4161 11
4301 4371 11
4371 4441 11
4441 4511 11
4511 4581 11
4581 4651 11
4651 4721 11
4721 4791 11
4780 4850 11
4781 4780 11
4782 4781 11
4783 4782 11
4784 4783 11
4785 4784 11
4786 4785 11
4787 4786 11
4788 4787 11
4789 4788 11
4790 4789 11
4791 4790 11
4791 4792 11
4792 4862 11
4862 4863 11
4863 4864 11
4864 4865 11
4865 4866 11
4866 4867 11
4867 4868 11
4868 4869 11
4869 4870 11
4870 4871 11
4871 4872 11
4872 4873 11
4873 4874 11
4874 4875 11
4875 4876 11
4876 4877 11
4877 4878 11
4878 4879 11
4879 4880 11
4880 4881 11
4881 4882 11
4882 4883 11
4883 4884 11
4884 4885 11
9831 9901 11
9901 9971 11
9971 10041 11
10041 10111 11
10111 10181 11
10181 10251 11
10251 10321 11
10321 10391 11
10391 10461 11
10461 10531 11
10531 10601 11
10601 10671 11
10671 10741 11
10741 10811 11
10811 10881 11
10881 10951 11
10951 11021 11
11021 11091 11
11091 11161 11
11161 11231 11
11231 6331 11
4855 4854 12
4856 4855 12
4857 4856 12
4894 9794 12
4895 4894 12
4896 4895 12
4897 4896 12
9757 4857 12
9758 9757 12
9773 14673 12
9774 9773 12
9775 9774 12
9776 9775 12
9777 9776 12
9778 9777 12
9779 9778 12
9780 9779 12
9781 9780 12
9782 9781 12
9783 9782 12
9784 9783 12
9785 9784 12
9786 9785 12
9787 9786 12
9788 9787 12
9789 9788 12
9790 9789 12
9791 9790 12
9792 9791 12
9793 9792 12
9794 9793 12
14658 9758 12
14659 14658 12
14660 14659 12
14661 14660 12
14662 14661 12
14663 14662 12
14664 14663 12
14665 14664 12
14666 14665 12
14667 14666 12
14668 14667 12
14669 14668 12
14670 14669 12
14671 14670 12
14672 14671 12
14673 14672 12
4915  15 13
4985 4915 13
5054 5055 13
5055 4985 13
5124 5054 13
5192 5193 13
5193 5194 13
5194 5124 13
5261 5262 13
5262 5192 13
5330 5331 13
5331 5261 13
5400 5330 13
5469 5470 13
5470 5400 13
5539 5469 13
5609 5539 13
5679 5609 13
5749 5679 13
5819 5749 13
5889 5819 13
5959 5889 13
6029 5959 13
6099 6029 13
6169 6099 13
6239 6169 13
6309 6239 13
6379 6309 13
6449 6379 13
6518 6519 13
6519 6449 13
1758 6658 13
6588 6518 13
1825 1826 13
1826 1827 13
1827 1828 13
1828 1758 13
6658 6588 13
1894 1895 13
1895 1825 13
1963 1964 13
1964 1894 13
2033 1963 13
2103 2033 13
2172 2173 13
2173 2103 13
2242 2172 13
2312 2242 13
2382 2312 13
2452 2382 13
2521 2522 13
2522 2452 13
2591 2521 13
2661 2591 13
2731 2661 13
2801 2731 13
3851 3781 14
8751 3851 14
4830 9730 14
9728 14628 14
9729 9728 14
9730 9729 14
13651 8751 14
13721 13651 14
13791 13721 14
13861 13791 14
13931 13861 14
14625 19525 14
14626 14625 14
14627 14626 14
14628 14627 14
18831 13931 14
18832 18831 14
18902 18832 14
18972 18902 14
19042 18972 14
19043 19042 14
19044 19043 14
19045 19044 14
19046 19045 14
19047 19046 14
19048 19047 14
19049 19048 14
19050 19049 14
19120 19050 14
19190 19120 14
19191 19190 14
19192 19191 14
19193 19192 14
19194 19193 14
19195 19194 14
19196 19195 14
19197 19196 14
19198 19197 14
19199 19198 14
19200 19199 14
19201 19200 14
19202 19201 14
19203 19202 14
19204 19203 14
19205 19204 14
19206 19205 14
19207 19206 14
19208 19207 14
19209 19208 14
19210 19209 14
19211 19210 14
19212 19211 14
19213 19212 14
19214 19213 14
19215 19214 14
19216 19215 14
19217 19216 14
19218 19217 14
19219 19218 14
19220 19219 14
19221 19220 14
19222 19221 14
19292 19222 14
19293 19292 14
19294 19293 14
19295 19294 14
19296 19295 14
19297 19296 14
19298 19297 14
19368 19298 14
19369 19368 14
19370 19369 14
19371 19370 14
19372 19371 14
19373 19372 14
19374 19373 14
19375 19374 14
19376 19375 14
19377 19376 14
19378 19377 14
19379 19378 14
19380 19379 14
19450 19380 14
19451 19450 14
19452 19451 14
19522 19452 14
19523 19522 14
19524 19523 14
19525 19524 14
 50  51 15
 51  52 15
 52  53 15
 53  54 15
 54  55 15
 55  56 15
 56 4956 15
4956 5026 15
5026 5096 15
5096 5166 15
5166 5236 15
5236 5237 15
5237 5307 15
5307 5308 15
5308 5378 15
5378 5448 15
5448 5518 15
5518 5519 15
5519 5520 15
5520 5590 15
5590 5591 15
5591 5592 15
5592 5593 15
5593 5663 15
5663 5664 15
5664 5734 15
5734 5735 15
5735 5805 15
5805 5806 15
5806 5807 15
5807 5877 15
5877 5878 15
5878 5948 15
5948 5949 15
5949 6019 15
6019 6089 15
6089 6159 15
6159 6229 15
6229 6299 15
6299 6369 15
1539 1609 15
6369 6439 15
1609 1679 15
6439 1539 15
1679 1680 15
1680 1750 15
 18 4918 16
 19  18 16
4918 4988 16
 20  19 16
 21  20 16
 22  21 16
 23  22 16
 24  23 16
 25  24 16
 26  25 16
 27  26 16
 28  27 16
 29  28 16
4988 5058 16
5058 5128 16
5128 5198 16
5198 5268 16
5268 5338 16
5338 5408 16
5408 5478 16
5478 5548 16
5548 5618 16
5618 5688 16
5688 5758 16
5758 5828 16
5828 5898 16
5898 5968 16
5968 6038 16
6038 6108 16
6102 6172 16
6103 6102 16
6104 6103 16
6105 6104 16
6106 6105 16
6107 6106 16
6108 6107 16
6172 6242 16
6241 6311 16
6242 6241 16
6311 6381 16
6381 6451 16
6451 6521 16
6521 6591 16
6591 6661 16
6660 6730 16
6661 6660 16
6730 6800 16
6799 6869 16
6800 6799 16
6869 6939 16
6939 7009 16
7009 7079 16
7079 7149 16
7149 7219 16
7218 7288 16
7219 7218 16
7288 7358 16
7358 7428 16
7428 7498 16
7498 7568 16
7567 7637 16
7568 7567 16
7636 7706 16
7637 7636 16
2874 2944 16
7704 7774 16
7705 7704 16
7706 7705 16
2943 3013 16
2944 2943 16
7774 2874 16
3013 3083 16
3083 3153 16
3153 3223 16
3223 3293 16
3292 3291 16
3293 3292 16
