# Cost: 453

# Tail Head Net
 19  18 1
 20  19 1
 21  20 1
 22  21 1
 23  22 1
 24  23 1
 25  24 1
 26  25 1
 27  26 1
 28  27 1
 58  28 1
 88  58 1
118  88 1
148 118 1
178 148 1
208 178 1
238 208 1
268 238 1
298 268 1
328 298 1
358 328 1
388 358 1
418 388 1
448 418 1
478 448 1
508 478 1
538 508 1
568 538 1
598 568 1
599 598 1
599 600 1
629 599 1
659 629 1
689 659 1
719 689 1
749 719 1
779 749 1
809 779 1
839 809 1
869 839 1
899 869 1
899 900 1
 38   8 2
 68  38 2
 98  68 2
128  98 2
158 128 2
158 159 2
159 160 2
160 161 2
161 162 2
162 163 2
163 164 2
164 1064 2
180 150 2
180 210 2
188 158 2
1064 1065 2
1065 1066 2
1066 1067 2
1067 1068 2
1068 1069 2
1069 1070 2
1070 1071 2
1071 1072 2
1072 1073 2
1073 1074 2
1074 1075 2
1075 1076 2
1076 1077 2
1077 1078 2
1078 1079 2
1079 1080 2
210 240 2
1080 180 2
218 188 2
240 270 2
245 246 2
246 247 2
247 248 2
248 218 2
270 300 2
274 275 2
275 245 2
300 330 2
303 304 2
304 274 2
330 360 2
333 303 2
360 390 2
363 333 2
390 420 2
393 363 2
423 393 2
452 453 2
453 423 2
481 482 2
482 452 2
511 481 2
541 511 2
571 541 2
601 571 2
631 601 2
661 631 2
691 661 2
721 691 2
751 721 2
781 751 2
 46  16 3
 76  46 3
106  76 3
136 106 3
166 136 3
196 166 3
226 196 3
256 226 3
286 256 3
301 1201 3
315 316 3
316 286 3
316 317 3
317 347 3
1201 1202 3
1202 1203 3
1203 1204 3
1204 1205 3
1205 1206 3
1206 1207 3
1207 1208 3
1208 1209 3
1209 1210 3
1213 1214 3
1214 1215 3
1215 315 3
347 377 3
377 407 3
407 437 3
437 467 3
467 497 3
497 527 3
527 557 3
557 587 3
587 617 3
617 647 3
647 677 3
677 707 3
707 737 3
737 767 3
767 797 3
797 827 3
827 857 3
857 887 3
887 888 3
888 889 3
889 890 3
890 891 3
891 892 3
1210 1211 3
1211 1212 3
1212 1213 3
 59  29 4
 89  59 4
119  89 4
149 119 4
179 149 4
209 179 4
239 209 4
269 239 4
299 269 4
329 299 4
359 329 4
389 359 4
419 389 4
449 419 4
479 449 4
509 479 4
539 509 4
1439 539 4
1469 1439 4
1499 1469 4
1529 1499 4
1559 1529 4
1589 1559 4
1619 1589 4
1649 1619 4
1679 1649 4
1709 1679 4
1739 1709 4
870 840 4
870 1770 4
895 894 4
896 895 4
897 896 4
1768 1798 4
1769 1739 4
1769 1768 4
1770 1769 4
1797 897 4
1798 1797 4
211 212 5
212 242 5
242 272 5
272 302 5
302 332 5
332 362 5
362 361 5
362 1262 5
1262 1292 5
1292 1322 5
1322 1352 5
1352 1382 5
1382 1412 5
1412 1442 5
1442 1472 5
1472 1502 5
1502 1503 5
1503 1533 5
1533 1563 5
1563 1593 5
1593 1594 5
1594 1624 5
1624 1654 5
1654 1655 5
1655 1685 5
1685 1686 5
1686 1687 5
1687 1688 5
1688 1689 5
1689 1690 5
1690 1691 5
1691 1692 5
1692 1693 5
1693 1723 5
1723 1724 5
1724 1754 5
1754 1784 5
1784 1785 5
1785 1786 5
1786 886 5
961  61 6
962 961 6
963 962 6
993 963 6
1023 993 6
1053 1023 6
1054 1053 6
1055 1054 6
1056 1055 6
1057 1056 6
1087 1057 6
1088 1087 6
1118 1088 6
249 1149 6
1119 1118 6
279 249 6
1149 1119 6
309 279 6
339 309 6
369 339 6
399 369 6
429 399 6
459 429 6
460 459 6
461 460 6
462 461 6
463 462 6
464 463 6
494 464 6
494 1394 6
524 494 6
1394 1395 6
1395 1396 6
1396 1397 6
1397 1398 6
1398 1399 6
1399 1400 6
1400 1401 6
1401 1402 6
1402 1403 6
1403 1404 6
1404 1405 6
1405 1406 6
1406 1407 6
1407 1408 6
1408 1409 6
1409 1410 6
1410 1440 6
554 524 6
1440 1470 6
584 554 6
1470 1500 6
614 584 6
630 660 6
1500 1530 6
644 614 6
660 690 6
1530 630 6
674 644 6
690 720 6
704 674 6
720 750 6
734 704 6
750 780 6
764 734 6
780 810 6
794 764 6
824 794 6
854 824 6
884 854 6
  3  33 7
 33  63 7
 63  93 7
 93 123 7
123 153 7
153 183 7
183 213 7
213 243 7
243 244 7
244 1144 7
1144 1174 7
276 306 7
1174 1175 7
305 335 7
1175 1176 7
306 305 7
1176 276 7
335 365 7
364 394 7
365 364 7
394 424 7
424 454 7
454 484 7
484 514 7
514 544 7
542 572 7
543 542 7
544 543 7
572 602 7
602 632 7
632 662 7
662 692 7
692 722 7
722 752 7
752 782 7
782 812 7
812 811 7
 42  12 8
 72  42 8
102  72 8
1002 102 8
1032 1002 8
1062 1032 8
1092 1062 8
283 1183 8
313 283 8
1183 1182 8
343 313 8
373 343 8
403 373 8
433 403 8
1333 433 8
1362 1363 8
1363 1333 8
1392 1362 8
1422 1392 8
1452 1422 8
611 1511 8
1482 1452 8
641 611 8
1511 1512 8
1512 1482 8
671 641 8
701 671 8
731 701 8
761 731 8
791 761 8
821 791 8
851 821 8
881 851 8
1122 1092 8
1152 1122 8
1182 1152 8
476 506 9
480 1380 9
506 536 9
1376 476 9
1377 1376 9
1378 1377 9
1379 1378 9
1380 1379 9
535 565 9
536 535 9
565 595 9
593 623 9
594 593 9
595 594 9
622 652 9
623 622 9
652 682 9
682 712 9
712 742 9
742 1642 9
758 788 9
1642 1672 9
787 817 9
788 787 9
1658 758 9
1659 1658 9
1660 1659 9
1661 1660 9
1662 1661 9
1663 1662 9
1664 1663 9
1665 1664 9
1666 1665 9
1667 1666 9
1668 1667 9
1669 1668 9
1670 1669 9
1671 1670 9
1672 1671 9
817 847 9
846 876 9
847 846 9
421 391 10
451 421 10
1351 451 10
1381 1351 10
1411 1381 10
1441 1411 10
1471 1441 10
1501 1471 10
1531 1501 10
1561 1531 10
1591 1561 10
1621 1591 10
1651 1621 10
1681 1651 10
1682 1681 10
1712 1682 10
1742 1712 10
1743 1742 10
882 1782 10
1773 1743 10
1774 1773 10
1775 1774 10
1776 1775 10
1777 1776 10
1778 1777 10
1779 1778 10
1780 1779 10
1781 1780 10
1782 1781 10
