# Cost: 686

# Tail Head Net
151 101 1
201 151 1
202 201 1
203 202 1
204 203 1
205 204 1
206 205 1
207 206 1
208 207 1
258 208 1
259 258 1
260 259 1
261 260 1
262 261 1
263 262 1
264 263 1
265 264 1
266 265 1
267 266 1
317 267 1
367 317 1
368 367 1
418 368 1
468 418 1
469 468 1
470 469 1
471 470 1
472 471 1
473 472 1
474 473 1
475 474 1
476 475 1
526 476 1
527 526 1
528 527 1
529 528 1
530 529 1
531 530 1
532 531 1
533 532 1
534 533 1
535 534 1
536 535 1
537 536 1
538 537 1
539 538 1
540 539 1
541 540 1
542 541 1
543 542 1
544 543 1
545 544 1
546 545 1
596 546 1
597 596 1
598 597 1
599 598 1
600 599 1
650 600 1
700 650 1
750 700 1
800 750 1
850 800 1
900 850 1
950 900 1
1000 950 1
1050 1000 1
1100 1050 1
1150 1100 1
1200 1150 1
1250 1200 1
1300 1250 1
1350 1300 1
1400 1350 1
1450 1400 1
1500 1450 1
1550 1500 1
1600 1550 1
1650 1600 1
1700 1650 1
1750 1700 1
1800 1750 1
1850 1800 1
1900 1850 1
1950 1900 1
2000 1950 1
2050 2000 1
2100 2050 1
2150 2100 1
2200 2150 1
2250 2200 1
2300 2250 1
2350 2300 1
2350 2400 1
2551  51 2
2601 2551 2
2651 2601 2
2701 2651 2
2751 2701 2
2801 301 2
2801 2751 2
2851 2801 2
2901 2851 2
2951 2901 2
547 3047 2
548 547 2
549 548 2
550 549 2
3001 2951 2
3001 3051 2
3002 3001 2
3003 3002 2
3004 3003 2
3005 3004 2
3006 3005 2
3007 3006 2
3008 3007 2
3009 3008 2
3010 3009 2
3011 3010 2
3012 3011 2
3013 3012 2
3014 3013 2
3015 3014 2
3016 3015 2
3017 3016 2
3018 3017 2
3019 3018 2
3020 3019 2
3021 3020 2
3022 3021 2
3023 3022 2
3024 3023 2
3025 3024 2
3026 3025 2
3027 3026 2
3028 3027 2
3029 3028 2
3030 3029 2
3031 3030 2
3032 3031 2
3033 3032 2
3034 3033 2
3035 3034 2
3036 3035 2
3037 3036 2
3038 3037 2
3039 3038 2
3040 3039 2
3041 3040 2
3042 3041 2
3043 3042 2
3044 3043 2
3045 3044 2
3046 3045 2
3047 3046 2
3051 3101 2
651 701 2
3101 3151 2
3151 651 2
  8   7 3
  9   8 3
 10   9 3
 11  10 3
 12  11 3
 13  12 3
 14  13 3
 15  14 3
 16  15 3
 17  16 3
 18  17 3
 19  18 3
 20  19 3
 21  20 3
 22  21 3
 23  22 3
 24  23 3
 24  74 3
 25  24 3
 74 2574 3
 26  25 3
2574 2624 3
2624 2674 3
2674 2724 3
2724 2774 3
2774 2824 3
2824 5324 3
3124 3174 3
3174 3224 3
3224 3274 3
3274 3324 3
3324 3374 3
3374 3424 3
3424 3474 3
3474 3524 3
3524 3574 3
3574 3624 3
3624 3674 3
3674 3724 3
1274 1324 3
3724 3774 3
1302 1301 3
1303 1302 3
1304 1303 3
1305 1304 3
1306 1305 3
1307 1306 3
1308 1307 3
1309 1308 3
1310 1309 3
1311 1310 3
1312 1311 3
1313 1312 3
1314 1313 3
1315 1314 3
1316 1315 3
1317 1316 3
1318 1317 3
1319 1318 3
1320 1319 3
1321 1320 3
1322 1321 3
1323 1322 3
1324 1323 3
1324 1374 3
3774 1274 3
1374 1424 3
1424 1474 3
1474 1524 3
1524 1574 3
1574 1624 3
1624 1674 3
1674 1724 3
1724 1774 3
1774 1824 3
1824 1874 3
1874 1924 3
1924 1974 3
1974 2024 3
2024 2074 3
2074 2124 3
2124 2174 3
2174 2224 3
2224 2274 3
2274 2324 3
2324 2374 3
2374 2424 3
2424 2474 3
2474 2475 3
5324 5374 3
5374 5424 3
5424 5474 3
5474 5524 3
5524 5574 3
5574 5624 3
5624 3124 3
1651 1701 4
1701 1751 4
1751 1801 4
1801 1851 4
1851 1901 4
1901 1951 4
1951 2001 4
2001 2051 4
2051 2101 4
2101 2151 4
2151 2201 4
2201 2202 4
2202 2203 4
2203 2253 4
2253 2303 4
2303 2353 4
2353 2403 4
2403 2453 4
 29 2529 5
2529 2579 5
2579 2629 5
2629 2679 5
2679 2729 5
2729 2779 5
2779 2829 5
2829 2879 5
2879 2929 5
2929 2979 5
2979 5479 5
3079 3129 5
3129 3179 5
3179 3229 5
3229 3279 5
3279 3329 5
3329 3379 5
3379 3429 5
3429 3479 5
3479 3529 5
3529 3579 5
3579 3629 5
3629 3679 5
3679 3729 5
3729 3779 5
3779 3829 5
3829 3879 5
3879 3929 5
3929 3979 5
3979 4029 5
4029 4079 5
4079 4129 5
4129 4179 5
4179 4229 5
4229 4279 5
4279 4329 5
4329 4379 5
4379 4429 5
4429 4479 5
4479 4529 5
4529 4579 5
4579 4629 5
4629 4679 5
4679 4729 5
4729 4779 5
4779 4829 5
4829 4879 5
4879 4929 5
4929 4979 5
2480 2481 5
2481 2482 5
2482 2483 5
4968 2468 5
4969 4968 5
4970 4969 5
4971 4970 5
4972 4971 5
4973 4972 5
4974 4973 5
4975 4974 5
4976 4975 5
4977 4976 5
4978 4977 5
4979 4978 5
4979 4980 5
4980 2480 5
5479 5529 5
5529 5579 5
5579 3079 5
551 501 6
601 551 6
602 601 6
652 602 6
702 652 6
752 702 6
802 752 6
852 802 6
902 852 6
952 902 6
1002 952 6
1052 1002 6
1102 1052 6
1152 1102 6
1202 1152 6
1202 1203 6
1203 1204 6
1204 1205 6
1205 1206 6
1206 1207 6
1207 1208 6
1208 1209 6
1209 1210 6
1210 1211 6
1211 1212 6
1212 1213 6
1213 1214 6
1214 1215 6
1215 1216 6
1216 1217 6
1217 1218 6
1218 1219 6
1219 1220 6
1220 1221 6
1221 1222 6
1222 1223 6
1223 1224 6
1224 1225 6
1225 1275 6
1251 1252 6
1252 1202 6
1275 1325 6
1325 1375 6
1375 1425 6
1425 1475 6
1475 1525 6
1525 1575 6
1575 1625 6
1625 1675 6
1675 1725 6
1725 1775 6
1775 1825 6
1825 1875 6
1875 1925 6
1925 1975 6
1975 2025 6
2025 2075 6
2075 2125 6
2125 2175 6
2175 2225 6
2225 2275 6
2275 2325 6
2325 2375 6
2375 2425 6
2425 2426 6
2426 2427 6
2427 2428 6
2428 2429 6
2429 2430 6
2430 2431 6
2431 2432 6
2432 2433 6
2433 2434 6
2434 2435 6
2435 2436 6
2436 2437 6
2437 2438 6
2438 2439 6
2439 2440 6
2440 2441 6
2441 2442 6
2442 2443 6
2443 2444 6
2444 2445 6
2445 2446 6
2446 2447 6
2447 2448 6
2448 2449 6
2449 2450 6
2527  27 7
4892 7392 7
2492 4992 7
4942 4892 7
4992 4942 7
5027 2527 7
5028 5027 7
5029 5028 7
5030 5029 7
5031 5030 7
5032 5031 7
5033 5032 7
5034 5033 7
5035 5034 7
5036 5035 7
5037 5036 7
5038 5037 7
5039 5038 7
5040 5039 7
5041 5040 7
5042 5041 7
5092 5042 7
5142 5092 7
5192 5142 7
5242 5192 7
5292 5242 7
5342 5292 7
5392 5342 7
5442 5392 7
5492 5442 7
5542 5492 7
5592 5542 7
5642 5592 7
5692 5642 7
5742 5692 7
5792 5742 7
5842 5792 7
5892 5842 7
5942 5892 7
5992 5942 7
6042 5992 7
6092 6042 7
6142 6092 7
6192 6142 7
6242 6192 7
6292 6242 7
6342 6292 7
6392 6342 7
6442 6392 7
6492 6442 7
6542 6492 7
6592 6542 7
6642 6592 7
6692 6642 7
6742 6692 7
6792 6742 7
6842 6792 7
6892 6842 7
6942 6892 7
6992 6942 7
7042 6992 7
7092 7042 7
7142 7092 7
7192 7142 7
7242 7192 7
7292 7242 7
7342 7292 7
7392 7342 7
 86  36 8
136  86 8
186 136 8
236 186 8
286 236 8
336 286 8
386 336 8
436 386 8
486 436 8
2986 486 8
2351 4851 8
4851 7351 8
5486 2986 8
5536 5486 8
5586 5536 8
5636 5586 8
5686 5636 8
5736 5686 8
5786 5736 8
5836 5786 8
5886 5836 8
5936 5886 8
5986 5936 8
6036 5986 8
6086 6036 8
6136 6086 8
6186 6136 8
6236 6186 8
6286 6236 8
6336 6286 8
6386 6336 8
6436 6386 8
6486 6436 8
6536 6486 8
6586 6536 8
6636 6586 8
6686 6636 8
6736 6686 8
6786 6736 8
6836 6786 8
6886 6836 8
6936 6886 8
6986 6936 8
7036 6986 8
7086 7036 8
7136 7086 8
7186 7136 8
7236 7186 8
7286 7236 8
7336 7286 8
7351 7352 8
7352 7353 8
7353 7354 8
7354 7355 8
7355 7356 8
7356 7357 8
7357 7358 8
7358 7359 8
7359 7360 8
7360 7361 8
7361 7362 8
7362 7363 8
7363 7364 8
7364 7365 8
7365 7366 8
7366 7367 8
7367 7368 8
7368 7369 8
7369 7370 8
7370 7371 8
7371 7372 8
7372 7373 8
7373 7374 8
7374 7375 8
7375 7376 8
7376 7377 8
7377 7378 8
7378 7379 8
7379 7380 8
7380 7381 8
7381 7382 8
7382 7383 8
7383 7384 8
7384 7385 8
7385 7386 8
7386 7336 8
351 401 9
401 402 9
402 452 9
452 502 9
502 552 9
552 3052 9
3052 3102 9
3102 3152 9
3152 3202 9
3202 3252 9
3251 751 9
3252 3251 9
2547  47 10
2462 4962 10
4962 4963 10
4963 4964 10
4964 4965 10
4965 4966 10
4966 4967 10
4967 7467 10
5047 2547 10
5097 5047 10
5147 5097 10
5197 5147 10
5247 5197 10
5297 5247 10
5347 5297 10
5397 5347 10
5447 5397 10
5497 5447 10
5547 5497 10
5597 5547 10
5647 5597 10
5697 5647 10
5747 5697 10
5797 5747 10
5847 5797 10
5897 5847 10
5947 5897 10
5997 5947 10
6047 5997 10
6097 6047 10
6147 6097 10
6197 6147 10
6247 6197 10
6297 6247 10
6347 6297 10
6397 6347 10
6447 6397 10
6497 6447 10
6547 6497 10
6597 6547 10
6647 6597 10
6697 6647 10
6747 6697 10
6797 6747 10
6847 6797 10
6897 6847 10
6947 6897 10
6997 6947 10
7047 6997 10
7097 7047 10
7147 7097 10
7197 7147 10
7247 7197 10
7297 7247 10
7347 7297 10
7397 7347 10
7447 7397 10
7467 7468 10
7468 7469 10
7469 7470 10
7470 7471 10
7471 7472 10
7472 7473 10
7473 7474 10
7474 7475 10
7475 7476 10
7476 7477 10
7477 7478 10
7478 7479 10
7479 7480 10
7480 7481 10
7481 7482 10
7482 7483 10
7483 7484 10
7484 7485 10
7485 7486 10
7486 7487 10
7487 7488 10
7488 7489 10
7489 7490 10
7490 7491 10
7491 7492 10
7492 7493 10
7493 7494 10
7494 7495 10
7495 7496 10
7496 7497 10
7497 7447 10
