# Cost: 1185

# Tail Head Net
2201 2101 1
2301 2201 1
2401 2301 1
2501 2401 1
2601 2501 1
2701 2601 1
2801 2701 1
2901 2801 1
3001 2901 1
3101 3001 1
3201 3101 1
3301 3201 1
3401 3301 1
3501 3401 1
3601 3501 1
3701 3601 1
3801 3701 1
3901 3801 1
4001 3901 1
4101 4001 1
4201 4101 1
4301 4201 1
4401 4301 1
4501 4401 1
4601 4501 1
4701 4601 1
4801 4701 1
4901 4801 1
4901 4902 1
4902 4903 1
4903 4904 1
4904 4905 1
4905 4906 1
4906 4907 1
4907 4908 1
4908 4909 1
4909 4910 1
4910 4911 1
4911 4912 1
4912 4913 1
4913 4914 1
4914 4915 1
4915 4916 1
4916 4917 1
4917 4918 1
4918 4919 1
4919 4920 1
4920 4921 1
4921 4922 1
4922 4923 1
4923 4924 1
4924 4925 1
4925 4926 1
4926 4927 1
4927 4928 1
4928 4929 1
4929 4930 1
4930 4931 1
4931 4932 1
4932 4933 1
4933 4934 1
4934 4935 1
4935 4936 1
4936 4937 1
4937 4938 1
4938 4939 1
4939 4940 1
4940 4941 1
4941 4942 1
4942 4943 1
4943 4944 1
4944 4945 1
4945 4946 1
4946 4947 1
4947 4948 1
4948 4949 1
4949 4950 1
4950 4951 1
4951 4952 1
4952 4953 1
4953 4954 1
4954 4955 1
4955 4956 1
4956 4957 1
4957 4958 1
4958 4959 1
4959 4960 1
4960 4961 1
4961 4962 1
4962 4963 1
4963 4964 1
4964 4965 1
4965 4966 1
4966 4967 1
4967 4968 1
4968 4969 1
4969 4970 1
4970 4971 1
4971 4972 1
4972 4973 1
4973 4974 1
4974 4975 1
4975 4976 1
4976 4977 1
4977 4978 1
4978 4979 1
4979 4980 1
4980 4981 1
4981 4982 1
4982 4983 1
4983 4984 1
4984 4985 1
4985 4986 1
4986 4987 1
4987 4988 1
4988 4989 1
4989 4990 1
4990 4991 1
4991 4992 1
4992 4993 1
4993 4994 1
4994 4995 1
4995 4996 1
4996 4997 1
4997 4998 1
4998 4999 1
4999 5000 1
5001 4901 1
5101 5001 1
5201 5101 1
5301 5201 1
5401 5301 1
5501 5401 1
5501 5601 1
136 236 2
137 136 2
138 137 2
139 138 2
140 139 2
141 140 2
142 141 2
143 142 2
144 143 2
145 144 2
146 145 2
147 146 2
148 147 2
149 148 2
150 149 2
151 150 2
152 151 2
153 152 2
154 153 2
155 154 2
156 155 2
157 156 2
158 157 2
159 158 2
160 159 2
161 160 2
162 161 2
163 162 2
164 163 2
165 164 2
166 165 2
167 166 2
168 167 2
169 168 2
170 169 2
 72 172 2
171 170 2
 73  72 2
172 171 2
 74  73 2
 75  74 2
 76  75 2
 77  76 2
 78  77 2
 79  78 2
 80  79 2
 81  80 2
 82  81 2
 82  83 2
 83  84 2
 84  85 2
 85  86 2
 86  87 2
 87  88 2
 88  89 2
 89  90 2
 90  91 2
 91  92 2
 92  93 2
 93  94 2
 94  95 2
 95  96 2
 96  97 2
 97  98 2
 98  99 2
 99 100 2
100 200 2
200 300 2
226 326 2
227 226 2
228 227 2
229 228 2
230 229 2
231 230 2
232 231 2
233 232 2
234 233 2
235 234 2
236 235 2
300 400 2
302 402 2
303 302 2
304 303 2
305 304 2
306 305 2
307 306 2
308 307 2
309 308 2
310 309 2
311 310 2
312 311 2
313 312 2
314 313 2
315 314 2
316 315 2
317 316 2
318 317 2
319 318 2
320 319 2
321 320 2
322 321 2
323 322 2
324 323 2
325 324 2
326 325 2
400 500 2
402 502 2
500 600 2
502 602 2
600 700 2
602 702 2
700 800 2
702 802 2
800 900 2
802 902 2
900 1000 2
902 1002 2
1000 1100 2
1002 1102 2
1100 1200 2
1102 1202 2
1200 1300 2
1202 1302 2
1300 1400 2
1302 1402 2
1400 1500 2
1402 1502 2
1500 1600 2
1502 1602 2
1600 1700 2
1602 1702 2
1700 1800 2
1702 1802 2
1800 1900 2
1801 1901 2
1802 1801 2
1900 2000 2
2000 2100 2
2100 2200 2
2200 2300 2
2300 2400 2
2400 2500 2
2500 2600 2
2600 2700 2
7500 7600 3
7600 7700 3
7700 7800 3
7800 7900 3
7900 8000 3
8000 8100 3
8100 8200 3
8200 8300 3
8300 8400 3
8400 8500 3
8500 8600 3
8600 8700 3
8700 8800 3
8800 8900 3
8900 9000 3
9000 9100 3
9100 9200 3
9200 9300 3
9300 9400 3
9400 9500 3
9500 9600 3
9600 9700 3
9700 9800 3
9800 9900 3
9900 10000 3
9922 9921 3
9923 9922 3
9924 9923 3
9925 9924 3
9926 9925 3
9927 9926 3
9928 9927 3
9929 9928 3
9991 19991 3
9992 9991 3
9993 9992 3
9994 9993 3
9995 9994 3
9996 9995 3
9997 9996 3
9998 9997 3
9999 9998 3
10000 9999 3
19929 9929 3
19930 19929 3
19931 19930 3
19932 19931 3
19933 19932 3
19934 19933 3
19935 19934 3
19936 19935 3
19937 19936 3
19938 19937 3
19939 19938 3
19940 19939 3
19941 19940 3
19942 19941 3
19943 19942 3
19944 19943 3
19945 19944 3
19946 19945 3
19947 19946 3
19948 19947 3
19949 19948 3
19950 19949 3
19951 19950 3
19952 19951 3
19953 19952 3
19954 19953 3
19955 19954 3
19956 19955 3
19957 19956 3
19958 19957 3
19959 19958 3
19960 19959 3
19961 19960 3
19962 19961 3
19963 19962 3
19964 19963 3
19965 19964 3
19966 19965 3
19967 19966 3
19968 19967 3
19969 19968 3
19970 19969 3
19971 19970 3
19972 19971 3
19973 19972 3
19974 19973 3
19975 19974 3
19976 19975 3
19977 19976 3
19978 19977 3
19979 19978 3
19980 19979 3
19981 19980 3
19982 19981 3
19983 19982 3
19984 19983 3
19985 19984 3
19986 19985 3
19987 19986 3
19988 19987 3
19989 19988 3
19990 19989 3
19991 19990 3
9401 9501 4
9501 9502 4
9502 9503 4
9503 9603 4
9603 9604 4
9604 9704 4
9704 9804 4
9804 9805 4
9805 9806 4
9806 9807 4
9807 9808 4
9808 9809 4
9808 9908 4
9809 9810 4
9810 9811 4
9811 9812 4
9812 9813 4
9813 9814 4
9814 9815 4
9815 9816 4
9816 9817 4
9817 9818 4
9818 9819 4
9819 9820 4
9820 9821 4
9821 9822 4
9822 9823 4
9823 9824 4
9824 9825 4
9825 9826 4
9826 9827 4
9827 9828 4
9828 9829 4
9829 9830 4
9830 9831 4
9831 9832 4
9832 9833 4
9833 9834 4
9834 9835 4
9835 9836 4
9836 9837 4
9837 9838 4
9838 9938 4
9938 9939 4
9939 9940 4
9940 9941 4
9941 9942 4
9942 9943 4
13100 3100 5
13200 13100 5
13300 13200 5
13400 13300 5
13500 13400 5
13600 13500 5
13700 13600 5
13800 13700 5
13900 13800 5
14000 13900 5
14100 14000 5
14200 14100 5
14300 14200 5
14400 14300 5
14500 14400 5
14600 14500 5
14700 14600 5
14800 14700 5
14900 14800 5
15000 14900 5
15100 15000 5
15200 15100 5
15300 15200 5
15400 15300 5
15500 15400 5
15600 15500 5
15700 15600 5
15800 15700 5
15900 15800 5
16000 15900 5
16100 16000 5
16200 16100 5
16300 16200 5
16400 16300 5
16500 16400 5
16600 16500 5
16700 16600 5
16800 16700 5
16900 16800 5
17000 16900 5
17100 17000 5
17200 17100 5
17300 17200 5
17400 17300 5
17500 17400 5
17600 17500 5
17700 17600 5
17800 17700 5
17900 17800 5
18000 17900 5
18100 18000 5
18200 18100 5
18300 18200 5
18400 18300 5
18500 18400 5
18600 18500 5
18700 18600 5
18800 18700 5
18900 18800 5
19000 18900 5
19100 19000 5
19200 19100 5
19300 19200 5
19400 19300 5
19500 19400 5
19600 19500 5
19700 19600 5
9849 19849 5
19800 19700 5
9949 9849 5
19849 19850 5
19850 19851 5
19851 19852 5
19852 19853 5
19853 19854 5
19854 19855 5
19855 19856 5
19856 19857 5
19857 19858 5
19858 19859 5
19859 19860 5
19860 19861 5
19861 19862 5
19862 19863 5
19863 19864 5
19864 19865 5
19865 19866 5
19866 19867 5
19867 19868 5
19868 19869 5
19869 19870 5
19870 19871 5
19871 19872 5
19872 19873 5
19873 19874 5
19874 19875 5
19875 19876 5
19876 19877 5
19877 19878 5
19878 19879 5
19879 19880 5
19880 19881 5
19881 19882 5
19882 19883 5
19883 19884 5
19884 19885 5
19885 19886 5
19886 19887 5
19887 19888 5
19888 19889 5
19889 19890 5
19890 19891 5
19891 19892 5
19892 19893 5
19893 19894 5
19894 19895 5
19895 19896 5
19896 19897 5
19897 19898 5
19898 19899 5
19899 19900 5
19900 19800 5
 35 10035 6
10035 10135 6
10135 10235 6
10235 10335 6
10335 10435 6
10435 10535 6
10535 10635 6
10635 10735 6
10735 10835 6
10835 10935 6
10935 11035 6
11035 11135 6
11135 11235 6
11235 11335 6
11335 11435 6
11435 11535 6
11535 11635 6
11635 11735 6
11735 11835 6
11835 11935 6
11935 12035 6
12035 12135 6
12135 12235 6
12235 12335 6
12335 12435 6
12435 12535 6
12535 12635 6
12635 12735 6
12735 12835 6
12835 12935 6
12935 13035 6
13035 13135 6
13135 13235 6
13235 13335 6
13335 13435 6
13435 13535 6
13535 13635 6
13635 13735 6
13735 13835 6
13835 13935 6
13935 14035 6
14035 14135 6
14135 14235 6
14235 14335 6
14335 14435 6
14435 14535 6
14535 14635 6
14635 14735 6
14735 14835 6
14835 14935 6
14935 15035 6
15035 15135 6
15135 15235 6
15235 15335 6
15335 15435 6
15435 15535 6
15535 15635 6
15635 15735 6
15735 15835 6
15835 15935 6
15935 16035 6
16035 16135 6
16135 16235 6
16235 16335 6
6435 6436 6
16335 16435 6
6436 6437 6
6437 6438 6
6438 6439 6
6439 6440 6
6440 6441 6
6441 6442 6
6442 6443 6
6443 6444 6
6444 6445 6
6445 6446 6
6446 6447 6
6447 6448 6
6448 6449 6
6449 6450 6
6450 6451 6
6451 6452 6
6452 6453 6
6453 6454 6
6454 6455 6
6455 6456 6
6456 6457 6
6457 6458 6
6458 6459 6
6459 6460 6
6460 6461 6
6461 6462 6
6462 6463 6
6463 6464 6
6464 6465 6
6465 6466 6
6466 6467 6
6467 6468 6
6468 6469 6
6469 6470 6
6470 6471 6
6471 6472 6
6472 6473 6
6473 6474 6
6474 6475 6
6475 6476 6
6476 6477 6
6477 6478 6
6478 6479 6
6479 6480 6
6480 6481 6
6481 6482 6
6482 6483 6
6483 6484 6
6484 6485 6
6485 6486 6
6486 6487 6
6487 6488 6
6488 6489 6
6489 6490 6
6490 6491 6
6491 6492 6
6492 6493 6
6493 6494 6
6494 6495 6
6495 6496 6
6496 6497 6
6497 6498 6
6498 6499 6
6499 6500 6
16435 6435 6
 70 10070 7
10070 10170 7
10170 10270 7
10270 10370 7
10370 10470 7
10470 10570 7
10570 10670 7
10670 10671 7
10671 10672 7
10672 10772 7
10772 10872 7
10872 10873 7
10873 10973 7
10973 10974 7
10974 11074 7
11074 11075 7
11075 11076 7
11076 11077 7
11077 11078 7
11078 11079 7
11079 11080 7
11080 11180 7
11180 11280 7
11280 11281 7
11281 11381 7
11381 11481 7
11481 11482 7
11482 11582 7
11582 11682 7
11682 11683 7
11683 11783 7
11783 11784 7
11784 11785 7
11785 11885 7
11885 11985 7
11985 12085 7
12085 12185 7
12185 12285 7
12285 12385 7
2386 2387 7
2387 2487 7
12385 12386 7
12386 2386 7
2487 2488 7
2488 2588 7
2588 2688 7
2688 2689 7
2689 2690 7
2690 2691 7
2691 2692 7
2692 2792 7
2792 2793 7
2793 2794 7
2794 2795 7
2795 2796 7
2796 2797 7
2797 2798 7
2798 2898 7
2898 2998 7
2998 2999 7
2999 3099 7
3099 3199 7
3199 3299 7
3299 3399 7
3399 3499 7
3499 3599 7
3599 3699 7
3699 3799 7
3799 3800 7
3800 3900 7
4899 14899 8
4900 4899 8
14899 14999 8
14999 15099 8
15099 15199 8
15199 15299 8
15299 15399 8
15399 15499 8
15499 15599 8
15599 15699 8
15699 15799 8
15798 15898 8
15799 15798 8
15898 15998 8
15998 16098 8
16096 16196 8
16097 16096 8
16098 16097 8
16195 16295 8
16196 16195 8
16295 16395 8
16389 16489 8
16390 16389 8
16391 16390 8
16392 16391 8
16393 16392 8
16394 16393 8
16395 16394 8
16489 16589 8
6682 6782 8
6683 6682 8
6684 6683 8
16586 16686 8
16587 16586 8
16588 16587 8
16589 16588 8
6777 6877 8
6778 6777 8
6779 6778 8
6780 6779 8
6781 6780 8
6782 6781 8
16684 6684 8
16685 16684 8
16686 16685 8
6875 6975 8
6876 6875 8
6877 6876 8
6975 7075 8
7075 7175 8
7175 7275 8
7274 7374 8
7275 7274 8
7374 7474 8
7474 7574 8
7574 7674 8
7674 7774 8
7774 7874 8
7874 7974 8
7974 8074 8
8074 8174 8
8174 8274 8
8274 8374 8
8374 8474 8
8474 8574 8
8574 8674 8
8674 8774 8
8774 8874 8
8874 8974 8
8974 9074 8
9074 9174 8
9174 9274 8
9274 9374 8
9374 9474 8
9474 9574 8
9574 9674 8
9674 9774 8
9774 9874 8
9874 9974 8
6801 6701 9
6901 6801 9
7001 6901 9
7101 7001 9
7201 7101 9
7301 7201 9
7401 7301 9
7501 7401 9
7601 7501 9
7701 7601 9
7801 7701 9
7901 7801 9
8001 7901 9
8101 8001 9
8201 8101 9
8301 8201 9
8401 8301 9
8501 8401 9
8601 8501 9
8701 8601 9
8801 8701 9
8901 8801 9
9001 8901 9
9101 9001 9
9201 9101 9
9301 9201 9
9302 9301 9
9402 9302 9
9403 9402 9
9404 9403 9
9504 9404 9
9505 9504 9
9605 9505 9
9705 9605 9
9706 9705 9
9707 9706 9
9708 9707 9
9709 9708 9
9710 9709 9
9711 9710 9
9712 9711 9
9713 9712 9
9714 9713 9
9715 9714 9
9716 9715 9
9717 9716 9
9718 9717 9
9719 9718 9
9720 9719 9
9721 9720 9
9722 9721 9
9723 9722 9
9724 9723 9
9725 9724 9
9726 9725 9
9727 9726 9
9728 9727 9
9729 9728 9
9730 9729 9
9731 9730 9
9732 9731 9
9733 9732 9
9734 9733 9
9735 9734 9
9736 9735 9
9737 9736 9
9738 9737 9
9739 9738 9
9740 9739 9
9741 9740 9
9742 9741 9
9743 9742 9
9744 9743 9
9745 9744 9
9746 9745 9
9747 9746 9
9748 9747 9
9749 9748 9
9750 9749 9
9850 9750 9
9950 9850 9
9951 9950 9
9952 9951 9
9953 9952 9
9954 9953 9
9955 9954 9
9956 9955 9
9957 9956 9
9958 9957 9
9959 9958 9
9960 9959 9
9961 9960 9
9962 9961 9
 24  25 10
 25  26 10
 26  27 10
 27  28 10
 28  29 10
 29  30 10
 30  31 10
 31  32 10
 32  33 10
9778 9779 11
9779 9780 11
9780 9781 11
9781 9782 11
9782 9783 11
9783 9784 11
9784 9884 11
9801 9802 11
9802 9803 11
9803 19803 11
19742 19743 11
19743 19744 11
19744 19745 11
19745 19746 11
19746 19747 11
19747 19748 11
19748 19749 11
19749 19750 11
19750 19751 11
19751 19752 11
19752 19753 11
19753 19754 11
19754 19755 11
19755 19756 11
19756 19757 11
19757 19758 11
19758 19759 11
19759 19760 11
19760 19761 11
19761 19762 11
19762 19763 11
19763 19764 11
19764 19765 11
19765 19766 11
19766 19767 11
19767 19768 11
19768 19769 11
19769 19770 11
19770 19771 11
19771 19772 11
19772 19773 11
19773 19774 11
19774 19775 11
19775 19776 11
19776 19777 11
19777 19778 11
19778 9778 11
9884 9984 11
19803 19804 11
19804 19805 11
19805 19806 11
19806 19807 11
19807 19808 11
19808 19809 11
19809 19810 11
19810 19811 11
19811 19812 11
19812 19813 11
19813 19814 11
19814 19815 11
19815 19816 11
19816 19817 11
19817 19818 11
19818 19819 11
19819 19820 11
19820 19821 11
19821 19822 11
19822 19823 11
19823 19824 11
19824 19825 11
19825 19826 11
19826 19827 11
19827 19828 11
19828 19829 11
19829 19830 11
19830 19831 11
19831 19832 11
19832 19833 11
19833 19834 11
19834 19835 11
19835 19836 11
19836 19837 11
19837 19838 11
19838 19839 11
19839 19840 11
19840 19841 11
19841 19842 11
19842 19742 11
9984 9985 11
9985 9986 11
 17 10017 12
10017 10117 12
10117 10217 12
10217 10317 12
10317 10417 12
10417 10517 12
10517 10617 12
10617 10717 12
10717 10817 12
10817 10917 12
10917 11017 12
11017 11117 12
11117 11217 12
11217 11317 12
11317 11417 12
11417 11517 12
11517 11617 12
11617 11717 12
11717 11817 12
11817 11917 12
11917 12017 12
12017 12117 12
12117 12217 12
12217 12317 12
12317 12417 12
12417 12517 12
12517 12617 12
12617 12717 12
12717 12817 12
12817 12917 12
12917 13017 12
13017 13117 12
13117 13217 12
13217 13317 12
13317 13417 12
13417 13517 12
13517 13617 12
13617 13717 12
13717 13817 12
13817 13917 12
13917 14017 12
14017 14117 12
14117 14217 12
14217 14317 12
14317 14417 12
14417 14517 12
14517 14617 12
14617 14717 12
14717 14817 12
14817 14917 12
14917 15017 12
15017 15117 12
15117 15217 12
15217 15317 12
15317 15417 12
15417 15517 12
15517 15617 12
15617 15717 12
15717 15817 12
15817 15917 12
15917 16017 12
16017 16117 12
16117 16217 12
16217 16317 12
16317 16417 12
16417 16517 12
16517 16617 12
16617 16717 12
16717 16817 12
16817 16917 12
16917 17017 12
17017 17117 12
17117 17217 12
17217 17317 12
17317 17417 12
17417 17517 12
17517 17617 12
17617 17717 12
17717 17817 12
17817 17917 12
17917 18017 12
18017 18117 12
18117 18217 12
18217 18317 12
18317 18417 12
18417 18517 12
18517 18617 12
18617 18717 12
18717 18817 12
18817 18917 12
18917 19017 12
19017 19117 12
19117 19217 12
19217 19317 12
19317 19417 12
19417 19517 12
19517 19617 12
9675 9775 12
19617 19618 12
19618 19619 12
19619 19620 12
19620 19621 12
19621 19622 12
19622 19623 12
19623 19624 12
19624 19625 12
19625 19626 12
19626 19627 12
19627 19628 12
19628 19629 12
19629 19630 12
19630 19631 12
19631 19632 12
19632 19633 12
19633 19634 12
19634 19635 12
19635 19636 12
19636 19637 12
19637 19638 12
19638 19639 12
19639 19640 12
19640 19641 12
19641 19642 12
19642 19643 12
19643 19644 12
19644 19645 12
19645 19646 12
19646 19647 12
19647 19648 12
19648 19649 12
19649 19650 12
19650 19651 12
19651 19652 12
19652 19653 12
19653 19654 12
19654 19655 12
19655 19656 12
19656 19657 12
19657 19658 12
19658 19659 12
19659 19660 12
19660 19661 12
19661 19662 12
19662 19663 12
19663 19664 12
19664 19665 12
19665 19666 12
19666 19667 12
19667 19668 12
19668 19669 12
19669 19670 12
19670 19671 12
19671 19672 12
19672 19673 12
19673 19674 12
19674 19675 12
9775 9875 12
19675 9675 12
9875 9975 12
