# Cost: 634

# Tail Head Net
 60  20 1
 80  40 1
100  60 1
120  80 1
140 100 1
160 120 1
180 140 1
200 160 1
220 180 1
240 200 1
260 220 1
280 240 1
300 260 1
320 280 1
340 300 1
360 320 1
369 409 1
370 369 1
371 370 1
372 371 1
373 372 1
374 373 1
375 374 1
376 375 1
377 376 1
378 377 1
379 378 1
380 340 1
380 379 1
381 380 1
382 381 1
383 382 1
384 383 1
385 384 1
386 385 1
387 386 1
388 387 1
389 388 1
390 389 1
391 390 1
392 391 1
393 392 1
394 393 1
395 394 1
396 395 1
397 396 1
398 397 1
399 398 1
400 360 1
400 399 1
409 449 1
449 489 1
489 529 1
529 569 1
569 609 1
609 649 1
649 689 1
689 729 1
729 769 1
769 809 1
809 849 1
849 889 1
889 929 1
929 969 1
969 1009 1
1009 1049 1
1049 1089 1
1089 1129 1
1129 1169 1
1169 1209 1
1209 1249 1
1249 1289 1
1289 1329 1
1329 1369 1
1369 1409 1
1409 1449 1
1449 1489 1
1489 1529 1
1529 1569 1
1616  16 2
1626 3226 2
1627 1626 2
1628 1627 2
1628 1629 2
1629 1630 2
1630  30 2
1668 1628 2
1708 1668 2
1748 1708 2
1788 1748 2
1828 1788 2
1868 1828 2
1908 1868 2
1948 1908 2
1988 1948 2
2028 1988 2
508 2108 2
2068 2028 2
548 508 2
2108 2068 2
588 548 2
628 588 2
668 628 2
708 668 2
748 708 2
788 748 2
828 788 2
868 828 2
908 868 2
908 909 2
909 910 2
910 911 2
911 912 2
912 913 2
913 914 2
914 915 2
915 916 2
916 917 2
917 918 2
918 919 2
919 920 2
920 960 2
948 908 2
960 1000 2
988 948 2
1028 988 2
1067 1068 2
1068 1028 2
1107 1067 2
1146 1147 2
1147 1107 2
1186 1146 2
1226 1186 2
1266 1226 2
1306 1266 2
1346 1306 2
1386 1346 2
1426 1386 2
1466 1426 2
1506 1466 2
1546 1506 2
1586 1546 2
3216 1616 2
3217 3216 2
3218 3217 2
3219 3218 2
3220 3219 2
3221 3220 2
3222 3221 2
3223 3222 2
3224 3223 2
3225 3224 2
3226 3225 2
 43   3 3
 43  83 3
 44  43 3
 45  44 3
 46  45 3
 47  46 3
 48  47 3
 49  48 3
 50  49 3
 51  50 3
 52  51 3
 53  52 3
 54  53 3
 55  54 3
 63 1663 3
 64  63 3
 65  64 3
 66  65 3
 67  66 3
 68  67 3
 69  68 3
 70  69 3
 71  70 3
 72  71 3
 73  72 3
 35  75 3
 74  73 3
 75  74 3
 75 115 3
 83 123 3
1655  55 3
1656 1655 3
1657 1656 3
1658 1657 3
1659 1658 3
1660 1659 3
1661 1660 3
1662 1661 3
1663 1662 3
115 155 3
123 163 3
155 195 3
163 203 3
195 235 3
202 242 3
203 202 3
235 275 3
242 282 3
275 315 3
282 322 3
315 316 3
316 1916 3
322 362 3
1916 1917 3
1917 1957 3
362 402 3
1957 1997 3
402 442 3
1997 1998 3
1998 2038 3
441 481 3
442 441 3
2038 2039 3
2039 2079 3
481 521 3
2079 2119 3
521 561 3
2119 2159 3
561 601 3
2159 2199 3
601 641 3
2199 2239 3
641 681 3
2239 2279 3
681 721 3
2279 2319 3
721 761 3
2319 2359 3
760 800 3
761 801 3
2359 2360 3
2360 760 3
801 841 3
841 881 3
881 921 3
921 961 3
961 1001 3
1001 1041 3
1041 1081 3
 25  26 4
1625  25 4
1665 1625 4
1666 1665 4
1706 1666 4
2667 4267 4
2707 2667 4
2747 2707 4
2787 2747 4
1237 2837 4
1238 1237 4
1239 1238 4
1240 1239 4
1242 1241 4
1243 1242 4
2806 2846 4
2807 2806 4
2808 2807 4
2809 2808 4
2810 2809 4
2811 2810 4
2812 2811 4
2813 2812 4
2814 2813 4
2815 2814 4
2816 2815 4
2817 2816 4
2818 2817 4
2819 2818 4
2820 2819 4
2821 2820 4
2822 2821 4
2823 2822 4
2824 2823 4
2825 2824 4
2826 2825 4
2827 2787 4
2827 2826 4
1268 1308 4
2828 2827 4
2828 2868 4
2829 2828 4
2830 2829 4
2831 2830 4
2832 2831 4
2833 2832 4
2834 2833 4
2835 2834 4
2836 2835 4
2837 2836 4
2843 1243 4
2844 2843 4
2845 2844 4
2846 2845 4
1308 1348 4
2868 1268 4
1348 1388 4
1388 1428 4
1428 1468 4
1468 1508 4
1508 1548 4
1548 1588 4
3306 1706 4
3346 3306 4
3386 3346 4
3426 3386 4
3466 3426 4
3506 3466 4
3507 3506 4
3547 3507 4
3587 3547 4
3627 3587 4
3667 3627 4
3707 3667 4
3747 3707 4
3787 3747 4
3827 3787 4
3867 3827 4
3907 3867 4
3947 3907 4
3987 3947 4
4027 3987 4
4067 4027 4
4107 4067 4
4147 4107 4
4187 4147 4
4227 4187 4
4267 4227 4
  7 1607 5
1607 1647 5
 87 127 5
1647 1687 5
127 167 5
1687  87 5
167 207 5
207 247 5
247 287 5
287 327 5
327 367 5
367 407 5
407 447 5
447 487 5
487 527 5
527 567 5
567 607 5
607 647 5
647 687 5
687 727 5
727 767 5
767 807 5
807 847 5
847 887 5
887 927 5
927 967 5
967 1007 5
1007 1047 5
1047 1087 5
1087 1127 5
1127 1167 5
1167 1207 5
1207 1247 5
1247 1287 5
1287 1327 5
1322 1321 5
1323 1322 5
1324 1323 5
1325 1324 5
1326 1325 5
1327 1326 5
1327 2927 5
2927 2967 5
2967 3007 5
3007 3047 5
3047 3087 5
3087 3127 5
3127 3128 5
3128 3129 5
3129 3130 5
3130 3131 5
3131 3171 5
1579 1580 5
3171 3172 5
3172 3173 5
3173 3174 5
3174 3175 5
3175 3176 5
3176 3177 5
3177 3178 5
3178 3179 5
3179 1579 5
 77  37 6
117  77 6
157 117 6
197 157 6
237 197 6
277 237 6
317 277 6
356 357 6
357 317 6
1956 356 6
1996 1956 6
2036 1996 6
2076 2036 6
2116 2076 6
2156 2116 6
2196 2156 6
2236 2196 6
2276 2236 6
2316 2276 6
2356 2316 6
2396 2356 6
2436 2396 6
2476 2436 6
2516 2476 6
996 2596 6
2556 2516 6
1036 996 6
2596 2556 6
1076 1036 6
1116 1076 6
1156 1116 6
1196 1156 6
1196 1236 6
1197 1196 6
1198 1197 6
1199 1198 6
1200 1199 6
1229 1269 6
1230 1229 6
1231 1230 6
1232 1231 6
1233 1232 6
1234 1233 6
1235 1234 6
1236 1235 6
1269 2869 6
2869 2909 6
2909 2949 6
2948 2988 6
2949 2948 6
1425 1465 6
2986 3026 6
2987 2986 6
2988 2987 6
1465 1505 6
3025 1425 6
3026 3025 6
1504 1544 6
1505 1504 6
1543 1583 6
1544 1543 6
1583 1582 6
1572 1573 7
1573 1574 7
1574 1575 7
1564 1565 8
1565 1566 8
1566 1567 8
1567 1568 8
1568 3168 8
1589 1590 8
1590 1591 8
1591 1592 8
1592 1593 8
1593 1594 8
1594 1595 8
1595 1596 8
1596 1597 8
3168 4768 8
3180 3181 8
3181 3182 8
3182 3183 8
3183 3184 8
3184 3185 8
3185 3186 8
3186 3187 8
3187 3188 8
3188 3189 8
3189 1589 8
4768 4769 8
4769 4770 8
4770 4771 8
4771 4772 8
4772 4773 8
4773 4774 8
4774 4775 8
4775 4776 8
4776 4777 8
4777 4778 8
4778 4779 8
4779 4780 8
4780 3180 8
  1 1601 9
1601 1602 9
1602 1603 9
1603 1604 9
1604 1605 9
1605 1606 9
1606 3206 9
 56  57 9
 57  17 9
 88  89 9
 89  90 9
 90  91 9
 91  92 9
 92  93 9
 93  94 9
 94  95 9
 95  96 9
 96  56 9
1688  88 9
3206 3207 9
3207 3247 9
3247 3287 9
3287 3288 9
3288 1688 9
1631  31 10
1671 1631 10
1711 1671 10
1751 1711 10
1791 1751 10
1831 1791 10
1871 1831 10
1911 1871 10
1951 1911 10
1991 1951 10
2031 1991 10
2071 2031 10
2111 2071 10
2151 2111 10
2191 2151 10
2231 2191 10
2271 2231 10
2311 2271 10
2351 2311 10
2391 2351 10
2431 2391 10
2471 2431 10
2501 2502 10
2502 2503 10
2503 2504 10
2504 2505 10
2505 2506 10
2506 2507 10
2507 2508 10
2508 2509 10
2509 2510 10
2510 2511 10
2511 2471 10
2541 2501 10
2581 2541 10
2621 2581 10
2661 2621 10
2701 2661 10
1181 2781 10
2741 2701 10
1221 1181 10
2781 2741 10
1261 1221 10
1301 1261 10
1341 1301 10
1381 1341 10
1421 1381 10
1461 1421 10
1501 1461 10
1541 1501 10
1581 1541 10
 58  18 11
 98  58 11
1698  98 11
2955 4555 11
1435 3035 11
2995 2955 11
1436 1435 11
3035 2995 11
1476 1436 11
1477 1476 11
1478 1477 11
1479 1478 11
1480 1479 11
1520 1480 11
1560 1520 11
1600 1560 11
3298 1698 11
3338 3298 11
3339 3338 11
3379 3339 11
3419 3379 11
3459 3419 11
3499 3459 11
3500 3499 11
3540 3500 11
3580 3540 11
3620 3580 11
3660 3620 11
3700 3660 11
3740 3700 11
3780 3740 11
3781 3780 11
3821 3781 11
3822 3821 11
3862 3822 11
3863 3862 11
3903 3863 11
3943 3903 11
3983 3943 11
4023 3983 11
4063 4023 11
4103 4063 11
4104 4103 11
4105 4104 11
4145 4105 11
4185 4145 11
4225 4185 11
4226 4225 11
4266 4226 11
4306 4266 11
4307 4306 11
4308 4307 11
4309 4308 11
4310 4309 11
4311 4310 11
4312 4311 11
4352 4312 11
4392 4352 11
4393 4392 11
4433 4393 11
4473 4433 11
4513 4473 11
4514 4513 11
4515 4514 11
4555 4515 11
