# Cost: 989

# Tail Head Net
600 550 1
650 600 1
699 700 1
700 650 1
749 699 1
799 749 1
849 799 1
899 849 1
901 951 1
902 901 1
903 902 1
906 3406 1
907 906 1
908 907 1
909 908 1
910 909 1
911 910 1
912 911 1
913 912 1
914 913 1
915 914 1
916 915 1
917 916 1
918 917 1
919 918 1
920 919 1
921 920 1
922 921 1
923 922 1
924 923 1
925 924 1
926 925 1
927 926 1
928 927 1
929 928 1
930 929 1
931 930 1
932 931 1
933 932 1
934 933 1
935 934 1
936 935 1
937 936 1
938 937 1
939 938 1
940 939 1
941 940 1
942 941 1
943 942 1
944 943 1
945 944 1
946 945 1
947 946 1
948 947 1
949 899 1
949 948 1
3403 903 1
3404 3403 1
3405 3404 1
3406 3405 1
999 949 1
1049 999 1
1099 1049 1
1149 1099 1
1149 1150 1
1198 1199 1
1199 1149 1
1248 1198 1
1298 1248 1
1348 1298 1
1398 1348 1
1448 1398 1
1498 1448 1
1548 1498 1
1598 1548 1
1648 1598 1
1698 1648 1
1748 1698 1
1798 1748 1
1848 1798 1
1898 1848 1
1948 1898 1
1998 1948 1
2048 1998 1
2098 2048 1
2148 2098 1
2198 2148 1
2248 2198 1
2297 2298 1
2298 2248 1
2347 2297 1
2397 2347 1
2447 2397 1
2474 2475 1
2475 2476 1
2476 2477 1
2477 2478 1
2478 2479 1
2479 2480 1
2480 2481 1
2481 2482 1
2482 2483 1
2483 2484 1
2484 2485 1
2485 2486 1
2486 2487 1
2487 2488 1
2488 2489 1
2489 2490 1
2490 2491 1
2491 2492 1
2492 2493 1
2493 2494 1
2494 2495 1
2495 2496 1
2496 2497 1
2497 2447 1
 53   3 2
103  53 2
153 103 2
203 153 2
253 203 2
303 253 2
353 303 2
403 353 2
453 403 2
503 453 2
553 503 2
603 553 2
653 603 2
703 653 2
753 703 2
803 753 2
804 803 2
854 804 2
904 854 2
954 904 2
1004 954 2
1005 1004 2
1055 1005 2
1105 1055 2
1155 1105 2
1205 1155 2
1206 1205 2
1207 1206 2
1208 1207 2
1209 1208 2
1259 1209 2
1309 1259 2
1359 1309 2
1409 1359 2
1459 1409 2
1509 1459 2
1559 1509 2
1609 1559 2
1659 1609 2
1709 1659 2
1710 1709 2
1760 1710 2
1810 1760 2
1860 1810 2
1910 1860 2
1960 1910 2
2010 1960 2
2060 2010 2
2100 2050 2
2110 2060 2
2150 2100 2
2160 2110 2
2200 2150 2
2210 2160 2
2210 2260 2
2211 2210 2
2212 2211 2
2213 2212 2
2214 2213 2
2215 2214 2
2216 2215 2
2217 2216 2
2218 2217 2
2219 2218 2
2220 2219 2
2221 2220 2
2222 2221 2
2223 2222 2
2224 2223 2
2225 2224 2
2226 2225 2
2227 2226 2
2228 2227 2
2229 2228 2
2230 2229 2
2231 2230 2
2232 2231 2
2233 2232 2
2234 2233 2
2235 2234 2
2236 2235 2
2237 2236 2
2238 2237 2
2239 2238 2
2240 2239 2
2241 2240 2
2242 2241 2
2243 2242 2
2250 2200 2
2250 4750 2
2257 2307 2
2258 2257 2
2259 2258 2
2260 2259 2
4743 2243 2
4744 4743 2
4745 4744 2
4746 4745 2
4747 4746 2
4748 4747 2
4749 4748 2
4750 4749 2
2307 2357 2
2357 2407 2
2407 2457 2
2457 2456 2
2202 2201 3
2203 2202 3
2253 2203 3
2303 2253 3
2353 2303 3
2398 2399 3
2399 2400 3
2403 2353 3
4894 4895 3
4895 4896 3
4896 4897 3
4897 4898 3
4898 2398 3
2453 2403 3
2453 2454 3
2454 2455 3
2455 4955 3
4944 4894 3
4955 4956 3
4956 4957 3
4957 4958 3
4958 4959 3
4959 4960 3
4960 2460 3
4960 4961 3
4961 4962 3
4962 4963 3
4963 4964 3
4964 4965 3
4965 4966 3
4966 4967 3
4967 4968 3
4968 4969 3
4969 4970 3
4970 4971 3
4971 4972 3
4972 4973 3
4973 4974 3
4974 4975 3
4975 4976 3
4976 4977 3
4977 4978 3
4978 4979 3
4979 4980 3
4980 4981 3
4981 4982 3
4982 4983 3
4983 4984 3
4984 4985 3
4985 4986 3
4986 4987 3
4987 4988 3
4988 4989 3
4989 4990 3
4990 4991 3
4991 4992 3
4992 4993 3
4993 4994 3
4994 4944 3
 90  40 4
140  90 4
190 140 4
240 190 4
290 240 4
340 290 4
390 340 4
440 390 4
490 440 4
540 490 4
590 540 4
640 590 4
690 640 4
740 690 4
790 740 4
840 790 4
890 840 4
3390 890 4
3440 3390 4
3490 3440 4
3540 3490 4
3590 3540 4
3640 3590 4
3690 3640 4
3740 3690 4
3790 3740 4
1349 1399 4
1349 3849 4
1350 1349 4
3840 3790 4
3840 3890 4
3841 3840 4
3842 3841 4
3843 3842 4
3844 3843 4
3845 3844 4
3846 3845 4
3847 3846 4
3848 3847 4
1399 1449 4
3849 3848 4
3876 3926 4
3877 3876 4
3878 3877 4
3879 3878 4
3880 3879 4
3881 3880 4
3882 3881 4
3883 3882 4
3884 3883 4
3885 3884 4
3886 3885 4
3887 3886 4
3888 3887 4
3889 3888 4
3890 3889 4
1449 1499 4
1452 1451 4
1453 1452 4
1454 1453 4
1455 1454 4
1456 1455 4
3926 3976 4
1499 1549 4
3956 1456 4
3957 3956 4
3958 3957 4
3959 3958 4
3960 3959 4
3961 3960 4
3962 3961 4
3963 3962 4
3964 3963 4
3965 3964 4
3966 3965 4
3967 3966 4
3968 3967 4
3969 3968 4
3970 3969 4
3971 3970 4
3972 3971 4
3973 3972 4
3974 3973 4
3975 3974 4
3976 3975 4
1549 1599 4
1599 1649 4
1649 1699 4
1699 1749 4
1749 1799 4
1799 1849 4
1849 1899 4
1899 1949 4
1949 1999 4
1999 2049 4
2049 2099 4
2099 2149 4
2149 2199 4
2199 2249 4
2249 2299 4
2299 2300 4
 14  15 5
2514  14 5
2551  51 5
2552 2551 5
2553 2552 5
2554 2553 5
2555 2554 5
2564 2514 5
2605 2555 5
2614 2564 5
2655 2605 5
2656 2655 5
2657 2656 5
2658 2657 5
2659 2658 5
2660 2659 5
2661 2660 5
2662 2661 5
2663 2662 5
2664 2614 5
2664 2663 5
2714 2664 5
2764 2714 5
2765 2764 5
1400 3900 5
3896 6396 5
3897 3896 5
3898 3897 5
3899 3898 5
3900 3899 5
4811 4861 5
4812 4811 5
4813 4812 5
2411 2461 5
4861 4911 5
4911 2411 5
5265 2765 5
5315 5265 5
5365 5315 5
5415 5365 5
5465 5415 5
5515 5465 5
5565 5515 5
5615 5565 5
5665 5615 5
5715 5665 5
5765 5715 5
5815 5765 5
5865 5815 5
5915 5865 5
5916 5915 5
5966 5916 5
5966 6016 5
5967 5966 5
5968 5967 5
5969 5968 5
5970 5969 5
5971 5970 5
5972 5971 5
5973 5972 5
5974 5973 5
5975 5974 5
6016 6066 5
6025 5975 5
6066 6116 5
6075 6025 5
6116 6166 5
6125 6075 5
6165 6215 5
6166 6165 5
6175 6125 5
6176 6175 5
6215 6265 5
6226 6176 5
6265 6315 5
6276 6226 5
6315 6365 5
6326 6276 5
6365 6415 5
6376 6326 5
6377 6376 5
6378 6377 5
6379 6378 5
6380 6379 5
6381 6380 5
6382 6381 5
6383 6382 5
6384 6383 5
6385 6384 5
6386 6385 5
6387 6386 5
6388 6387 5
6389 6388 5
6390 6389 5
6391 6390 5
6392 6391 5
6393 6392 5
6394 6393 5
6395 6394 5
6396 6395 5
6415 6465 5
6465 6515 5
6515 6565 5
6565 6615 5
6615 6665 5
6665 6715 5
6715 6765 5
6765 6815 5
6815 6865 5
6865 6915 5
6915 6965 5
6965 7015 5
7015 7065 5
7065 7115 5
7115 7165 5
7165 7215 5
7214 7264 5
7215 7214 5
7263 7313 5
7264 7263 5
7313 4813 5
  5  55 6
 55  56 6
 55 105 6
 56  57 6
 57  58 6
 58  59 6
 59  60 6
 60  61 6
 61  62 6
 62  63 6
 63  64 6
 64  65 6
 65  66 6
 66  67 6
 67  68 6
 68  69 6
 69  70 6
 70  71 6
 71  72 6
 72  73 6
 73  74 6
 74  75 6
 75  76 6
 76  77 6
 77  78 6
 78  79 6
 79  80 6
 80  81 6
 81  82 6
 82  83 6
 83  84 6
 84  85 6
 85  86 6
 86  36 6
 86  87 6
 87 137 6
105 155 6
137 187 6
155 205 6
187 237 6
204 254 6
205 204 6
237 2737 6
254 304 6
2737 2738 6
2738 2739 6
2739 2789 6
304 354 6
2789 2790 6
2790 2791 6
2791 2792 6
2792 2793 6
2793 2794 6
2794 2844 6
354 404 6
2844 2894 6
404 454 6
2894 2944 6
454 504 6
2944 2994 6
504 554 6
2994 3044 6
554 604 6
3044 3094 6
604 654 6
3094 3144 6
654 3154 6
3144 3194 6
3153 3203 6
3154 3153 6
3194 3244 6
3203 3253 6
3244 3294 6
3253 3303 6
3294 3344 6
3303 3353 6
3344 3394 6
900 950 6
3352 3402 6
3353 3352 6
3394 3395 6
3395 3396 6
3396 3397 6
3397 3398 6
3398 3399 6
3399 3400 6
3400 900 6
3402 3452 6
3452 3502 6
3502 3552 6
3552 3602 6
3602 3652 6
3652 3702 6
3702 3752 6
3751 3801 6
3752 3751 6
3801 3851 6
3851 3901 6
3901 3951 6
3951 4001 6
4001 4051 6
4051 4101 6
4101 4151 6
4151 4201 6
4201 4251 6
4251 4301 6
4301 4351 6
4351 4401 6
4401 4451 6
4451 4501 6
4501 4551 6
4551 4601 6
4601 4651 6
4651 4701 6
4701 4751 6
2301 2351 6
4751 4801 6
4801 2301 6
2529  29 7
2530 2529 7
2531 2530 7
2776 2777 7
2777 2778 7
2778 2779 7
2779 2780 7
2780 2781 7
2781 5281 7
2826 2776 7
2876 2826 7
2926 2876 7
2973 2974 7
2974 2975 7
2975 2976 7
2976 2926 7
3023 2973 7
3073 3023 7
3123 3073 7
3171 3172 7
3172 3173 7
3173 3123 7
3220 3221 7
3221 3171 7
3270 3220 7
851 3351 7
3317 3318 7
3318 3319 7
3319 3320 7
3320 3270 7
3351 5851 7
3359 3360 7
3360 3361 7
3361 3362 7
3362 3363 7
3363 3364 7
3364 3365 7
3365 3366 7
3366 3367 7
3367 3317 7
3367 3417 7
3417 3467 7
3467 3517 7
3517 3567 7
3567 3617 7
3617 3618 7
3618 3668 7
3668 6168 7
4468 4518 7
4518 4568 7
4568 4618 7
4618 4668 7
4668 4718 7
2268 2318 7
4718 4768 7
2318 2368 7
4768 2268 7
2368 2418 7
2418 2468 7
2464 2463 7
2465 2464 7
2466 2465 7
2467 2466 7
2468 2467 7
5031 2531 7
5081 5031 7
5131 5081 7
5181 5131 7
5231 5181 7
5281 5231 7
5851 5852 7
5852 5853 7
5853 5854 7
5854 5855 7
5855 5856 7
5856 5857 7
5857 5858 7
5858 5859 7
5859 3359 7
6168 6218 7
6218 6268 7
6268 6318 7
6318 6368 7
6368 6418 7
6418 6468 7
6468 6518 7
6518 6568 7
6568 6618 7
6618 6668 7
6668 6718 7
6718 6768 7
6768 6818 7
6818 6868 7
6868 6918 7
6918 6968 7
6968 4468 7
 16  17 8
 17  18 8
2516  16 8
 18  19 8
 19  20 8
 20  21 8
 21  22 8
 22  23 8
 23  24 8
 24  25 8
 25  26 8
2566 2516 8
2616 2566 8
2666 2616 8
2716 2666 8
2766 2716 8
2816 2766 8
2863 2864 8
2864 2865 8
2865 2866 8
2866 2816 8
2912 2913 8
2913 2863 8
2962 2912 8
3011 3012 8
3012 2962 8
3059 3060 8
3060 3061 8
3061 3011 8
3109 3059 8
3159 3109 8
3209 3159 8
3258 3259 8
3259 3209 8
3308 3258 8
3357 3358 8
3358 3308 8
953 3453 8
3407 3357 8
1001 1002 8
1002 1003 8
1003 953 8
3453 3454 8
3454 3455 8
3455 3456 8
3456 3457 8
3457 3407 8
1051 1001 8
1101 1051 8
1151 1101 8
1201 1151 8
1251 1201 8
1301 1251 8
  9  10 9
 10  11 9
 11 2511 9
2511 2561 9
 95  45 9
2561 2562 9
2562 5062 9
2572 2573 9
2573 2574 9
2574 2575 9
2575 2576 9
2576 2577 9
2577 2578 9
2578 2579 9
2579 2580 9
2580 2581 9
2581 2582 9
2582 2583 9
2583 2584 9
2584 2585 9
2585 2586 9
2586 2587 9
2587 2588 9
2588 2589 9
2589 2590 9
2590 2591 9
2591 2592 9
2592 2593 9
2593 2594 9
2594 2595 9
2595  95 9
2595 5095 9
3700 3750 9
3750 1250 9
5062 5063 9
5063 5064 9
5064 5065 9
5065 5066 9
5066 5067 9
5067 5068 9
5068 5069 9
5069 5070 9
5070 5071 9
5071 5072 9
5072 2572 9
5095 5145 9
5145 5195 9
5195 5245 9
5245 5246 9
5246 5296 9
5296 5346 9
5346 5396 9
5396 5446 9
5446 5496 9
5496 5546 9
5546 5547 9
5547 5597 9
5597 5647 9
5647 5697 9
5697 5698 9
5698 5748 9
5748 5798 9
5798 5848 9
5848 5849 9
5849 5850 9
5850 5900 9
5900 5950 9
5950 6000 9
6000 6050 9
6050 6100 9
6100 6150 9
6150 6200 9
6200 3700 9
 35 2535 10
2535 2536 10
2536 2537 10
2537 2538 10
2538 2539 10
2539 2540 10
2540 2541 10
 42  43 10
2541 2542 10
2542  42 10
343 344 11
344 345 11
345 346 11
346 347 11
347 348 11
348 349 11
349 350 11
2827 2828 11
2828 2829 11
2829 2830 11
2830 2831 11
2831 2832 11
2832 2833 11
2833 2834 11
2834 2835 11
2835 2836 11
2836 2837 11
2837 2838 11
2838 2839 11
2839 2840 11
2840 2841 11
2841 2842 11
2842 2843 11
2843 343 11
2877 2827 11
2927 2877 11
2977 2927 11
3024 3025 11
3025 3026 11
3026 3027 11
3027 2977 11
3074 3024 11
3124 3074 11
3174 3124 11
3222 3223 11
3223 3224 11
3224 3174 11
3271 3272 11
3272 3222 11
3321 3271 11
3369 3370 11
3370 3371 11
3371 3321 11
3419 3369 11
3469 3419 11
3519 3469 11
3569 3519 11
3619 3569 11
3669 3619 11
3718 3719 11
3719 3669 11
3765 3766 11
3766 3767 11
3767 3768 11
3768 3718 11
1358 3858 11
3812 3813 11
3813 3814 11
3814 3815 11
3815 3765 11
1408 1358 11
3858 3859 11
3859 3860 11
3860 3861 11
3861 3862 11
3862 3812 11
1458 1408 11
1508 1458 11
1558 1508 11
1601 1602 11
1602 1603 11
1603 1604 11
1604 1605 11
1605 1606 11
1606 1607 11
1607 1608 11
1608 1558 11
1551 1552 12
1552 1553 12
1553 1554 12
1554 1555 12
1555 1556 12
1556 1557 12
1557 4057 12
4057 4058 12
4058 4059 12
4059 4060 12
4060 4061 12
4061 4062 12
4062 4063 12
4063 4064 12
4064 4065 12
4065 4066 12
4066 4067 12
4067 4068 12
4068 4069 12
4069 4070 12
4070 4071 12
4071 4072 12
4072 4073 12
4073 4074 12
4074 4075 12
4075 4076 12
4076 4077 12
4077 4078 12
4078 4079 12
4079 4080 12
4080 4081 12
4081 4082 12
4082 4083 12
4083 4084 12
4084 4085 12
4085 4086 12
4086 4087 12
4087 4088 12
4088 4089 12
4089 4090 12
4090 4091 12
4091 4092 12
4092 4093 12
4093 4094 12
4094 4095 12
4095 4096 12
4096 4146 12
4146 4196 12
4196 4197 12
4197 4198 12
4198 4199 12
4199 4249 12
4249 4299 12
4299 4349 12
4349 4399 12
1900 1950 12
4399 4400 12
4400 1900 12
