# Cost: 1494

# Tail Head Net
 33  34 1
 34  35 1
 35  36 1
 36  37 1
 37  38 1
 38  39 1
 39  40 1
 40  41 1
 41  42 1
 42  43 1
 43  44 1
 44  45 1
 45  46 1
 46  47 1
 47  48 1
 48  49 1
 49  50 1
 50  51 1
 51  52 1
 52  53 1
 53  54 1
 54  55 1
 55  56 1
 56  57 1
 57  58 1
 58 118 1
118 178 1
178 238 1
238 298 1
298 358 1
358 418 1
418 478 1
478 538 1
538 598 1
597 657 1
598 597 1
657 717 1
717 777 1
777 837 1
837 897 1
897 957 1
957 1017 1
1017 1077 1
1077 1137 1
1137 1197 1
1197 1257 1
1257 1317 1
1317 1377 1
1377 1437 1
1437 1497 1
1497 1557 1
1557 1617 1
1617 1677 1
1677 1737 1
1737 1797 1
1797 1857 1
1857 1917 1
1917 1977 1
1977 2037 1
2037 2097 1
2097 2157 1
2157 2158 1
2157 2217 1
2158 2159 1
2159 2219 1
2217 2277 1
2219 2220 1
2220 2280 1
2277 2337 1
2280 2340 1
2337 2397 1
2397 2457 1
2457 2517 1
2517 2577 1
2577 2637 1
2637 2697 1
2697 2757 1
2757 2817 1
2817 2877 1
2877 2937 1
2937 2997 1
2997 3057 1
3057 3117 1
3117 3177 1
3177 3237 1
3232 3292 1
3233 3232 1
3234 3233 1
3235 3234 1
3236 3235 1
3237 3236 1
3237 3297 1
3292 3352 1
3297 3357 1
3347 3407 1
3348 3347 1
3349 3348 1
3350 3349 1
3351 3350 1
3352 3351 1
3357 3417 1
3404 3464 1
3405 3404 1
3406 3405 1
3407 3406 1
3417 3477 1
3461 3521 1
3462 3461 1
3463 3462 1
3464 3463 1
3477 3537 1
3519 3579 1
3520 3519 1
3521 3520 1
3537 3538 1
3538 3598 1
3565 3564 1
3566 3565 1
3567 3566 1
3568 3567 1
3569 3568 1
3570 3569 1
3571 3570 1
3572 3571 1
3573 3572 1
3574 3573 1
3575 3574 1
3576 3575 1
3577 3576 1
3578 3577 1
3579 3578 1
 23  83 2
 83 143 2
143 144 2
143 203 2
144 204 2
203 263 2
204 264 2
263 323 2
264 324 2
323 383 2
324 325 2
325 326 2
326 327 2
327 328 2
328 329 2
329 330 2
330 331 2
331 3931 2
383 443 2
3931 3932 2
3932 3933 2
3933 3934 2
3934 3994 2
443 503 2
3994 3995 2
3995 3996 2
3996 3997 2
3997 3998 2
3998 3999 2
3999 4059 2
503 563 2
4059 4060 2
4060 4061 2
4061 4062 2
4062 4063 2
4063 4064 2
4064 4065 2
4065 4066 2
4066 4067 2
4067 4068 2
4068 4069 2
4069 4070 2
4070 4071 2
4071 4072 2
4072 4073 2
4073 4133 2
563 623 2
4133 4134 2
4134 4135 2
4135 4136 2
4136 4137 2
4137 4197 2
623 683 2
4197 4198 2
658 718 2
4198 4258 2
683 743 2
718 778 2
4258 658 2
743 803 2
778 838 2
803 863 2
838 839 2
839 840 2
840 900 2
863 923 2
923 983 2
983 1043 2
1043 1103 2
1103 1163 2
1163 1223 2
1223 1283 2
1262 1261 2
1263 1262 2
1264 1263 2
1265 1264 2
1266 1265 2
1267 1266 2
1268 1267 2
1269 1268 2
1270 1269 2
1271 1270 2
1272 1271 2
1273 1272 2
1274 1273 2
1275 1274 2
1276 1275 2
1277 1276 2
1278 1277 2
1279 1278 2
1280 1279 2
1281 1280 2
1282 1281 2
1283 1282 2
1283 1343 2
1343 1403 2
1403 1463 2
1463 1523 2
1523 1583 2
1583 1643 2
1643 1703 2
1703 1763 2
1763 1823 2
1823 1883 2
1883 1943 2
1943 2003 2
2003 2063 2
2063 2123 2
2123 2183 2
2182 2242 2
2183 2182 2
2183 2243 2
2231 2291 2
2232 2231 2
2233 2232 2
2234 2233 2
2235 2234 2
2236 2235 2
2237 2236 2
2238 2237 2
2239 2238 2
2240 2239 2
2241 2240 2
2242 2241 2
2243 2303 2
2282 2281 2
2283 2282 2
2284 2283 2
2285 2284 2
2286 2285 2
2287 2286 2
2288 2287 2
2289 2288 2
2290 2289 2
2291 2290 2
2303 2363 2
2363 2423 2
2423 2483 2
2483 2543 2
2543 2603 2
2603 2663 2
2663 2723 2
2723 2783 2
2783 2843 2
2843 2903 2
2903 2963 2
2963 6563 2
6563 6564 2
6564 6624 2
6624 6684 2
6684 6744 2
6744 6745 2
6745 6746 2
6746 6747 2
6747 6748 2
6748 6749 2
6749 6750 2
6750 6751 2
6751 6752 2
6752 6753 2
6753 6754 2
6754 6755 2
6755 6756 2
6756 6757 2
6757 6758 2
6758 6759 2
6759 6760 2
6760 6761 2
6761 6762 2
6762 6763 2
6763 6764 2
6764 6765 2
6765 6766 2
6766 6767 2
6767 6768 2
6768 6769 2
6769 6770 2
6770 6771 2
6771 6772 2
6772 6832 2
6832 6892 2
3298 3299 2
3299 3300 2
6892 6893 2
6893 6894 2
6894 6895 2
6895 6896 2
6896 6897 2
6897 6898 2
6898 3298 2
601 541 3
602 601 3
662 602 3
722 662 3
782 722 3
783 782 3
843 783 3
903 843 3
904 903 3
905 904 3
906 905 3
907 906 3
967 907 3
968 967 3
969 968 3
1029 969 3
1030 1029 3
1031 1030 3
1032 1031 3
1092 1032 3
1152 1092 3
1153 1152 3
1154 1153 3
1155 1154 3
1156 1155 3
1157 1156 3
1158 1157 3
1159 1158 3
1219 1159 3
4819 1219 3
4879 4819 3
4880 4879 3
4940 4880 3
5000 4940 3
5060 5000 3
5061 5060 3
5121 5061 3
5122 5121 3
5123 5122 3
5124 5123 3
5125 5124 3
5126 5125 3
5186 5126 3
5187 5186 3
5188 5187 3
5189 5188 3
5190 5189 3
5191 5190 3
5192 5191 3
5193 5192 3
5194 5193 3
5195 5194 3
5196 5195 3
5197 5196 3
5257 5197 3
5258 5257 3
5259 5258 3
5260 5259 3
5261 5260 3
5262 5261 3
5263 5262 3
5264 5263 3
5265 5264 3
5325 5265 3
5326 5325 3
5327 5326 3
5328 5327 3
5329 5328 3
5330 5329 3
5331 5330 3
5332 5331 3
5333 5332 3
5393 5333 3
5394 5393 3
5395 5394 3
5396 5395 3
1860 5460 3
5456 5396 3
5460 5520 3
5516 5456 3
5517 5516 3
5518 5517 3
5519 5518 3
5520 5519 3
5520 5580 3
5580 5640 3
5640 5700 3
5700 5760 3
5760 5820 3
5820 5880 3
5880 5940 3
5940 6000 3
6000 6060 3
6060 6120 3
6120 6180 3
6180 6240 3
6240 6300 3
6300 6360 3
6360 6420 3
6420 6480 3
6480 6540 3
6540 6600 3
6600 6660 3
6660 3060 3
6660 10260 3
7146 3546 3
7163 3563 3
10260 10320 3
10320 10380 3
10380 10440 3
10440 10500 3
10500 10560 3
10560 10620 3
10619 10679 3
10620 10619 3
10677 10737 3
10678 10677 3
10679 10678 3
10737 10797 3
10746 7146 3
10747 10746 3
10748 10747 3
10749 10748 3
10750 10749 3
10751 10750 3
10752 10751 3
10753 10752 3
10754 10753 3
10755 10754 3
10756 10755 3
10757 10756 3
10758 10757 3
10759 10758 3
10760 10759 3
10761 10760 3
10762 10761 3
10763 7163 3
10763 10762 3
10764 10763 3
10765 10764 3
10766 10765 3
10767 10766 3
10768 10767 3
10769 10768 3
10770 10769 3
10771 10770 3
10772 10771 3
10773 10772 3
10774 10773 3
10775 10774 3
10776 10775 3
10777 10776 3
10778 10777 3
10779 10778 3
10780 10779 3
10781 10780 3
10782 10781 3
10783 10782 3
10784 10783 3
10785 10784 3
10786 10785 3
10787 10786 3
10788 10787 3
10789 10788 3
10790 10789 3
10791 10790 3
10792 10791 3
10793 10792 3
10794 10793 3
10795 10794 3
10796 10795 3
10797 10796 3
 61 3661 4
3625  25 4
3661 3662 4
3662 3663 4
3663 3664 4
3664 3665 4
3665 3666 4
3666 3667 4
3667 3668 4
3668 3669 4
3669 3670 4
3670 3671 4
3671 3672 4
3672 3673 4
3673 3674 4
3674 3675 4
3675 3676 4
3676 3677 4
3677 3678 4
3678 3679 4
3679 3680 4
3680 3681 4
3681 3682 4
3682 3683 4
3683 3684 4
3684 3685 4
3685 3625 4
3685 3686 4
3686 3687 4
3687 3688 4
3688 3689 4
3689 3690 4
3690 3691 4
3691 3692 4
3692 3693 4
3693 3694 4
3694 3695 4
3695 3696 4
3696 3697 4
3697 3698 4
3698 3699 4
3699 3700 4
3700 3701 4
3701 3702 4
3702 3703 4
3703 3704 4
3704 3764 4
3764 3824 4
240 300 4
3824 3825 4
3825 3826 4
3826 3827 4
3827 3828 4
3828 3829 4
3829 3830 4
3830 3831 4
3831 3832 4
3832 3833 4
3833 3834 4
3834 3835 4
3835 3836 4
3836 3837 4
3837 3838 4
3838 3839 4
3839 3840 4
3840 240 4
 72  12 5
132  72 5
3732 132 5
3792 3732 5
3852 3792 5
3912 3852 5
3972 3912 5
4032 3972 5
4092 4032 5
4152 4092 5
4212 4152 5
4272 4212 5
4332 4272 5
4392 4332 5
4452 4392 5
4512 4452 5
4572 4512 5
4632 4572 5
1141 4741 5
4692 4632 5
4741 4742 5
4742 4743 5
4743 4744 5
4744 4745 5
4745 4746 5
4746 4747 5
4747 4748 5
4748 4749 5
4749 4750 5
4750 4751 5
4750 4810 5
4751 4752 5
4752 4692 5
4810 4870 5
4870 4930 5
4930 4990 5
4990 5050 5
5050 5110 5
5110 5170 5
5170 5230 5
5230 5290 5
5290 5350 5
5350 5410 5
5410 5470 5
5470 5530 5
5530 5590 5
5590 5650 5
5650 5710 5
5710 5770 5
5770 5830 5
5830 5890 5
2350 2410 5
5890 5950 5
2410 2470 5
5950 2350 5
2470 2530 5
2530 2590 5
2590 2650 5
2650 2710 5
2710 2770 5
2770 2830 5
2830 2890 5
2890 2950 5
2950 3010 5
3010 3070 5
3070 3130 5
3130 3190 5
3190 3250 5
3250 3310 5
3310 3370 5
3370 3430 5
3430 3490 5
3490 3550 5
781 721 6
841 781 6
901 841 6
961 901 6
1021 961 6
1081 1021 6
1082 1081 6
1142 1082 6
1202 1142 6
4802 1202 6
4862 4802 6
4922 4862 6
4982 4922 6
5042 4982 6
5102 5042 6
5162 5102 6
5222 5162 6
5282 5222 6
5342 5282 6
5402 5342 6
5462 5402 6
5522 5462 6
5582 5522 6
5642 5582 6
5702 5642 6
5762 5702 6
5822 5762 6
5882 5822 6
5942 5882 6
6002 5942 6
6062 6002 6
6122 6062 6
6182 6122 6
6242 6182 6
6302 6242 6
6362 6302 6
6422 6362 6
6482 6422 6
6542 6482 6
3062 3061 6
6602 6542 6
6662 3062 6
6662 6602 6
6663 6662 6
6723 6663 6
6783 6723 6
6843 6783 6
6844 6843 6
6845 6844 6
6846 6845 6
6847 6846 6
6848 6847 6
6849 6848 6
6909 6849 6
6910 6909 6
6911 6910 6
6912 6911 6
6972 6912 6
6973 6972 6
6974 6973 6
6975 6974 6
7035 6975 6
7036 7035 6
7037 7036 6
7038 7037 6
7039 7038 6
7040 7039 6
7041 7040 6
7042 7041 6
7043 7042 6
7044 7043 6
7045 7044 6
7046 7045 6
7106 7046 6
3589 7189 6
7166 7106 6
7167 7166 6
7168 7167 6
7169 7168 6
7170 7169 6
7171 7170 6
7172 7171 6
7173 7172 6
7174 7173 6
7175 7174 6
7176 7175 6
7177 7176 6
7178 7177 6
7179 7178 6
7180 7179 6
7181 7180 6
7182 7181 6
7183 7182 6
7184 7183 6
7185 7184 6
7186 7185 6
7187 7186 6
7188 7187 6
7189 7188 6
 89  29 7
149  89 7
209 149 7
269 209 7
3869 269 7
3929 3869 7
3989 3929 7
4049 3989 7
4109 4049 7
4169 4109 7
4229 4169 7
4289 4229 7
4349 4289 7
4409 4349 7
4469 4409 7
4529 4469 7
4589 4529 7
4649 4589 7
4709 4649 7
4769 4709 7
4829 4769 7
4889 4829 7
4949 4889 7
1441 1442 7
1442 1443 7
1443 1444 7
1444 1445 7
1445 1446 7
1446 1447 7
1447 1448 7
1448 1449 7
1449 1450 7
1450 1451 7
1451 1452 7
1452 1453 7
1453 1454 7
1454 1455 7
1455 1456 7
1456 1457 7
1457 1458 7
1458 1459 7
1459 1460 7
1460 1461 7
1461 1462 7
1462 5062 7
5009 4949 7
1501 1441 7
5062 5063 7
5063 5064 7
5064 5065 7
5065 5066 7
5066 5067 7
5067 5068 7
5068 5069 7
5069 5009 7
5069 5129 7
5129 5130 7
5130 5131 7
5131 5132 7
5132 5133 7
5133 5134 7
5134 5135 7
5135 5136 7
5136 5137 7
5137 5138 7
5138 5198 7
1618 1619 7
1619 1620 7
5198 5199 7
5199 5200 7
5200 5201 7
5201 5202 7
5202 5203 7
5203 5204 7
5204 5205 7
5205 5206 7
5206 5207 7
5207 5208 7
5208 5209 7
5209 5210 7
5210 5211 7
5211 5212 7
5212 5213 7
5213 5214 7
5214 5215 7
5215 5216 7
5216 5217 7
5217 5218 7
5218 1618 7
1982 1981 8
1983 1982 8
5583 1983 8
5643 5583 8
5703 5643 8
5763 5703 8
5823 5763 8
5883 5823 8
5943 5883 8
6003 5943 8
6063 6003 8
6123 6063 8
6183 6123 8
6243 6183 8
2759 2760 8
6303 6243 8
6304 6303 8
6305 6304 8
6306 6305 8
6307 6306 8
6308 6307 8
6309 6308 8
6310 6309 8
6311 6310 8
6312 6311 8
6313 6312 8
6314 6313 8
6315 6314 8
6316 6315 8
6317 6316 8
6318 6317 8
6319 6318 8
6320 6319 8
6321 6320 8
6322 6321 8
6323 6322 8
6324 6323 8
6325 6324 8
6326 6325 8
6327 6326 8
6328 6327 8
6329 6328 8
6330 6329 8
6331 6330 8
6332 6331 8
6333 6332 8
6334 6333 8
6335 6334 8
6336 6335 8
6337 6336 8
6338 6337 8
6339 6338 8
6340 6339 8
6341 6340 8
6342 6341 8
6343 6342 8
6344 6343 8
6345 6344 8
6346 6345 8
6347 6346 8
6348 6347 8
6349 6348 8
6350 6349 8
6351 6350 8
6351 6352 8
6352 6353 8
6353 6354 8
6354 6355 8
6355 6356 8
6356 6357 8
6357 6358 8
6358 6359 8
6359 2759 8
3471 7071 8
3531 3471 8
7071 10671 8
3591 3531 8
9951 6351 8
10011 9951 8
10071 10011 8
10131 10071 8
10191 10131 8
10251 10191 8
10311 10251 8
10371 10311 8
10431 10371 8
10491 10431 8
10551 10491 8
10611 10551 8
10671 10611 8
1799 1859 9
1800 1799 9
1859 1919 9
1919 1979 9
1979 1980 9
1979 2039 9
2039 5639 9
5639 5699 9
5699 5759 9
5759 5819 9
5819 9419 9
7017 7077 9
7077 7137 9
7137 7197 9
7197 3597 9
9419 9479 9
9479 9539 9
9539 9599 9
9598 9658 9
9599 9598 9
9658 9718 9
9718 9778 9
9778 9838 9
9838 9898 9
9898 9958 9
9958 10018 9
10018 10078 9
10078 10138 9
10138 10198 9
10198 10258 9
10258 10318 9
10318 10378 9
10378 10438 9
10438 10498 9
10498 10558 9
10557 10617 9
10558 10557 9
10617 7017 9
 91  31 10
151  91 10
211 151 10
271 211 10
272 271 10
332 272 10
392 332 10
452 392 10
512 452 10
572 512 10
632 572 10
692 632 10
752 692 10
812 752 10
872 812 10
932 872 10
992 932 10
1052 992 10
1112 1052 10
1172 1112 10
1232 1172 10
1292 1232 10
1352 1292 10
1412 1352 10
1472 1412 10
1532 1472 10
1592 1532 10
1652 1592 10
1712 1652 10
1772 1712 10
1802 1801 10
1803 1802 10
1804 1803 10
1805 1804 10
1806 1805 10
1807 1806 10
1808 1807 10
1809 1808 10
1810 1809 10
1811 1810 10
1812 1811 10
1832 1772 10
5412 1812 10
5413 5412 10
5414 5413 10
5415 5414 10
5416 5415 10
5417 5416 10
5418 5417 10
5419 5418 10
5420 5419 10
5421 5420 10
5422 5421 10
5423 5422 10
5424 5423 10
5425 5424 10
5426 5425 10
5427 5426 10
5428 5427 10
5429 5428 10
5430 5429 10
5431 5430 10
5432 1832 10
5432 5431 10
5492 5432 10
5493 5492 10
5494 5493 10
5495 5494 10
1978 5578 10
5555 5495 10
5556 5555 10
5557 5556 10
5558 5557 10
5559 5558 10
5560 5559 10
5561 5560 10
5562 5561 10
5563 5562 10
5564 5563 10
5565 5564 10
5566 5565 10
5567 5566 10
5568 5567 10
5569 5568 10
5570 5569 10
5571 5570 10
5572 5571 10
5573 5572 10
5574 5573 10
5575 5574 10
5576 5575 10
5577 5576 10
2038 1978 10
5578 5577 10
2098 2038 10
2099 2098 10
2100 2099 10
2160 2100 10
 17 3617 11
3617 7217 11
6956 6957 11
6957 6958 11
6958 7018 11
7018 7078 11
7078 7138 11
3539 3540 11
7138 7139 11
7139 3539 11
7217 7277 11
7277 7278 11
7278 7279 11
7279 7280 11
7280 7281 11
7281 7282 11
7282 7283 11
7283 7284 11
7284 7285 11
7285 7345 11
7345 7346 11
7346 7347 11
7347 7348 11
7348 7408 11
7408 7409 11
7409 7410 11
7410 7411 11
7411 7412 11
7412 7472 11
7472 7473 11
7473 7533 11
7533 7534 11
7534 7594 11
7594 7595 11
7595 7596 11
7596 7597 11
7597 7598 11
7598 7599 11
7599 7659 11
7659 7660 11
7660 7720 11
7720 7780 11
7780 7781 11
7781 7782 11
7782 7842 11
7842 7902 11
7902 7962 11
7962 8022 11
8022 8082 11
8082 8142 11
8142 8202 11
8202 8262 11
8262 8322 11
8322 8382 11
8382 8442 11
8442 8502 11
8502 8562 11
8562 8622 11
8622 8623 11
8623 8683 11
8683 8684 11
8684 8685 11
8685 8686 11
8686 8687 11
8687 8688 11
8688 8689 11
8689 8690 11
8690 8691 11
8691 8692 11
8692 8693 11
8693 8753 11
8753 8813 11
8813 8873 11
8873 8933 11
8933 8993 11
8993 8994 11
8994 9054 11
9054 9114 11
9114 9174 11
9174 9234 11
9234 9294 11
9294 9354 11
9354 9414 11
9414 9474 11
9474 9534 11
9534 9594 11
9594 9654 11
9654 9714 11
9714 9774 11
9774 9834 11
9834 9894 11
9894 9954 11
9954 9955 11
9955 10015 11
10015 10016 11
10016 10076 11
10076 10136 11
10136 10196 11
10196 10256 11
10256 10316 11
10316 10376 11
10376 10436 11
10436 10496 11
10496 10556 11
10556 6956 11
4140 540 12
4200 4140 12
4260 4200 12
4320 4260 12
4380 4320 12
4440 4380 12
4500 4440 12
4560 4500 12
4620 4560 12
4680 4620 12
4740 4680 12
4800 4740 12
4860 4800 12
4920 4860 12
4980 4920 12
5040 4980 12
5100 5040 12
5160 5100 12
5220 5160 12
1736 5336 12
5280 5220 12
1796 1736 12
5336 5337 12
5337 5338 12
5338 5339 12
5339 5340 12
5340 5280 12
1856 1796 12
1916 1856 12
1976 1916 12
2036 1976 12
2096 2036 12
2156 2096 12
2216 2156 12
2276 2216 12
2336 2276 12
2396 2336 12
2456 2396 12
2516 2456 12
2576 2516 12
2636 2576 12
2696 2636 12
2756 2696 12
2816 2756 12
2876 2816 12
2936 2876 12
2996 2936 12
3056 2996 12
3116 3056 12
3171 3172 12
3172 3173 12
3173 3174 12
3174 3175 12
3175 3176 12
3176 3116 12
3231 3171 12
3286 3287 12
3287 3288 12
3288 3289 12
3289 3290 12
3290 3291 12
3291 3231 12
3338 3339 12
3339 3340 12
3340 3341 12
3341 3342 12
3342 3343 12
3343 3344 12
3344 3345 12
3345 3346 12
3346 3286 12
3397 3398 12
3398 3338 12
3439 3440 12
3440 3441 12
3441 3442 12
3442 3443 12
3443 3444 12
3444 3445 12
3445 3446 12
3446 3447 12
3447 3448 12
3448 3449 12
3449 3450 12
3450 3451 12
3451 3452 12
3452 3453 12
3453 3454 12
3454 3455 12
3455 3456 12
3456 3457 12
3457 3397 12
3497 3498 12
3498 3499 12
3499 3439 12
3554 3555 12
3555 3556 12
3556 3557 12
3557 3497 12
1140 1200 13
1199 1259 13
1200 1199 13
1259 1319 13
1319 1379 13
1379 1439 13
1439 5039 13
5039 5099 13
5099 5159 13
5159 5219 13
5219 8819 13
3473 3533 13
3533 3593 13
7073 3473 13
8819 8879 13
8879 8939 13
8939 8999 13
8998 9058 13
8999 8998 13
9057 9117 13
9058 9057 13
9117 9177 13
9177 9237 13
9237 9297 13
9296 9356 13
9297 9296 13
9356 12956 13
9893 9953 13
9953 10013 13
10013 10073 13
10073 10133 13
10133 10193 13
10193 10253 13
10253 10313 13
10313 10373 13
10373 10433 13
10433 10493 13
10493 10553 13
10553 10613 13
10613 10673 13
10673 7073 13
12956 13016 13
13015 13075 13
13016 13015 13
13075 13135 13
13134 13194 13
13135 13134 13
13194 13254 13
13254 13314 13
13313 13373 13
13314 13313 13
13373 13433 13
13433 13493 13
13493 9893 13
1621 5221 14
5221 5281 14
5281 5341 14
5341 8941 14
6917 6918 14
6918 6919 14
6919 6920 14
6920 6921 14
6921 6922 14
6922 6923 14
6923 6983 14
6983 6984 14
6984 6985 14
6985 6986 14
6986 6987 14
6987 7047 14
7047 7107 14
3522 3582 14
7107 7108 14
7108 7109 14
7109 7110 14
7110 7111 14
7111 7112 14
7112 7113 14
7113 7114 14
7114 7115 14
7115 7116 14
7116 7117 14
7117 7118 14
7118 7119 14
7119 7120 14
7120 7121 14
7121 7122 14
3582 3583 14
7122 3522 14
3583 3584 14
8941 9001 14
9001 9061 14
9061 9062 14
9062 9122 14
9122 9182 14
9182 9242 14
9242 9302 14
9302 9303 14
9303 9304 14
9304 9364 14
9364 9424 14
9424 9484 14
9484 9544 14
9544 9604 14
9604 9664 14
9664 9665 14
9665 9725 14
9725 9785 14
9785 9786 14
9786 9787 14
9787 9847 14
9847 9907 14
9907 9967 14
9967 9968 14
9968 10028 14
10028 10029 14
10029 10030 14
10030 10031 14
10031 10091 14
10091 10151 14
10151 10152 14
10152 10153 14
10153 10213 14
10213 10273 14
10273 10274 14
10274 10334 14
10334 10335 14
10335 10395 14
10395 10455 14
10455 10456 14
10456 10457 14
10457 10517 14
10517 6917 14
 15  75 15
 75  76 15
 76  77 15
 77  78 15
 78  79 15
 79  80 15
 80  81 15
 81  82 15
 82 142 15
142 3742 15
3742 3743 15
3743 3744 15
3744 3745 15
3745 3746 15
3746 3747 15
3747 3748 15
3748 3749 15
3749 3750 15
3750 3751 15
3751 3752 15
3752 3753 15
3753 3754 15
3754 3755 15
3755 3756 15
3756 3757 15
3757 3758 15
3758 3759 15
3759 3760 15
3760 3761 15
3761 3821 15
3821 3822 15
3822 3882 15
3882 3883 15
3883 3884 15
3884 3885 15
3885 3886 15
3886 3887 15
3887 3888 15
3888 3889 15
3889 3890 15
3890 3891 15
3891 3892 15
3892 3893 15
3893 3894 15
3894 3954 15
359 360 15
3954 3955 15
3955 3956 15
3956 3957 15
3957 3958 15
3958 3959 15
3959 359 15
2639 2640 16
6233 6234 16
6234 6235 16
6235 6236 16
6236 6237 16
6237 6238 16
6238 6239 16
6239 2639 16
3561 7161 16
7101 10701 16
7161 7101 16
9829 9830 16
9830 9831 16
9831 9832 16
9832 9833 16
9833 6233 16
9889 9829 16
9949 9889 16
10009 9949 16
10044 10045 16
10045 10046 16
10046 10047 16
10047 10048 16
10048 10049 16
10049 10050 16
10050 10051 16
10051 10052 16
10052 10053 16
10053 10054 16
10054 10055 16
10055 10056 16
10056 10057 16
10057 10058 16
10058 10059 16
10059 10060 16
10060 10061 16
10061 10062 16
10062 10063 16
10063 10064 16
10064 10065 16
10065 10066 16
10066 10067 16
10067 10068 16
10068 10069 16
10069 10009 16
10104 10044 16
10163 10164 16
10164 10104 16
10223 10163 16
10283 10223 16
10343 10283 16
10403 10343 16
10463 10403 16
10523 10463 16
10583 10523 16
10643 10583 16
10701 10702 16
10702 10703 16
10703 10643 16
