# Cost: 1361

# Tail Head Net
  5  85 1
 85 165 1
165 245 1
245 325 1
325 405 1
405 485 1
485 486 1
486 566 1
566 567 1
567 568 1
568 569 1
569 570 1
570 571 1
571 572 1
572 573 1
573 574 1
574 575 1
575 576 1
576 577 1
577 578 1
578 579 1
579 580 1
580 581 1
581 582 1
582 583 1
583 584 1
584 585 1
585 586 1
586 587 1
587 588 1
588 589 1
589 590 1
590 591 1
591 592 1
592 593 1
593 594 1
594 595 1
595 596 1
596 597 1
597 598 1
598 599 1
599 600 1
600 601 1
601 602 1
602 603 1
603 604 1
604 605 1
605 606 1
606 607 1
607 608 1
608 609 1
609 610 1
610 611 1
611 612 1
612 613 1
613 614 1
614 615 1
615 616 1
616 617 1
617 618 1
618 619 1
619 620 1
620 621 1
621 701 1
701 702 1
701 7101 1
702 703 1
703 704 1
704 705 1
705 706 1
706 707 1
707 708 1
708 709 1
709 710 1
710 711 1
711 712 1
712 713 1
713 714 1
714 715 1
715 716 1
716 717 1
717 718 1
718 719 1
719 720 1
7101 7181 1
7181 7261 1
7261 7341 1
7341 7421 1
7421 7501 1
7501 7581 1
7581 7661 1
7661 7741 1
7741 7821 1
7821 7901 1
7901 7981 1
7981 8061 1
8061 8141 1
8141 8221 1
8221 8301 1
8301 8381 1
8381 8461 1
8461 8541 1
8541 8621 1
8621 8701 1
8701 8781 1
8781 8861 1
8861 8941 1
8941 9021 1
9021 9101 1
9101 9181 1
9181 9261 1
9261 9341 1
9341 9421 1
10061 10141 1
10141 10221 1
10221 10301 1
10301 10381 1
10381 10461 1
10461 10541 1
10541 10621 1
10621 10701 1
10701 10781 1
10781 10861 1
10861 10941 1
10941 11021 1
11021 11101 1
11101 11181 1
11181 11261 1
11261 11341 1
11341 11421 1
11421 11501 1
11501 11581 1
11581 11661 1
11661 11741 1
11741 11821 1
11821 11901 1
11901 11981 1
11981 12061 1
12061 12141 1
12141 12221 1
12221 12301 1
12301 12381 1
12381 12461 1
12461 12541 1
12541 12621 1
6301 6381 1
12621 12701 1
12701 6301 1
9421 9501 1
9501 9581 1
9581 9661 1
9661 9741 1
9741 9821 1
9821 9901 1
9901 9981 1
9981 10061 1
2401 2481 2
2481 2561 2
2561 2641 2
2641 2721 2
2721 2801 2
2801 2881 2
2881 2961 2
2961 3041 2
3041 3121 2
3121 3201 2
3201 3281 2
3281 3361 2
3361 3441 2
3441 3521 2
3521 3601 2
3601 3681 2
3681 3761 2
3761 3841 2
3841 3921 2
3921 4001 2
4001 4081 2
4081 4161 2
4161 4162 2
4162 4163 2
4163 4164 2
4164 4165 2
4165 4166 2
4166 4167 2
4167 4168 2
4168 4169 2
4169 4170 2
4170 4171 2
4171 4172 2
4172 4173 2
4173 4174 2
4174 4175 2
4175 4176 2
4176 4256 2
4256 4336 2
4336 4416 2
4416 4496 2
4496 4576 2
4576 4656 2
4656 4736 2
4736 4816 2
4816 4896 2
4896 4976 2
4976 5056 2
5056 5136 2
5136 5216 2
5216 5296 2
5296 5376 2
5376 5456 2
5456 5536 2
5536 5616 2
5616 5696 2
5696 5776 2
5776 5856 2
5856 5936 2
5936 6016 2
6016 6096 2
6096 6176 2
6176 6256 2
6256 6257 2
6257 6337 2
6321 6322 3
6322 6323 3
6323 6324 3
6324 12724 3
6338 6339 3
6339 6340 3
6340 6341 3
6341 6342 3
6342 6343 3
6343 6344 3
6344 6345 3
6345 6346 3
6346 6347 3
6347 6348 3
6348 6349 3
6349 6350 3
6350 6351 3
6351 6352 3
6352 6353 3
6353 6354 3
6354 6355 3
6355 6356 3
6356 6357 3
6357 6358 3
6358 6359 3
6359 6360 3
6360 6361 3
6361 6362 3
6362 6363 3
6363 6364 3
6364 6365 3
6365 6366 3
6366 6367 3
6367 6368 3
6368 6369 3
6369 6370 3
6370 6371 3
6371 6372 3
12724 12725 3
12725 12726 3
12726 12727 3
12727 12728 3
12728 12729 3
12729 12730 3
12730 12731 3
12731 12732 3
12732 12733 3
12733 12734 3
12734 12735 3
12735 12736 3
12736 12737 3
12737 12738 3
12738 6338 3
6414  14 4
6494 6414 4
6574 6494 4
6654 6574 4
6734 6654 4
6814 6734 4
6894 6814 4
6974 6894 4
7054 6974 4
7134 7054 4
7214 7134 4
7294 7214 4
7374 7294 4
7454 7374 4
7534 7454 4
7614 7534 4
7694 7614 4
7774 7694 4
7854 7774 4
7934 7854 4
8014 7934 4
8094 8014 4
8174 8094 4
8254 8174 4
8334 8254 4
8414 8334 4
8494 8414 4
8574 8494 4
8654 8574 4
8734 8654 4
8814 8734 4
8894 8814 4
8974 8894 4
9054 8974 4
9134 9054 4
9214 9134 4
9294 9214 4
9374 9294 4
9454 9374 4
9534 9454 4
9614 9534 4
9694 9614 4
9774 9694 4
9854 9774 4
9934 9854 4
10014 9934 4
10094 10014 4
10174 10094 4
10254 10174 4
10334 10254 4
10414 10334 4
10494 10414 4
10574 10494 4
4334 10734 4
10654 10574 4
4414 4334 4
10734 10654 4
4494 4414 4
4574 4494 4
4654 4574 4
4734 4654 4
4814 4734 4
4894 4814 4
4974 4894 4
5054 4974 4
5134 5054 4
5214 5134 4
5294 5214 4
5374 5294 4
5454 5374 4
5534 5454 4
5614 5534 4
5694 5614 4
5774 5694 4
5854 5774 4
5934 5854 4
6014 5934 4
6094 6014 4
6174 6094 4
6254 6174 4
6332 6333 4
6333 6334 4
6334 6254 4
6334 6335 4
6335 6336 4
3824 3825 5
3825 3826 5
3826 3827 5
3827 3828 5
3828 3829 5
3829 3830 5
3830 3831 5
3831 3832 5
3832 3833 5
3833 3834 5
3834 3835 5
3835 3836 5
3836 3837 5
3837 3838 5
3838 3839 5
3839 3840 5
3904 3824 5
3984 3904 5
4064 3984 5
4144 4064 5
4224 4144 5
4304 4224 5
4384 4304 5
4464 4384 5
4544 4464 5
4624 4544 5
4704 4624 5
4738 11138 5
4739 4738 5
4740 4739 5
4741 4740 5
4742 4741 5
4743 4742 5
4744 4743 5
4745 4744 5
4746 4745 5
4747 4746 5
4748 4747 5
4749 4748 5
4750 4749 5
4751 4750 5
4752 4751 5
4753 4752 5
4754 4753 5
4755 4754 5
4756 4755 5
4757 4756 5
4758 4757 5
4759 4758 5
4760 4759 5
4761 4760 5
4762 4761 5
4763 4762 5
4764 4763 5
4765 4764 5
4766 4765 5
4767 4766 5
4768 4767 5
4769 4768 5
4770 4769 5
4771 4770 5
4772 4771 5
4773 4772 5
4774 4773 5
4775 4774 5
4776 4775 5
4777 4776 5
4778 4777 5
4779 4778 5
4780 4779 5
4781 4780 5
4782 4781 5
4783 4782 5
4784 4704 5
4784 4783 5
11121 4721 5
11122 11121 5
11123 11122 5
11124 11123 5
11125 11124 5
11126 11125 5
11127 11126 5
11128 11127 5
11129 11128 5
11130 11129 5
11131 11130 5
11132 11131 5
11133 11132 5
11134 11133 5
11135 11134 5
11136 11135 5
11137 11136 5
11138 11137 5
4864 4784 5
4944 4864 5
5024 4944 5
5104 5024 5
5184 5104 5
5264 5184 5
5344 5264 5
5424 5344 5
5504 5424 5
5584 5504 5
5664 5584 5
5744 5664 5
5824 5744 5
5904 5824 5
5984 5904 5
6064 5984 5
6144 6064 5
6224 6144 5
6304 6224 5
6384 6304 5
  3   4 6
  4 6404 6
6404 6405 6
6405 6406 6
6406 6407 6
6407 6408 6
6408 6409 6
6409 6410 6
6410 6411 6
6411 6412 6
 13  93 6
6412 6413 6
 93  94 6
6413  13 6
 94  95 6
 95  96 6
 96  97 6
 97  98 6
 98  99 6
 99 100 6
100 101 6
101 102 6
102 103 6
103 104 6
104 105 6
105 106 6
106 107 6
107 108 6
108 109 6
109 110 6
110 111 6
111 112 6
112 113 6
113 114 6
114 115 6
115 116 6
116 117 6
117 118 6
118  38 6
118 119 6
119 199 6
199 279 6
279 359 6
359 439 6
439 440 6
440 441 6
441 442 6
442 443 6
443 444 6
444 445 6
445 446 6
446 447 6
447 448 6
448 449 6
449 450 6
450 451 6
451 452 6
452 453 6
453 454 6
454 455 6
455 456 6
456 457 6
457 458 6
458 459 6
459 460 6
460 461 6
461 541 6
541 542 6
542 622 6
622 623 6
623 624 6
624 625 6
625 626 6
626 627 6
627 628 6
628 629 6
629 630 6
630 631 6
631 632 6
632 633 6
633 634 6
634 635 6
635 636 6
636 637 6
637 638 6
638 639 6
639 7039 6
7039 7119 6
7119 7199 6
7199 7279 6
7279 7359 6
7359 7439 6
7439 7519 6
7519 7599 6
7599 7600 6
7600 7680 6
7680 7760 6
7760 7840 6
7840 7920 6
7920 8000 6
8000 8080 6
8080 8160 6
8160 8240 6
8240 8320 6
8320 8400 6
8400 8480 6
8480 8560 6
8560 8640 6
8640 8720 6
2400 2480 6
8720 8800 6
2480 2560 6
8800 2400 6
2560 2640 6
6429  29 7
6509 6429 7
6589 6509 7
6669 6589 7
6749 6669 7
6829 6749 7
6909 6829 7
669 7069 7
6989 6909 7
721 722 7
722 723 7
723 724 7
724 725 7
725 726 7
726 727 7
727 728 7
728 729 7
729 730 7
730 731 7
731 732 7
732 733 7
733 734 7
734 735 7
735 736 7
736 737 7
737 738 7
738 739 7
739 740 7
740 741 7
741 742 7
742 743 7
743 744 7
744 745 7
745 746 7
746 747 7
747 748 7
748 749 7
749 669 7
749 829 7
7069 6989 7
829 909 7
909 989 7
989 1069 7
1069 1149 7
1149 1229 7
1229 1230 7
1230 1310 7
1310 1390 7
1390 1470 7
1470 1550 7
1550 1630 7
1630 1710 7
1710 1790 7
1790 1870 7
1870 1950 7
1950 2030 7
2030 2110 7
2110 2190 7
2190 2270 7
2270 2350 7
2350 2430 7
2430 2510 7
2510 2590 7
2590 2670 7
2670 2750 7
2750 2830 7
2830 2910 7
2910 2990 7
2990 3070 7
3070 3150 7
3150 3230 7
3230 3310 7
3310 3390 7
3390 3470 7
3470 3550 7
3550 3630 7
3630 3710 7
3710 3790 7
3790 3870 7
3870 3871 7
3871 3872 7
3872 3873 7
3873 3874 7
3874 3875 7
3875 3876 7
3876 3877 7
3877 3878 7
3878 3879 7
3879 3880 7
3880 3881 7
3881 3882 7
3882 3883 7
3883 3884 7
3884 3885 7
3885 3886 7
3886 3887 7
3887 3888 7
3888 3889 7
3889 3890 7
3890 3891 7
3891 3892 7
3892 3893 7
3893 3894 7
3894 3895 7
3895 3896 7
3896 3897 7
3897 3898 7
3898 3899 7
3899 3900 7
3900 3901 7
3901 3902 7
3902 3903 7
3903 10303 7
3905 3906 7
3906 3907 7
3907 3908 7
3908 3909 7
3909 3910 7
3910 3911 7
3911 3912 7
3912 3913 7
3913 3914 7
3914 3915 7
3915 3916 7
3916 3917 7
3917 3918 7
3918 3919 7
3919 3999 7
10303 10304 7
10304 10305 7
10305 3905 7
3999 4000 7
4000 4080 7
880 960 8
960 1040 8
1040 1120 8
1120 1200 8
1200 1280 8
1280 1360 8
1360 1440 8
1440 1520 8
1520 1600 8
1600 1680 8
1680 1760 8
1760 1840 8
1840 1920 8
1920 2000 8
2000 2080 8
2080 2160 8
2160 2240 8
2240 2320 8
2319 2399 8
2320 2319 8
2399 2479 8
2479 2559 8
2559 8959 8
8959 9039 8
9039 9119 8
9119 9199 8
9199 9279 8
9279 9359 8
9359 9439 8
9439 9519 8
9519 9599 8
9599 9679 8
9679 9759 8
9759 9839 8
9839 9919 8
9919 9999 8
9999 10079 8
10079 10159 8
10159 10239 8
10239 10319 8
10319 10399 8
10399 10479 8
10479 10559 8
10559 10639 8
10639 10719 8
10719 10799 8
10799 10879 8
10879 10959 8
10959 11039 8
11039 11119 8
11119 11199 8
11199 11279 8
11279 11359 8
11359 11439 8
11439 11519 8
11519 11599 8
11599 11679 8
11679 11759 8
11759 11839 8
11839 11919 8
11919 11999 8
11999 12079 8
12079 12159 8
12159 12239 8
12239 12319 8
12319 12399 8
12399 12479 8
12479 12559 8
12559 12639 8
12639 12719 8
12719 12799 8
12777 6377 8
12778 12777 8
12779 12778 8
12780 12779 8
12781 12780 8
12782 12781 8
12783 12782 8
12784 12783 8
12785 12784 8
12786 12785 8
12787 12786 8
12788 12787 8
12789 12788 8
12790 12789 8
12791 12790 8
12792 12791 8
12793 12792 8
12794 12793 8
12795 12794 8
12796 12795 8
12797 12796 8
12798 12797 8
12799 12798 8
2161 2081 9
2241 2161 9
2321 2241 9
2322 2321 9
2402 2322 9
2482 2402 9
2562 2482 9
2642 2562 9
2722 2642 9
2802 2722 9
2882 2802 9
2962 2882 9
3042 2962 9
3122 3042 9
3202 3122 9
3282 3202 9
3362 3282 9
3442 3362 9
3522 3442 9
3602 3522 9
3682 3602 9
3762 3682 9
3842 3762 9
3922 3842 9
4002 3922 9
4082 4002 9
4083 4082 9
4084 4083 9
4085 4084 9
4086 4085 9
4087 4086 9
4088 4087 9
4089 4088 9
4090 4089 9
4091 4090 9
4092 4091 9
4093 4092 9
4094 4093 9
4095 4094 9
4096 4095 9
4097 4096 9
4177 4097 9
4257 4177 9
4337 4257 9
4417 4337 9
4497 4417 9
4577 4497 9
4657 4577 9
4717 4718 9
4718 4719 9
4719 4720 9
4737 4657 9
4795 4796 9
4796 4797 9
4797 4717 9
4817 4737 9
4818 4817 9
4819 4818 9
4820 4819 9
4821 4820 9
4822 4821 9
4823 4822 9
4824 4823 9
4825 4824 9
4826 4825 9
4827 4826 9
4828 4827 9
4829 4828 9
4830 4829 9
4831 4830 9
4832 4831 9
4833 4832 9
4834 4833 9
4835 4834 9
4836 4835 9
4837 4836 9
4838 4837 9
4839 4838 9
4840 4839 9
4841 4840 9
4842 4841 9
4843 4842 9
4844 4843 9
4845 4844 9
4846 4845 9
4847 4846 9
4848 4847 9
4849 4848 9
4850 4849 9
4851 4850 9
4852 4851 9
4853 4852 9
4854 4853 9
4855 4854 9
4856 4855 9
4856 4857 9
4857 4858 9
4858 4859 9
4859 4860 9
4860 4861 9
4861 4862 9
4862 4863 9
4863 11263 9
4869 4870 9
4870 4871 9
4871 4872 9
4872 4873 9
4873 4874 9
4874 4875 9
4875 4795 9
4936 4856 9
11263 11264 9
11264 11265 9
11265 11266 9
11266 11267 9
11267 11268 9
11268 11269 9
11269 4869 9
5016 4936 9
5096 5016 9
5176 5096 9
5256 5176 9
5336 5256 9
5416 5336 9
5496 5416 9
5576 5496 9
5656 5576 9
5736 5656 9
5816 5736 9
5896 5816 9
5976 5896 9
6056 5976 9
6136 6056 9
6216 6136 9
6296 6216 9
6376 6296 9
6433  33 10
6433 6434 10
6434 6435 10
6435 6436 10
6436 6437 10
6437 6438 10
 39  40 10
6438 6439 10
 40  41 10
6439  39 10
 41  42 10
 42  43 10
 43  44 10
 44  45 10
 45  46 10
 46  47 10
 47  48 10
 48  49 10
 49  50 10
 50  51 10
 51  52 10
 52  53 10
 53  54 10
 54  55 10
 55  56 10
 56  57 10
 57  58 10
 58  59 10
 59  60 10
 60  61 10
 61  62 10
 62  63 10
 63  64 10
 64  65 10
 65  66 10
 66  67 10
 67  68 10
 68  69 10
 69  70 10
 70  71 10
 71  72 10
 72  73 10
 73  74 10
 74  75 10
 75  76 10
 76  77 10
6513 6433 10
6593 6513 10
6673 6593 10
6753 6673 10
6833 6753 10
6913 6833 10
6993 6913 10
7073 6993 10
7153 7073 10
7232 7233 10
7233 7153 10
7311 7312 10
7312 7232 10
7389 7390 10
7390 7391 10
7391 7311 10
7468 7469 10
7469 7389 10
7546 7547 10
7547 7548 10
7548 7468 10
7623 7624 10
7624 7625 10
7625 7626 10
7626 7546 10
7703 7623 10
7781 7782 10
7782 7783 10
7783 7703 10
1540 1541 10
1541 7941 10
7861 7781 10
1614 1615 10
1615 1616 10
1616 1617 10
1617 1618 10
1618 1619 10
1619 1620 10
1620 1540 10
7941 7861 10
1693 1694 10
1694 1614 10
1761 1762 10
1762 1763 10
1763 1764 10
1764 1765 10
1765 1766 10
1766 1767 10
1767 1768 10
1768 1769 10
1769 1770 10
1770 1771 10
1771 1772 10
1772 1773 10
1773 1693 10
10801 4401 11
10802 10801 11
10803 10802 11
10804 10803 11
10805 10804 11
10806 10805 11
10807 10806 11
10808 10807 11
10809 10808 11
10810 10809 11
10811 10810 11
10812 10811 11
10813 10812 11
10814 10813 11
10815 10814 11
10816 10815 11
10817 10816 11
10818 10817 11
10819 10818 11
10820 10819 11
10821 10820 11
10822 10821 11
10823 10822 11
10824 10823 11
10825 10824 11
10826 10825 11
10827 10826 11
10828 10827 11
10829 10828 11
10830 10829 11
10831 10830 11
10832 10831 11
10833 10832 11
10834 10833 11
10835 10834 11
10836 10835 11
10837 10836 11
10838 10837 11
10839 10838 11
10840 10839 11
10841 10840 11
10842 10841 11
10843 10842 11
10844 10843 11
10845 10844 11
10846 10845 11
10847 10846 11
10848 10847 11
10849 10848 11
10850 10849 11
10851 10850 11
10852 10851 11
10853 10852 11
10854 10853 11
10855 10854 11
10856 10855 11
10857 10856 11
10858 10857 11
10859 10858 11
10860 10859 11
10880 17280 11
10960 10880 11
11040 10960 11
11120 11040 11
11200 11120 11
11280 11200 11
11360 11280 11
11440 11360 11
11520 11440 11
11600 11520 11
11680 11600 11
11760 11680 11
5520 11920 11
11840 11760 11
11920 11840 11
17260 10860 11
17261 17260 11
17262 17261 11
17263 17262 11
17264 17263 11
17265 17264 11
17266 17265 11
17267 17266 11
17268 17267 11
17269 17268 11
17270 17269 11
17271 17270 11
17272 17271 11
17273 17272 11
17274 17273 11
17275 17274 11
17276 17275 11
17277 17276 11
17278 17277 11
17279 17278 11
17280 17279 11
158  78 12
238 158 12
318 238 12
398 318 12
478 398 12
558 478 12
6958 558 12
7018 7019 12
7019 7020 12
7020 7021 12
7021 7022 12
7022 7023 12
7023 7024 12
7024 7025 12
7025 7026 12
7026 7027 12
7027 7028 12
7028 7029 12
7029 7030 12
7030 7031 12
7031 7032 12
7032 7033 12
7033 7034 12
7034 7035 12
7035 7036 12
7036 7037 12
7037 7038 12
7038 6958 12
7098 7018 12
7178 7098 12
7258 7178 12
7338 7258 12
7418 7338 12
7498 7418 12
7578 7498 12
7627 7628 12
7628 7629 12
7629 7630 12
7630 7631 12
7631 7632 12
7632 7633 12
7633 7634 12
7634 7635 12
7635 7636 12
7636 7637 12
7637 7638 12
7638 7639 12
7639 7640 12
7640 7641 12
7641 7642 12
7642 7643 12
7643 7644 12
7644 7645 12
7645 7646 12
7646 7647 12
7647 7648 12
7648 7649 12
7649 7650 12
7650 7651 12
7651 7652 12
7652 7653 12
7653 7654 12
7654 7655 12
7655 7656 12
7656 7657 12
7657 7658 12
7658 7578 12
7704 7705 12
7705 7706 12
7706 7707 12
7707 7627 12
1459 1460 12
1460 1461 12
1461 1462 12
1462 7862 12
7784 7704 12
1532 1533 12
1533 1534 12
1534 1535 12
1535 1536 12
1536 1537 12
1537 1538 12
1538 1539 12
1539 1459 12
7862 7863 12
7863 7864 12
7864 7784 12
1601 1602 12
1602 1603 12
1603 1604 12
1604 1605 12
1605 1606 12
1606 1607 12
1607 1608 12
1608 1609 12
1609 1610 12
1610 1611 12
1611 1612 12
1612 1532 12
 19  20 13
 20  21 13
 21  22 13
 22  23 13
 23  24 13
 24  25 13
3600 3520 14
3680 3600 14
3740 3741 14
3741 3742 14
3742 3743 14
3743 3744 14
3744 3745 14
3745 3746 14
3746 3747 14
3747 3748 14
3748 3749 14
3749 3750 14
3750 3751 14
3751 3752 14
3752 3753 14
3753 3754 14
3754 3755 14
3755 3756 14
3756 3757 14
3757 3758 14
3758 3759 14
3759 3760 14
3760 3680 14
10140 3740 14
10220 10140 14
10300 10220 14
10380 10300 14
10460 10380 14
10540 10460 14
4253 4254 14
4254 4255 14
4255 10655 14
10620 10540 14
4333 4253 14
10655 10656 14
10656 10657 14
10657 10658 14
10658 10659 14
10659 10660 14
10660 10661 14
10661 10662 14
10662 10663 14
10663 10664 14
10664 10665 14
10665 10666 14
10666 10667 14
10667 10668 14
10668 10669 14
10669 10670 14
10670 10671 14
10671 10672 14
10672 10673 14
10673 10674 14
10674 10675 14
10675 10676 14
10676 10677 14
10677 10678 14
10678 10679 14
10679 10680 14
10680 10681 14
10681 10682 14
10682 10683 14
10683 10684 14
10684 10685 14
10685 10686 14
10686 10687 14
10687 10688 14
10688 10689 14
10689 10690 14
10690 10691 14
10691 10692 14
10692 10693 14
10693 10694 14
10694 10695 14
10695 10696 14
10696 10697 14
10697 10698 14
10698 10699 14
10699 10700 14
10700 10620 14
4413 4333 14
4493 4413 14
4573 4493 14
4653 4573 14
4733 4653 14
4813 4733 14
4893 4813 14
4973 4893 14
5053 4973 14
5133 5053 14
5213 5133 14
5293 5213 14
5373 5293 14
5453 5373 14
5533 5453 14
5613 5533 14
5693 5613 14
5761 5762 14
5762 5763 14
5763 5764 14
5764 5765 14
5765 5766 14
5766 5767 14
5767 5768 14
5768 5769 14
5769 5770 14
5770 5771 14
5771 5772 14
5772 5773 14
5773 5693 14
