# Cost: 667

# Tail Head Net
100  40 1
160 100 1
220 160 1
280 220 1
340 280 1
400 340 1
460 400 1
461 460 1
462 461 1
463 462 1
464 463 1
465 464 1
466 465 1
467 466 1
468 467 1
469 468 1
470 469 1
471 470 1
472 471 1
473 472 1
474 473 1
475 474 1
476 475 1
477 476 1
478 477 1
479 478 1
480 479 1
540 480 1
600 540 1
660 600 1
720 660 1
780 720 1
840 780 1
900 840 1
960 900 1
1020 960 1
1080 1020 1
1140 1080 1
1200 1140 1
1260 1200 1
1320 1260 1
1380 1320 1
1440 1380 1
1500 1440 1
1560 1500 1
2100 2040 2
2160 2100 2
2220 2160 2
2280 2220 2
2340 2280 2
2400 2340 2
2408 2468 2
2409 2408 2
2410 2409 2
2411 2410 2
2412 2411 2
2413 2412 2
2414 2413 2
2415 2414 2
2416 2415 2
2417 2416 2
2418 2417 2
2419 2418 2
2420 2419 2
2421 2420 2
2422 2421 2
2423 2422 2
2424 2423 2
2425 2424 2
2426 2425 2
2427 2426 2
2428 2427 2
2429 2428 2
2430 2429 2
2431 2430 2
2432 2431 2
2433 2432 2
2434 2433 2
2435 2434 2
2436 2435 2
2437 2436 2
2438 2437 2
2439 2438 2
2440 2439 2
2441 2440 2
2442 2441 2
2443 2442 2
2444 2443 2
2445 2444 2
2446 2445 2
2447 2446 2
2448 2447 2
2449 2448 2
2450 2449 2
2451 2450 2
2452 2451 2
2453 2452 2
2454 2453 2
2455 2454 2
2456 2455 2
2457 2456 2
2458 2457 2
2459 2458 2
2460 2400 2
2460 2459 2
2468 2528 2
2528 2588 2
2588 2648 2
2648 2708 2
2708 2768 2
2768 2828 2
2828 2888 2
2888 2948 2
2948 3008 2
3008 3068 2
3068 3128 2
3128 3188 2
3188 3248 2
3248 3308 2
3308 3368 2
3368 3428 2
3428 3488 2
3488 3548 2
3121 3122 3
3122 3123 3
3123 3124 3
3124 3125 3
3125 3126 3
3126 3127 3
3127 6727 3
3129 3130 3
3130 3131 3
3131 3132 3
3132 3133 3
3133 3193 3
6727 6728 3
6728 6729 3
6729 3129 3
3193 3253 3
3253 3254 3
3254 3255 3
3255 3315 3
3315 3375 3
3375 3435 3
3435 3436 3
3436 3437 3
3437 3497 3
3497 3498 3
3498 3558 3
3558 3559 3
3559 3560 3
3560 3561 3
3561 3562 3
3562 3563 3
3563 3564 3
3564 3565 3
3565 3566 3
3566 3567 3
3567 3568 3
3568 3569 3
3569 3570 3
3542 3541 4
3543 3542 4
3544 3543 4
3545 3544 4
3546 3545 4
3547 3546 4
3571 7171 4
3572 3571 4
3573 3572 4
3574 3573 4
3575 3574 4
3576 3575 4
3577 3576 4
3578 3577 4
3579 3578 4
7147 3547 4
7148 7147 4
7149 7148 4
7150 7149 4
7151 7150 4
7152 7151 4
7153 7152 4
7154 7153 4
7155 7154 4
7156 7155 4
7157 7156 4
7158 7157 4
7159 7158 4
7160 7159 4
7161 7160 4
7162 7161 4
7163 7162 4
7164 7163 4
7165 7164 4
7166 7165 4
7167 7166 4
7168 7167 4
7169 7168 4
7170 7169 4
7171 7170 4
3841 241 5
3901 3841 5
3961 3901 5
4021 3961 5
4081 4021 5
4141 4081 5
4201 4141 5
4261 4201 5
4321 4261 5
4381 4321 5
4441 4381 5
4501 4441 5
4561 4501 5
4621 4561 5
4681 4621 5
4741 4681 5
4801 4741 5
4861 4801 5
4921 4861 5
4981 4921 5
5041 4981 5
5101 5041 5
5161 5101 5
5221 5161 5
5281 5221 5
5341 5281 5
5401 5341 5
5461 5401 5
5521 5461 5
5581 5521 5
5641 5581 5
5701 5641 5
5761 5701 5
5821 5761 5
5881 5821 5
5941 5881 5
6001 5941 5
6061 6001 5
6121 6061 5
6181 6121 5
6241 6181 5
6301 6241 5
6361 6301 5
6421 6361 5
6481 6421 5
6541 6481 5
6601 6541 5
6661 6601 5
6721 6661 5
6781 6721 5
6841 6781 5
6901 6841 5
6961 6901 5
7021 6961 5
7081 7021 5
7082 7081 5
7083 7082 5
7084 7083 5
7085 7084 5
7086 7085 5
7087 7086 5
7088 7087 5
7089 7088 5
7090 7089 5
7091 7090 5
7092 7091 5
7093 7092 5
7094 7093 5
7095 7094 5
7096 7095 5
7097 7096 5
7098 7097 5
7099 7098 5
7100 7099 5
7101 7100 5
7102 7101 5
7103 7102 5
7104 7103 5
7105 7104 5
7106 7105 5
7107 7106 5
7108 7107 5
7109 7108 5
7110 7109 5
7111 7110 5
7112 7111 5
3582 7182 5
7172 7112 5
7173 7172 5
7174 7173 5
7175 7174 5
7176 7175 5
7177 7176 5
7178 7177 5
7179 7178 5
7180 7179 5
7181 7180 5
7182 7181 5
3060 3120 6
3120 3180 6
3180 3240 6
3240 3300 6
3300 3360 6
3360 3420 6
1681 1621 7
1741 1681 7
1801 1741 7
1861 1801 7
1921 1861 7
1981 1921 7
2041 1981 7
2101 2041 7
2161 2101 7
2221 2161 7
2281 2221 7
2341 2281 7
2401 2341 7
2461 2401 7
2521 2461 7
2581 2521 7
2641 2581 7
2642 2641 7
2662 6262 7
2663 2662 7
2664 2663 7
2665 2664 7
2666 2665 7
2667 2666 7
2668 2667 7
2669 2668 7
2670 2669 7
2671 2670 7
2672 2671 7
2673 2672 7
2674 2673 7
2675 2674 7
2676 2675 7
2677 2676 7
2678 2677 7
2679 2678 7
2680 2679 7
2681 2680 7
2682 2681 7
2683 2682 7
2684 2683 7
2685 2684 7
2686 2685 7
2687 2686 7
2688 2687 7
2689 2688 7
2690 2689 7
2691 2690 7
2692 2691 7
2693 2692 7
2694 2693 7
2695 2694 7
2696 2695 7
2697 2696 7
2698 2697 7
2699 2698 7
2700 2699 7
6242 2642 7
6243 6242 7
6244 6243 7
6245 6244 7
6246 6245 7
6247 6246 7
6248 6247 7
6249 6248 7
6250 6249 7
6251 6250 7
6252 6251 7
6253 6252 7
6254 6253 7
6255 6254 7
6256 6255 7
6257 6256 7
6258 6257 7
6259 6258 7
6260 6259 7
6261 6260 7
6262 6261 7
1441 1381 8
1442 1441 8
1502 1442 8
1562 1502 8
1622 1562 8
1682 1622 8
1742 1682 8
1802 1742 8
1862 1802 8
1922 1862 8
1982 1922 8
1983 1982 8
2043 1983 8
2103 2043 8
2163 2103 8
2164 2163 8
2224 2164 8
2284 2224 8
2344 2284 8
2404 2344 8
2464 2404 8
2524 2464 8
2584 2524 8
2644 2584 8
2704 2644 8
2764 2704 8
2824 2764 8
2884 2824 8
2944 2884 8
2945 2944 8
6545 2945 8
6605 6545 8
6665 6605 8
6725 6665 8
3189 6789 8
3190 3189 8
3191 3190 8
6785 6725 8
6786 6785 8
6787 6786 8
6788 6787 8
6789 6788 8
3251 3191 8
3311 3251 8
3371 3311 8
3431 3371 8
3491 3431 8
3492 3491 8
3493 3492 8
3553 3493 8
661 601 9
721 661 9
781 721 9
841 781 9
901 841 9
961 901 9
1021 961 9
1081 1021 9
1141 1081 9
1201 1141 9
1261 1201 9
1321 1261 9
1322 1321 9
1382 1322 9
4982 1382 9
5042 4982 9
5102 5042 9
5162 5102 9
5222 5162 9
5282 5222 9
5342 5282 9
5402 5342 9
5462 5402 9
5522 5462 9
5582 5522 9
5642 5582 9
5702 5642 9
5762 5702 9
5822 5762 9
5882 5822 9
5942 5882 9
6002 5942 9
6062 6002 9
2538 6138 9
2539 2538 9
2540 2539 9
2541 2540 9
2542 2541 9
2543 2542 9
2544 2543 9
2545 2544 9
2546 2545 9
2547 2546 9
2548 2547 9
2549 2548 9
2550 2549 9
2551 2550 9
2552 2551 9
2553 2552 9
2554 2553 9
2555 2554 9
2556 2555 9
2557 2556 9
2558 2557 9
2559 2558 9
2560 2559 9
2561 2560 9
2562 2561 9
2563 2562 9
2564 2563 9
2565 2564 9
2566 2565 9
2567 2566 9
2568 2567 9
2569 2568 9
2570 2569 9
2571 2570 9
2572 2571 9
2573 2572 9
2574 2573 9
2575 2574 9
2576 2575 9
2577 2576 9
2578 2577 9
2579 2578 9
2580 2579 9
6122 6062 9
6123 6122 9
6124 6123 9
6125 6124 9
6126 6125 9
6127 6126 9
6128 6127 9
6129 6128 9
6130 6129 9
6131 6130 9
6132 6131 9
6133 6132 9
6134 6133 9
6135 6134 9
6136 6135 9
6137 6136 9
6138 6137 9
  2  62 10
 61 121 10
  3   2 10
 62  61 10
  4   3 10
  5   4 10
  6   5 10
  7   6 10
  8   7 10
  9   8 10
 10   9 10
 11  10 10
 12  11 10
 13  12 10
 14  13 10
 15  14 10
 16  15 10
 17  16 10
 18  17 10
 19  18 10
 20  19 10
 21  20 10
 22  21 10
 23  22 10
 24  23 10
 25  24 10
 26  25 10
 51  50 11
 52  51 11
 53  52 11
 54  53 11
 55  54 11
 56  55 11
 57  56 11
3649  49 12
3709 3649 12
3769 3709 12
3829 3769 12
3889 3829 12
3949 3889 12
4009 3949 12
4069 4009 12
4129 4069 12
4189 4129 12
4249 4189 12
4309 4249 12
4369 4309 12
4429 4369 12
4489 4429 12
4549 4489 12
4609 4549 12
4669 4609 12
4729 4669 12
4789 4729 12
4849 4789 12
4909 4849 12
4969 4909 12
5029 4969 12
5089 5029 12
5149 5089 12
5209 5149 12
5269 5209 12
5329 5269 12
5389 5329 12
5449 5389 12
5509 5449 12
5569 5509 12
5629 5569 12
5689 5629 12
5749 5689 12
5809 5749 12
5869 5809 12
5929 5869 12
5989 5929 12
6049 5989 12
6109 6049 12
6169 6109 12
6229 6169 12
6289 6229 12
6349 6289 12
6409 6349 12
6469 6409 12
6529 6469 12
6589 6529 12
6649 6589 12
6709 6649 12
6769 6709 12
6829 6769 12
6889 6829 12
6949 6889 12
3421 3422 12
3422 7022 12
7009 6949 12
7022 7023 12
7023 7024 12
7024 7025 12
7025 7026 12
7026 7027 12
7027 7028 12
7028 7029 12
7029 7030 12
7030 7031 12
7031 7032 12
7032 7033 12
7033 7034 12
7034 7035 12
7035 7036 12
7036 7037 12
7037 7038 12
7038 7039 12
7039 7040 12
7040 7041 12
7041 7042 12
7042 7043 12
7043 7044 12
7044 7045 12
7045 7046 12
7046 7047 12
7047 7048 12
7048 7049 12
7049 7050 12
7050 7051 12
7051 7052 12
7052 7053 12
7053 7054 12
7054 7055 12
7055 7056 12
7056 7057 12
7057 7058 12
7058 7059 12
7059 7060 12
7060 7061 12
7061 7062 12
7062 7063 12
7063 7064 12
7064 7065 12
7065 7066 12
7066 7067 12
7067 7068 12
7068 7069 12
7069 7009 12
