# Cost: 1739

# Tail Head Net
137  67 1
206 207 1
207 137 1
275 276 1
276 206 1
343 344 1
344 345 1
345 275 1
351 281 1
413 343 1
421 351 1
482 483 1
483 413 1
491 421 1
552 482 1
561 491 1
622 552 1
631 561 1
692 622 1
701 631 1
762 692 1
771 701 1
832 762 1
841 771 1
902 832 1
911 841 1
972 902 1
981 911 1
1042 972 1
1051 981 1
1112 1042 1
1121 1051 1
1182 1112 1
1191 1121 1
1252 1182 1
1261 1191 1
1322 1252 1
1331 1261 1
1392 1322 1
1401 1331 1
1462 1392 1
1471 1401 1
1532 1462 1
1541 1471 1
1602 1532 1
1611 1541 1
1672 1602 1
1681 1611 1
1742 1672 1
1751 1681 1
1812 1742 1
1821 1751 1
1881 1882 1
1882 1812 1
1891 1821 1
1951 1881 1
1961 1891 1
2021 1951 1
2031 1961 1
2091 2021 1
2101 2031 1
2161 2091 1
2171 2101 1
2231 2161 1
2241 2171 1
2301 2231 1
2311 2241 1
2371 2301 1
2381 2311 1
2382 2381 1
2383 2382 1
2384 2383 1
2385 2384 1
2386 2385 1
2387 2386 1
2388 2387 1
2389 2388 1
2390 2389 1
2391 2390 1
2392 2391 1
2393 2392 1
2394 2393 1
2395 2394 1
2396 2395 1
2397 2396 1
2398 2397 1
2399 2398 1
2400 2399 1
2401 2400 1
2402 2401 1
2403 2402 1
2404 2403 1
2405 2404 1
2406 2405 1
2407 2406 1
2408 2407 1
2409 2408 1
2410 2409 1
2411 2410 1
2412 2411 1
2413 2412 1
2414 2413 1
2415 2414 1
2416 2415 1
2441 2371 1
2486 2416 1
2511 2441 1
2556 2486 1
2557 2556 1
2558 2557 1
2559 2558 1
2581 2511 1
2629 2559 1
2630 2629 1
2631 2630 1
2632 2631 1
2633 2632 1
2634 2633 1
2635 2634 1
2636 2635 1
2637 2636 1
2638 2637 1
2639 2638 1
2640 2639 1
2651 2581 1
2710 2640 1
2711 2710 1
2712 2711 1
2713 2712 1
2714 2713 1
2715 2714 1
2716 2715 1
2721 2651 1
2786 2716 1
2787 2786 1
2788 2787 1
2789 2788 1
2790 2789 1
2791 2721 1
2860 2790 1
2861 2791 1
2861 2860 1
2931 2861 1
3001 2931 1
3071 3001 1
3141 3071 1
3211 3141 1
3281 3211 1
3351 3281 1
3421 3351 1
3491 3421 1
3561 3491 1
3631 3561 1
3701 3631 1
3771 3701 1
3841 3771 1
3911 3841 1
3981 3911 1
4051 3981 1
4121 4051 1
4191 4121 1
4261 4191 1
4331 4261 1
4401 4331 1
4471 4401 1
4541 4471 1
4611 4541 1
4681 4611 1
4751 4681 1
4821 4751 1
4891 4821 1
116  46 2
129  59 2
5016 116 2
196 197 2
197 198 2
198 199 2
199 129 2
5086 5016 2
5095 5096 2
5096 196 2
5156 5086 2
5158 5159 2
5159 5160 2
5160 5161 2
5161 5162 2
5162 5163 2
5163 5164 2
5164 5165 2
5165 5095 2
5226 5156 2
5226 5227 2
5227 5228 2
5228 5158 2
5296 5226 2
5366 5296 2
5436 5366 2
5506 5436 2
5576 5506 2
5646 5576 2
5716 5646 2
5786 5716 2
5856 5786 2
5926 5856 2
5996 5926 2
6066 5996 2
6136 6066 2
6206 6136 2
6276 6206 2
6346 6276 2
6416 6346 2
6486 6416 2
6556 6486 2
6626 6556 2
6696 6626 2
6766 6696 2
6835 6836 2
6836 6766 2
6905 6835 2
6975 6905 2
7045 6975 2
7115 7045 2
7185 7115 2
7255 7185 2
7325 7255 2
7395 7325 2
7465 7395 2
7535 7465 2
7605 7535 2
7675 7605 2
2866 2867 2
2867 2868 2
2868 2869 2
2869 2870 2
2914 2915 2
2915 2916 2
2915 7815 2
7745 7675 2
2916 2917 2
2917 2918 2
2918 2919 2
2919 2920 2
2920 2921 2
2921 2922 2
2922 2923 2
2923 7823 2
7764 7765 2
7765 7766 2
7766 2866 2
2984 2914 2
7815 7745 2
7823 7824 2
7824 7825 2
7825 7826 2
7826 7827 2
7827 7828 2
7828 7829 2
7829 7830 2
7830 7831 2
7831 7832 2
7832 7833 2
7833 7834 2
7834 7764 2
3054 2984 2
3124 3054 2
3193 3194 2
3194 3124 2
3263 3193 2
3333 3263 2
3403 3333 2
3473 3403 2
3543 3473 2
3613 3543 2
3683 3613 2
3753 3683 2
3823 3753 2
3893 3823 2
3963 3893 2
4033 3963 2
4100 4101 2
4101 4102 2
4102 4103 2
4103 4033 2
4170 4100 2
4240 4170 2
4310 4240 2
4380 4310 2
4450 4380 2
4520 4450 2
4590 4520 2
4660 4590 2
4730 4660 2
4800 4730 2
4849 4848 2
4850 4849 2
4851 4850 2
4852 4851 2
4853 4852 2
4854 4853 2
4855 4854 2
4856 4855 2
4857 4856 2
4858 4857 2
4859 4858 2
4860 4859 2
4861 4860 2
4862 4861 2
4863 4862 2
4864 4863 2
4865 4864 2
4866 4865 2
4867 4866 2
4868 4867 2
4869 4868 2
4870 4800 2
4870 4869 2
 71  72 3
 72 142 3
110  40 3
142 143 3
143 144 3
144 145 3
145 146 3
146 147 3
146 216 3
147 148 3
148 149 3
149 150 3
150 151 3
151 152 3
152 153 3
153 154 3
154 155 3
155 225 3
180 110 3
216 286 3
225 295 3
250 180 3
286 356 3
295 296 3
296 297 3
297 298 3
298 299 3
299 300 3
300 301 3
301 302 3
302 303 3
303 304 3
304 305 3
305 306 3
306 376 3
320 250 3
356 426 3
376 446 3
390 320 3
426 496 3
446 516 3
460 390 3
496 566 3
516 517 3
517 587 3
530 460 3
566 636 3
587 588 3
588 589 3
589 659 3
600 530 3
636 637 3
637 5537 3
659 660 3
660 661 3
661 662 3
662 663 3
663 733 3
666 667 3
667 668 3
668 669 3
669 670 3
670 600 3
5537 5607 3
733 803 3
736 666 3
5607 5677 3
803 804 3
804 805 3
805 806 3
806 736 3
806 876 3
5677 5747 3
876 946 3
5747 5817 3
946 1016 3
5817 5887 3
1016 1086 3
5887 5957 3
1086 1156 3
5957 6027 3
1156 1226 3
6027 6097 3
1226 1227 3
1227 1228 3
1228 1229 3
1229 1299 3
6097 6167 3
1299 1369 3
6167 6237 3
1369 1370 3
1370 1371 3
1371 1372 3
1372 1373 3
1373 1374 3
1374 1375 3
1375 1376 3
1376 1377 3
1377 1378 3
1378 1379 3
1379 1449 3
6237 6307 3
1449 1450 3
1450 1451 3
1451 1452 3
1452 1522 3
6307 6377 3
1522 1523 3
1523 1524 3
1524 1525 3
1525 1526 3
1526 1527 3
1527 6427 3
6377 6447 3
6427 6428 3
6428 6498 3
6447 6517 3
6498 6568 3
6517 6587 3
6568 6638 3
6587 6657 3
6638 6708 3
6657 6727 3
6708 6709 3
6709 6779 3
1884 1885 3
1885 1886 3
1886 1887 3
1887 1888 3
1888 1889 3
1889 1890 3
1890 1960 3
6727 6797 3
6779 6780 3
6780 6781 3
6781 6782 3
6782 6783 3
6783 6784 3
6784 1884 3
6797 6867 3
6867 6937 3
6937 7007 3
7007 7077 3
7077 7147 3
7147 7217 3
7217 7287 3
7287 7357 3
7357 7427 3
7427 7497 3
7497 7567 3
7567 7637 3
2807 2877 3
7637 7707 3
2877 2947 3
7707 2807 3
2947 3017 3
3017 3087 3
3087 3157 3
3157 3227 3
3227 3297 3
3297 3367 3
3367 3437 3
3437 3507 3
3507 3577 3
3577 3647 3
3647 3717 3
3717 3787 3
3787 3857 3
3857 3927 3
3927 3997 3
3997 4067 3
4067 4137 3
4137 4207 3
4207 4277 3
4277 4347 3
4347 4417 3
4417 4487 3
4487 4557 3
4557 4627 3
4627 4697 3
4697 4767 3
4767 4837 3
6090 1190 4
6160 6090 4
6230 6160 4
6300 6230 4
6370 6300 4
6440 6370 4
6510 6440 4
6580 6510 4
6650 6580 4
6720 6650 4
6790 6720 4
6860 6790 4
6930 6860 4
7000 6930 4
7070 7000 4
7140 7070 4
7210 7140 4
7280 7210 4
7350 7280 4
7420 7350 4
7490 7420 4
7560 7490 4
7630 7560 4
7700 7630 4
7770 7700 4
7840 7770 4
7910 7840 4
7980 7910 4
8050 7980 4
8120 8050 4
8190 8120 4
8260 8190 4
8330 8260 4
8400 8330 4
8470 8400 4
8540 8470 4
8610 8540 4
8680 8610 4
8750 8680 4
8820 8750 4
8890 8820 4
8960 8890 4
9030 8960 4
9100 9030 4
9170 9100 4
9240 9170 4
9310 9240 4
9380 9310 4
9450 9380 4
9520 9450 4
9590 9520 4
9660 9590 4
4839 9739 4
9729 9730 4
9730 9660 4
9731 4831 4
9732 9731 4
9733 9732 4
9734 9733 4
9735 9734 4
9736 9735 4
9737 9736 4
9738 9737 4
9739 9738 4
9739 9740 4
9740 9741 4
9741 9742 4
9742 9743 4
9743 9744 4
9744 9745 4
9745 9746 4
9746 9747 4
9747 9748 4
9748 9749 4
9749 9750 4
9750 9751 4
9751 9752 4
9752 9753 4
9753 9754 4
9754 9755 4
9755 9756 4
9756 9757 4
9757 9758 4
9758 9759 4
9759 9760 4
9760 9761 4
9761 9762 4
9762 9763 4
9763 9764 4
9764 9765 4
9765 9766 4
9766 9767 4
9767 9768 4
9768 9769 4
9769 9770 4
9770 9771 4
9771 9772 4
9772 9773 4
9773 9774 4
9774 9775 4
9775 9776 4
9776 9777 4
9777 9778 4
9778 9779 4
9779 9780 4
9780 9781 4
9781 9782 4
9782 9783 4
9783 9784 4
9784 9785 4
9785 9786 4
9786 9787 4
9787 9788 4
9788 9789 4
9789 9790 4
9790 9791 4
9791 9792 4
9792 9793 4
9793 9794 4
9794 9795 4
9795 9796 4
9796 9797 4
9797 9798 4
9798 9799 4
9799 9729 4
 87  17 5
157  87 5
227 157 5
5127 227 5
5197 5127 5
5267 5197 5
5337 5267 5
5407 5337 5
5477 5407 5
5547 5477 5
5617 5547 5
5687 5617 5
5757 5687 5
5827 5757 5
5897 5827 5
5967 5897 5
6037 5967 5
6107 6037 5
6177 6107 5
1394 6294 5
1395 1394 5
1396 1395 5
1397 1396 5
1398 1397 5
1399 1398 5
1400 1399 5
6247 6177 5
6247 6317 5
6293 11193 5
6294 6293 5
6317 6387 5
6387 6457 5
6457 6527 5
6527 6597 5
6597 6667 5
6667 6737 5
6737 6807 5
6807 6877 5
6877 6947 5
6947 7017 5
7017 7087 5
7087 7157 5
7157 7227 5
7227 7297 5
7297 7367 5
7367 7437 5
7437 7507 5
7507 7577 5
7577 7647 5
7647 7717 5
7717 7787 5
7787 7857 5
7857 7927 5
7927 7997 5
7997 8067 5
8067 8137 5
8137 8207 5
8207 8277 5
8277 8347 5
8345 8415 5
8346 8345 5
8347 8346 5
8401 3501 5
8402 8401 5
8403 8402 5
8404 8403 5
8405 8404 5
8406 8405 5
8407 8406 5
8408 8407 5
8409 8408 5
8410 8409 5
8411 8410 5
8412 8411 5
8413 8412 5
8414 8413 5
8415 8414 5
11147 6247 5
11148 11147 5
11149 11148 5
11150 11149 5
11151 11150 5
11152 11151 5
11163 11162 5
11164 11163 5
11165 11164 5
11166 11165 5
11167 11166 5
11168 11167 5
11169 11168 5
11170 11169 5
11171 11170 5
11172 11171 5
11173 11172 5
11174 11173 5
11175 11174 5
11176 11175 5
11177 11176 5
11178 11177 5
11179 11178 5
11180 11179 5
11181 11180 5
11182 11181 5
11183 11182 5
11184 11183 5
11185 11184 5
11186 11185 5
11187 11186 5
11188 11187 5
11189 11188 5
11190 11189 5
11191 11190 5
11192 11191 5
11193 11192 5
11153 11152 5
11154 11153 5
11155 11154 5
11156 11155 5
11157 11156 5
11158 11157 5
11159 11158 5
11160 11159 5
11161 11160 5
11162 11161 5
 88  18 6
158  88 6
228 158 6
5128 228 6
5198 5128 6
5268 5198 6
5338 5268 6
5408 5338 6
5478 5408 6
5548 5478 6
5618 5548 6
5688 5618 6
5758 5688 6
5828 5758 6
5898 5828 6
5968 5898 6
6038 5968 6
6108 6038 6
6178 6108 6
6248 6178 6
6318 6248 6
6388 6318 6
6458 6388 6
6528 6458 6
6598 6528 6
6668 6598 6
6738 6668 6
6808 6738 6
6878 6808 6
6948 6878 6
7018 6948 6
7088 7018 6
7158 7088 6
7228 7158 6
7298 7228 6
7368 7298 6
7438 7368 6
7508 7438 6
7578 7508 6
7648 7578 6
7718 7648 6
7788 7718 6
7858 7788 6
7928 7858 6
7998 7928 6
8068 7998 6
8138 8068 6
8208 8138 6
8278 8208 6
8348 8278 6
8418 8348 6
8488 8418 6
8558 8488 6
8628 8558 6
8698 8628 6
8768 8698 6
8838 8768 6
8908 8838 6
8978 8908 6
9048 8978 6
9118 9048 6
9188 9118 6
4411 4412 6
4412 4413 6
4413 4414 6
4414 4415 6
4415 4416 6
4416 9316 6
9258 9188 6
9316 9317 6
9317 9318 6
9318 9319 6
9319 9320 6
9320 9321 6
9321 9322 6
9322 9323 6
9323 9324 6
9324 9325 6
9325 9326 6
9326 9327 6
9327 9328 6
9328 9258 6
9328 9329 6
9329 9330 6
9330 9331 6
9331 9332 6
9332 9333 6
9333 9334 6
9334 9335 6
9335 9336 6
9336 9337 6
9337 9338 6
9338 9339 6
9339 9340 6
9340 9341 6
9341 9342 6
9342 9343 6
9343 9344 6
9344 9414 6
9414 9484 6
9484 9485 6
9485 9486 6
9486 9487 6
9487 9488 6
9488 9489 6
9489 9490 6
9490 9491 6
9491 9492 6
4662 4732 6
9492 9562 6
4732 4802 6
9562 4662 6
4802 4872 6
 95  25 7
165  95 7
235 165 7
5135 235 7
5205 5135 7
445 5345 7
5275 5205 7
515 445 7
5345 5275 7
585 515 7
655 585 7
725 655 7
795 725 7
865 795 7
935 865 7
1005 935 7
1075 1005 7
1145 1075 7
1215 1145 7
1285 1215 7
1355 1285 7
1425 1355 7
1495 1425 7
1565 1495 7
1635 1565 7
1705 1635 7
1775 1705 7
1845 1775 7
1915 1845 7
1985 1915 7
2055 1985 7
2125 2055 7
2195 2125 7
2265 2195 7
2335 2265 7
7235 2335 7
7305 7235 7
7375 7305 7
7445 7375 7
7515 7445 7
7585 7515 7
7655 7585 7
7725 7655 7
7795 7725 7
7865 7795 7
7935 7865 7
8005 7935 7
8075 8005 7
8145 8075 7
8215 8145 7
8285 8215 7
8355 8285 7
8425 8355 7
8495 8425 7
8565 8495 7
8635 8565 7
8705 8635 7
8775 8705 7
8845 8775 7
8915 8845 7
8985 8915 7
9055 8985 7
9125 9055 7
4365 9265 7
9195 9125 7
4435 4365 7
9265 9195 7
4505 4435 7
4575 4505 7
4645 4575 7
4715 4645 7
4766 4836 7
4785 4715 7
4823 9723 7
9666 4766 7
9667 9666 7
9668 9667 7
9669 9668 7
9670 9669 7
9671 9670 7
9672 9671 7
9673 9672 7
9674 9673 7
9675 9674 7
9676 9675 7
9677 9676 7
9678 9677 7
9679 9678 7
9680 9679 7
9681 9680 7
9682 9681 7
9683 9682 7
9684 9683 7
9685 4785 7
9685 9684 7
9686 9685 7
9687 9686 7
9688 9687 7
9689 9688 7
9690 9689 7
9691 9690 7
9692 9691 7
9693 9692 7
9694 9693 7
9695 9694 7
9696 9695 7
9697 9696 7
9698 9697 7
9699 9698 7
9700 9699 7
9701 9700 7
9702 9701 7
9703 9702 7
9704 9703 7
9705 9704 7
9706 9705 7
9707 9706 7
9708 9707 7
9709 9708 7
9710 9709 7
9711 9710 7
9712 9711 7
9713 9712 7
9714 9713 7
9715 9714 7
9716 9715 7
9717 9716 7
9718 9717 7
9719 9718 7
9720 9719 7
9721 9720 7
9722 9721 7
4893 4823 7
9723 9722 7
4894 4893 7
 68 138 8
138 208 8
208 278 8
278 348 8
348 418 8
418 488 8
488 558 8
558 628 8
628 698 8
698 768 8
768 838 8
838 908 8
908 978 8
978 1048 8
1048 1118 8
1118 1119 8
1118 6018 8
1119 1120 8
6018 6088 8
6088 6158 8
6158 6228 8
6228 6298 8
6298 6368 8
6368 6438 8
6438 6508 8
6508 6578 8
6578 6648 8
6648 6718 8
6718 6788 8
6788 6858 8
6858 6928 8
6928 6998 8
6998 7068 8
7068 7138 8
7138 7208 8
7208 7278 8
7278 7348 8
7348 7418 8
7418 7488 8
7488 7558 8
7558 7628 8
7628 7698 8
7698 7768 8
7768 7838 8
7838 7908 8
7908 7978 8
7978 8048 8
8048 8118 8
8118 8188 8
8188 8258 8
8258 8328 8
8328 8398 8
8398 8468 8
8468 8538 8
8538 8608 8
8608 8678 8
8678 8748 8
8748 8818 8
8818 8888 8
8888 8958 8
8958 9028 8
9028 9098 8
9098 9168 8
9168 9238 8
9238 9308 8
9308 9378 8
9378 9448 8
9448 9518 8
9518 9588 8
4740 4810 8
9588 9658 8
4810 4880 8
9640 4740 8
9641 9640 8
9642 9641 8
9643 9642 8
9644 9643 8
9645 9644 8
9646 9645 8
9647 9646 8
9648 9647 8
9649 9648 8
9650 9649 8
9651 9650 8
9652 9651 8
9653 9652 8
9654 9653 8
9655 9654 8
9656 9655 8
9657 9656 8
9658 9657 8
4957 4958 9
4958 4959 9
4959 4960 9
4960 4961 9
4961 4962 9
4962 4963 9
4963 4964 9
4964 4965 9
4965 4966 9
4966 4967 9
4967 4968 9
4968 4969 9
4969 4970 9
4970  70 9
5027 4957 9
5097 5027 9
5167 5097 9
5237 5167 9
5307 5237 9
5377 5307 9
5447 5377 9
5517 5447 9
5587 5517 9
5657 5587 9
5727 5657 9
5797 5727 9
5867 5797 9
5937 5867 9
6007 5937 9
6077 6007 9
6147 6077 9
6217 6147 9
6287 6217 9
6356 6357 9
6357 6287 9
6426 6356 9
6496 6426 9
6566 6496 9
6636 6566 9
6706 6636 9
6776 6706 9
6846 6776 9
6916 6846 9
6986 6916 9
7056 6986 9
7126 7056 9
7196 7126 9
7266 7196 9
7336 7266 9
7406 7336 9
7476 7406 9
7546 7476 9
2731 2732 9
2732 2733 9
2733 2734 9
2734 2735 9
2735 2736 9
2736 2737 9
2737 2738 9
2738 2739 9
2739 2740 9
2740 2741 9
2741 2742 9
2742 2743 9
2743 2744 9
2744 2745 9
2745 2746 9
2746 2747 9
2747 2748 9
2748 2749 9
2749 2750 9
2750 2751 9
2751 2752 9
2752 2753 9
2753 2754 9
2754 2755 9
2755 2756 9
2756 2757 9
2757 2758 9
2758 2759 9
2759 2760 9
2760 2761 9
2761 2762 9
2762 2763 9
2763 2764 9
2764 2765 9
2765 2766 9
2766 2767 9
2767 2768 9
2768 2769 9
2769 2770 9
2770 2771 9
2771 2772 9
2772 2773 9
2773 2774 9
2774 2775 9
2775 2776 9
2776 2777 9
2777 2778 9
2778 2779 9
2779 2780 9
2780 2781 9
2781 2782 9
2782 2783 9
2783 2784 9
2784 2785 9
2785 2855 9
2785 7685 9
7616 7546 9
2801 2731 9
2855 2925 9
7685 7686 9
7686 7616 9
2925 2995 9
2995 3065 9
3065 3135 9
3135 3205 9
3205 3275 9
3275 3345 9
3345 3415 9
3415 3485 9
3485 3555 9
3555 3625 9
3625 3695 9
3695 3765 9
3765 3835 9
3835 3905 9
3905 3975 9
3975 4045 9
4045 4115 9
4115 4185 9
4185 4255 9
4255 4325 9
4325 4395 9
4395 4465 9
4465 4535 9
4535 4605 9
4605 4675 9
4675 4745 9
4745 4815 9
4815 4885 9
135  65 10
205 135 10
5105 205 10
5175 5105 10
5245 5175 10
5315 5245 10
5385 5315 10
5455 5385 10
5525 5455 10
5595 5525 10
5665 5595 10
5735 5665 10
5805 5735 10
3781 3782 10
3782 3783 10
3783 3784 10
3784 3785 10
3785 8685 10
3849 3850 10
3850 3920 10
8685 8686 10
8686 8687 10
8687 13587 10
8749 3849 10
3920 3990 10
3990 4060 10
4060 4130 10
4130 4200 10
4200 4270 10
4270 4340 10
4340 4410 10
4410 4480 10
4480 4550 10
4550 4620 10
4620 4690 10
4690 4760 10
4760 4830 10
10705 5805 10
10775 10705 10
10845 10775 10
10915 10845 10
10985 10915 10
11055 10985 10
11125 11055 10
11195 11125 10
11265 11195 10
11335 11265 10
11405 11335 10
11475 11405 10
11545 11475 10
11615 11545 10
11685 11615 10
11755 11685 10
11825 11755 10
11895 11825 10
11965 11895 10
12035 11965 10
12105 12035 10
12175 12105 10
12245 12175 10
12315 12245 10
12385 12315 10
12455 12385 10
12525 12455 10
12595 12525 10
12665 12595 10
12735 12665 10
12805 12735 10
12875 12805 10
12945 12875 10
13015 12945 10
13085 13015 10
13155 13085 10
13225 13155 10
13295 13225 10
13365 13295 10
13435 13365 10
13505 13435 10
13575 13505 10
13587 13588 10
13588 13589 10
13589 13590 10
13590 13591 10
13591 13592 10
13592 13593 10
13593 13594 10
13594 13595 10
13595 13596 10
13596 13597 10
13597 13598 10
13598 13599 10
13599 13600 10
13600 13601 10
13601 13602 10
13602 13603 10
13603 13604 10
13604 13605 10
13605 13606 10
13606 13607 10
13607 13608 10
13608 13609 10
13609 13610 10
13610 13611 10
13611 13612 10
13612 13613 10
13613 13614 10
13614 13615 10
13615 13616 10
13616 13617 10
13617 13618 10
13618 13619 10
13619 13620 10
13620 13621 10
13621 13622 10
13622 13623 10
13623 13624 10
13624 13625 10
13625 13626 10
13626 13627 10
13627 13628 10
13628 13629 10
13629 13630 10
13630 13631 10
13631 13632 10
13632 13633 10
13633 13634 10
13634 13635 10
13635 13636 10
13636 13637 10
13637 13638 10
13638 13639 10
13639 13640 10
13640 13641 10
13641 13642 10
13642 13643 10
13643 13644 10
13644 13645 10
13645 13575 10
13645 13646 10
13646 13647 10
13647 13648 10
13648 13649 10
13649 8749 10
  6   7 11
  7   8 11
  8   9 11
  9  10 11
 10  11 11
 11  12 11
 12 4912 11
4912 4913 11
4913 4914 11
4914 4915 11
4915 4916 11
4916 4917 11
4917 4918 11
4918 4919 11
4919 4920 11
4920 4921 11
4921 4922 11
4922 4923 11
4923 4924 11
4924 4925 11
4925 4926 11
4926 4927 11
4927 4928 11
4928 4929 11
4929 4930 11
4930 4931 11
4931 4932 11
4932 4933 11
4933 4934 11
4934 4935 11
4935 4936 11
4936 4937 11
4937  37 11
4937 4938 11
4938 4939 11
4939 4940 11
4940 4941 11
4941 4942 11
4942 4943 11
4943 4944 11
4944 4945 11
4945 4946 11
 47  48 11
4946 4947 11
 48  49 11
4947  47 11
 49  50 11
123  53 12
124 123 12
125 124 12
126 125 12
127 126 12
128 127 12
5028 128 12
5029 5028 12
5030 5029 12
5031 5030 12
5032 5031 12
5033 5032 12
5034 5033 12
5035 5034 12
5036 5035 12
5106 5036 12
5176 5106 12
5246 5176 12
5316 5246 12
5386 5316 12
5387 5386 12
559 560 12
5457 5387 12
5458 5457 12
5459 559 12
5459 5458 12
5529 5459 12
5599 5529 12
5669 5599 12
5739 5669 12
5809 5739 12
5879 5809 12
5949 5879 12
6019 5949 12
6089 6019 12
6159 6089 12
6229 6159 12
6299 6229 12
6369 6299 12
6439 6369 12
6509 6439 12
6579 6509 12
6649 6579 12
6719 6649 12
6789 6719 12
6859 6789 12
6929 6859 12
6999 6929 12
7069 6999 12
7139 7069 12
7209 7139 12
7279 7209 12
7349 7279 12
7419 7349 12
7489 7419 12
7559 7489 12
7629 7559 12
7699 7629 12
7769 7699 12
7839 7769 12
7909 7839 12
7979 7909 12
8049 7979 12
8119 8049 12
3359 8259 12
8189 8119 12
3360 3359 12
8259 8189 12
3430 3360 12
3500 3430 12
3570 3500 12
3640 3570 12
3710 3640 12
 19  20 13
 20  21 13
 89  19 13
 21  22 13
 22  23 13
 23  24 13
4983 4984 13
4984 4985 13
4985 4986 13
4986 4987 13
4987 4988 13
4988 4989 13
4989  89 13
5052 5053 13
5053 4983 13
5122 5052 13
5192 5122 13
5257 5258 13
5258 5259 13
5259 5260 13
5260 5261 13
5261 5262 13
5262 5192 13
5326 5327 13
5327 5257 13
5396 5326 13
5466 5396 13
5536 5466 13
5606 5536 13
5676 5606 13
5746 5676 13
5816 5746 13
5886 5816 13
5956 5886 13
6026 5956 13
6096 6026 13
6166 6096 13
6236 6166 13
6306 6236 13
6376 6306 13
6446 6376 13
6516 6446 13
6586 6516 13
6656 6586 13
6726 6656 13
6796 6726 13
6866 6796 13
6936 6866 13
7006 6936 13
7076 7006 13
7145 7146 13
7146 7076 13
7215 7145 13
2451 7351 13
7284 7285 13
7285 7215 13
2521 2451 13
7351 7352 13
7352 7353 13
7353 7354 13
7354 7284 13
2871 7771 14
7771 12671 14
3007 3008 14
3008 3009 14
3009 3010 14
3010 2940 14
7904 7905 14
7905 7906 14
7906 7907 14
7907 3007 14
12671 12672 14
12672 12673 14
12673 12674 14
12674 12675 14
12675 12676 14
12676 12677 14
12677 12678 14
12678 12679 14
12679 12680 14
12680 12681 14
12681 12682 14
12682 12683 14
12683 12684 14
12684 12685 14
12685 12686 14
12686 12687 14
12687 12688 14
12688 12689 14
12689 12690 14
12690 12691 14
12691 12692 14
12692 12693 14
12693 12694 14
12694 12695 14
12695 12696 14
12696 12766 14
12766 12767 14
12767 12768 14
12768 12769 14
12769 12770 14
12770 12771 14
12771 12772 14
12772 12773 14
12773 12774 14
12774 12775 14
12775 12776 14
12776 12777 14
12777 12778 14
12778 12779 14
12779 12780 14
12780 12781 14
12781 12782 14
12782 12783 14
12783 12784 14
12784 12785 14
12785 12786 14
12786 12787 14
12787 12788 14
12788 12789 14
12789 12790 14
12790 12791 14
12791 12792 14
12792 12793 14
12793 12794 14
12794 12795 14
12795 12796 14
12796 12797 14
12797 12798 14
12798 12799 14
12799 12800 14
12800 12801 14
12801 12802 14
12802 12803 14
12803 12804 14
12804 7904 14
 26  96 15
 96 4996 15
4996 5066 15
5066 5136 15
5136 5206 15
5206 5276 15
5276 5346 15
5346 5416 15
5416 5486 15
5486 5556 15
5556 5626 15
5626 5696 15
5696 5766 15
5766 5836 15
5836 5906 15
5906 5907 15
5907 5908 15
5908 5909 15
5909 5910 15
5910 5911 15
5911 5912 15
5912 5913 15
5913 5983 15
5983 6053 15
6053 6123 15
6123 6193 15
6193 6263 15
6263 6333 15
6333 6403 15
6403 6473 15
6473 6543 15
6543 6613 15
6613 6683 15
6683 6753 15
6753 6823 15
6823 6893 15
6893 6963 15
6963 7033 15
7033 7103 15
7103 7173 15
7173 7243 15
7243 7313 15
7313 7383 15
7383 7453 15
7453 7523 15
7523 7593 15
7593 7663 15
7663 7733 15
7733 7803 15
7803 7873 15
7873 7943 15
7943 8013 15
8013 8083 15
8083 8153 15
8153 8223 15
8223 8293 15
8293 8363 15
8363 8433 15
8433 8503 15
8503 8573 15
8573 8643 15
8643 8713 15
8713 8783 15
8783 8853 15
8853 8923 15
8923 8993 15
8993 9063 15
9063 9133 15
9133 9203 15
9203 9273 15
9273 9274 15
9274 9275 15
9275 9345 15
9345 9415 15
9415 9416 15
9416 9417 15
9417 9418 15
9418 9419 15
9419 9420 15
9420 9421 15
9421 9422 15
9422 9423 15
9423 9493 15
9493 9563 15
4682 4752 15
9563 9564 15
9564 9565 15
9565 9566 15
9566 9567 15
9567 9568 15
9568 9569 15
9569 9570 15
9570 9571 15
9571 9572 15
9572 9573 15
9573 9574 15
9574 9575 15
9575 9576 15
9576 9577 15
9577 9578 15
9578 9579 15
9579 9580 15
9580 9581 15
9581 9582 15
4752 4753 15
9582 4682 15
4753 4754 15
4754 4824 15
4824 4825 15
4825 4895 15
4895 4896 15
4896 4897 15
4897 4898 15
