# Cost: 1933

# Tail Head Net
  4   3 1
  5   4 1
  6   5 1
  7   6 1
  8   7 1
  9   8 1
 10   9 1
 11  10 1
 12  11 1
 13  12 1
 14  13 1
 15  14 1
 16  15 1
 17  16 1
 18  17 1
 19  18 1
 20  19 1
 21  20 1
 22  21 1
 23  22 1
 24  23 1
 25  24 1
 26  25 1
 27  26 1
 28  27 1
 29  28 1
 30  29 1
 31  30 1
 32  31 1
 33  32 1
 34  33 1
 35  34 1
 36  35 1
 37  36 1
 38  37 1
 39  38 1
139  39 1
140 139 1
141 140 1
142 141 1
143 142 1
144 143 1
145 144 1
146 145 1
147 146 1
148 147 1
149 148 1
150 149 1
151 150 1
152 151 1
153 152 1
154 153 1
155 154 1
156 155 1
157 156 1
158 157 1
159 158 1
160 159 1
161 160 1
162 161 1
163 162 1
164 163 1
165 164 1
166 165 1
167 166 1
168 167 1
169 168 1
170 169 1
171 170 1
172 171 1
173 172 1
174 173 1
175 174 1
176 175 1
177 176 1
178 177 1
179 178 1
180 179 1
181 180 1
182 181 1
183 182 1
184 183 1
185 184 1
186 185 1
187 186 1
188 187 1
189 188 1
190 189 1
191 190 1
192 191 1
193 192 1
194 193 1
195 194 1
196 195 1
197 196 1
198 197 1
199 198 1
299 199 1
399 299 1
499 399 1
599 499 1
699 599 1
799 699 1
899 799 1
999 899 1
1099 999 1
1199 1099 1
1299 1199 1
1399 1299 1
1499 1399 1
1599 1499 1
1699 1599 1
1799 1699 1
1899 1799 1
1999 1899 1
2099 1999 1
2199 2099 1
2299 2199 1
2399 2299 1
2499 2399 1
2599 2499 1
2699 2599 1
2799 2699 1
2899 2799 1
2999 2899 1
3099 2999 1
3199 3099 1
3299 3199 1
3399 3299 1
3499 3399 1
3599 3499 1
3699 3599 1
3799 3699 1
3899 3799 1
3999 3899 1
4000 3999 1
4100 4000 1
1200 1100 2
1300 1200 2
1400 1300 2
1500 1400 2
1600 1500 2
1700 1600 2
1800 1700 2
1900 1800 2
2000 1900 2
2100 2000 2
2200 2100 2
2300 2200 2
2400 2300 2
12399 12400 2
12400 2400 2
12498 12499 2
12499 12399 2
12598 12498 2
12698 12598 2
12798 12698 2
12898 12798 2
12998 12898 2
13098 12998 2
13198 13098 2
13298 13198 2
13398 13298 2
13498 13398 2
13598 13498 2
13698 13598 2
13797 13798 2
13798 13698 2
13897 13797 2
13997 13897 2
14097 13997 2
14197 14097 2
14297 14197 2
14397 14297 2
14497 14397 2
14597 14497 2
14697 14597 2
14797 14697 2
14897 14797 2
14997 14897 2
15095 15096 2
15096 15097 2
15097 14997 2
15194 15195 2
15195 15095 2
15294 15194 2
15393 15394 2
15394 15294 2
15493 15393 2
15593 15493 2
15693 15593 2
15793 15693 2
15893 15793 2
15993 15893 2
16092 16093 2
16093 15993 2
16191 16192 2
16192 16092 2
16291 16191 2
16391 16291 2
16491 16391 2
16591 16491 2
16691 16591 2
16790 16791 2
16791 16691 2
16890 16790 2
16990 16890 2
17090 16990 2
17190 17090 2
17290 17190 2
17390 17290 2
17490 17390 2
17590 17490 2
17690 17590 2
17790 17690 2
17890 17790 2
17990 17890 2
8190 18190 2
18090 17990 2
8265 8266 2
8266 8267 2
8267 8268 2
8268 8269 2
8269 8270 2
8270 8271 2
8271 8272 2
8272 8273 2
8273 8274 2
8274 8275 2
8275 8276 2
8276 8277 2
8277 8278 2
8278 8279 2
8279 8280 2
8280 8281 2
8281 8282 2
8282 8283 2
8283 8284 2
8284 8285 2
8285 8286 2
8286 8287 2
8287 8288 2
8288 8289 2
8289 8290 2
8290 8190 2
18190 18090 2
8365 8265 2
8465 8365 2
8565 8465 2
8665 8565 2
8765 8665 2
8865 8765 2
8965 8865 2
9065 8965 2
9165 9065 2
9265 9165 2
9365 9265 2
9465 9365 2
9565 9465 2
9665 9565 2
9761 9762 2
9762 9763 2
9763 9764 2
9764 9765 2
9765 9665 2
9859 9860 2
9860 9861 2
9861 9761 2
9959 9859 2
 46  47 3
 47  48 3
 48  49 3
 49  50 3
 50  51 3
 51  52 3
 52  53 3
 53  54 3
 54  55 3
 55  56 3
 56  57 3
 57  58 3
 58  59 3
 59 10059 3
10059 10159 3
10159 10259 3
10259 10359 3
10359 10360 3
10360 10460 3
10460 10560 3
10560 10561 3
10561 10661 3
10661 10662 3
10662 10762 3
10762 10763 3
10763 10764 3
10764 10765 3
10765 10766 3
10766 10767 3
10767 10768 3
10768 10769 3
10769 10770 3
10770 10771 3
10771 10772 3
10772 10872 3
10872 10873 3
10873 10874 3
10874 10974 3
10974 10975 3
10975 10976 3
10976 10977 3
10977 11077 3
11077 11177 3
11177 11277 3
11277 11377 3
11377 11477 3
11477 11577 3
11577 11677 3
11677 11777 3
11777 11877 3
11877 11977 3
11977 12077 3
12077 12177 3
12177 12277 3
12277 12377 3
12377 12477 3
12477 12577 3
12577 12677 3
12677 12777 3
12777 12877 3
12877 12977 3
12977 13077 3
13077 13177 3
13177 13277 3
13277 13377 3
13377 13477 3
13477 13577 3
13577 13677 3
13677 13777 3
13777 13877 3
13877 13977 3
13977 14077 3
14077 14177 3
14177 14277 3
14277 14278 3
14278 14378 3
14378 14478 3
14478 14479 3
14479 14480 3
14480 14580 3
14580 14680 3
14680 14780 3
14780 14880 3
14880 14881 3
14881 14882 3
14882 14982 3
14982 15082 3
15082 15182 3
15182 15183 3
15183 15283 3
15283 15284 3
15284 15285 3
15285 15385 3
15385 15386 3
15386 15387 3
15387 15388 3
15388 15389 3
15389 15390 3
15390 15391 3
15391 15491 3
15491 15492 3
5592 5593 3
15492 15592 3
5593 5594 3
5594 5595 3
5595 5596 3
5596 5597 3
5597 5598 3
5598 5599 3
5599 5600 3
15592 5592 3
 97  96 4
10097  97 4
10197 10097 4
10297 10197 4
10397 10297 4
10497 10397 4
10597 10497 4
10697 10597 4
10797 10697 4
10798 10797 4
10898 10798 4
10998 10898 4
11098 10998 4
11198 11098 4
11298 11198 4
11398 11298 4
11498 11398 4
11598 11498 4
11698 11598 4
11798 11698 4
11898 11798 4
11998 11898 4
12098 11998 4
2298 12298 4
12198 12098 4
2398 2298 4
12298 12198 4
2498 2398 4
2598 2498 4
2698 2598 4
2798 2698 4
2898 2798 4
2998 2898 4
3098 2998 4
3198 3098 4
3298 3198 4
3398 3298 4
3498 3398 4
3598 3498 4
3698 3598 4
3798 3698 4
3898 3798 4
3998 3898 4
4098 3998 4
4198 4098 4
4199 4198 4
4299 4199 4
4300 4299 4
4400 4300 4
4500 4400 4
8201 8202 5
8202 8203 5
8203 8204 5
8204 8304 5
8304 8404 5
8404 8504 5
8504 8604 5
8604 8704 5
8704 8804 5
8804 8904 5
8904 9004 5
9004 9104 5
9104 9204 5
9204 9304 5
9304 9404 5
9404 9504 5
9504 9604 5
9604 9605 5
9605 9705 5
9705 9706 5
9706 9707 5
9707 9708 5
9708 9709 5
9709 9710 5
9710 9810 5
9810 9811 5
9811 9911 5
9911 9912 5
9912 19912 5
9960 9961 5
9961 9962 5
9962 9963 5
9963 9964 5
9964 9965 5
9965 9966 5
9966 9967 5
9967 9968 5
9968 9969 5
9969 9970 5
9970 9971 5
9971 9972 5
9972 9973 5
9973 9974 5
9974 9975 5
9975 9976 5
9976 9977 5
9977 9978 5
9978 9979 5
9979 9980 5
9980 9981 5
9981 9982 5
9982 9983 5
9983 9984 5
9984 9985 5
9985 9986 5
9986 9987 5
9987 9988 5
9988 9989 5
9989 9990 5
9990 9991 5
9991 9992 5
9992 9993 5
9993 9994 5
9994 9995 5
9995 9996 5
9996 9997 5
9997 9998 5
19912 19913 5
19913 19914 5
19914 19915 5
19915 19916 5
19916 19917 5
19917 19918 5
19918 19919 5
19919 19920 5
19920 19921 5
19921 19922 5
19922 19923 5
19923 19924 5
19924 19925 5
19925 19926 5
19926 19927 5
19927 19928 5
19928 19929 5
19929 19930 5
19930 19931 5
19931 19932 5
19932 19933 5
19933 19934 5
19934 19935 5
19935 19936 5
19936 19937 5
19937 19938 5
19938 19939 5
19939 19940 5
19940 19941 5
19941 19942 5
19942 19943 5
19943 19944 5
19944 19945 5
19945 19946 5
19946 19947 5
19947 19948 5
19948 19949 5
19949 19950 5
19950 19951 5
19951 19952 5
19952 19953 5
19953 19954 5
19954 19955 5
19955 19956 5
19956 19957 5
19957 19958 5
19958 19959 5
19959 19960 5
19960 9960 5
10081  81 6
10181 10081 6
381 10381 6
10281 10181 6
481 381 6
10381 10281 6
581 481 6
681 581 6
781 681 6
881 781 6
981 881 6
1081 981 6
1181 1081 6
1281 1181 6
1381 1281 6
1481 1381 6
1581 1481 6
1681 1581 6
1702 1701 6
1703 1702 6
1704 1703 6
1705 1704 6
1706 1705 6
1707 1706 6
1708 1707 6
1709 1708 6
1710 1709 6
1711 1710 6
1712 1711 6
1713 1712 6
1714 1713 6
1715 1714 6
1716 1715 6
1717 1716 6
1718 1717 6
1719 1718 6
1720 1719 6
1721 1720 6
1722 1721 6
1723 1722 6
1724 1723 6
1725 1724 6
1726 1725 6
1727 1726 6
1728 1727 6
1729 1728 6
1730 1729 6
1731 1730 6
1732 1731 6
1733 1732 6
1734 1733 6
1735 1734 6
1736 1735 6
1737 1736 6
1738 1737 6
1739 1738 6
1740 1739 6
1741 1740 6
1742 1741 6
1743 1742 6
1744 1743 6
1745 1744 6
1746 1745 6
1747 1746 6
1748 1747 6
1749 1748 6
1750 1749 6
1751 1750 6
1752 1751 6
1753 1752 6
1754 1753 6
1755 1754 6
1756 1755 6
1757 1756 6
1758 1757 6
1759 1758 6
1760 1759 6
1761 1760 6
1762 1761 6
1763 1762 6
1764 1763 6
1765 1764 6
1766 1765 6
1767 1766 6
1768 1767 6
1769 1768 6
1770 1769 6
1771 1770 6
1772 1771 6
1773 1772 6
1774 1773 6
1775 1774 6
1776 1775 6
1777 1776 6
1778 1777 6
1779 1778 6
1780 1779 6
1781 1681 6
1781 1780 6
1881 1781 6
1981 1881 6
2081 1981 6
2181 2081 6
2182 2181 6
2183 2182 6
2283 2183 6
2383 2283 6
2483 2383 6
2583 2483 6
2683 2583 6
2783 2683 6
2883 2783 6
2983 2883 6
3083 2983 6
3183 3083 6
3283 3183 6
3383 3283 6
3483 3383 6
3583 3483 6
3683 3583 6
3783 3683 6
3883 3783 6
3983 3883 6
4083 3983 6
4183 4083 6
4283 4183 6
4383 4283 6
4483 4383 6
4583 4483 6
4683 4583 6
4783 4683 6
4883 4783 6
4983 4883 6
5083 4983 6
5183 5083 6
5283 5183 6
5383 5283 6
5483 5383 6
5583 5483 6
5683 5583 6
5783 5683 6
5883 5783 6
5983 5883 6
6083 5983 6
6183 6083 6
6283 6183 6
6383 6283 6
6483 6383 6
6583 6483 6
6683 6583 6
6783 6683 6
6883 6783 6
6983 6883 6
7083 6983 6
7183 7083 6
7283 7183 6
7383 7283 6
7483 7383 6
7583 7483 6
7683 7583 6
7783 7683 6
7883 7783 6
7983 7883 6
8083 7983 6
8084 8083 6
8085 8084 6
8086 8085 6
8087 8086 6
8088 8087 6
8089 8088 6
8090 8089 6
8091 8090 6
8191 8091 6
8291 8191 6
8292 8291 6
8293 8292 6
8393 8293 6
8394 8393 6
8395 8394 6
8396 8395 6
8496 8396 6
8497 8496 6
8498 8497 6
8499 8498 6
8599 8499 6
8600 8599 6
1002 1001 7
1003 1002 7
1004 1003 7
1005 1004 7
1006 1005 7
1106 1006 7
1206 1106 7
1207 1206 7
1208 1207 7
1308 1208 7
1408 1308 7
1409 1408 7
1410 1409 7
1510 1410 7
1511 1510 7
1512 1511 7
1513 1512 7
1514 1513 7
1515 1514 7
1516 1515 7
1517 1516 7
1518 1517 7
1519 1518 7
1520 1519 7
1521 1520 7
1522 1521 7
1523 1522 7
1524 1523 7
1525 1524 7
1526 1525 7
1527 1526 7
1528 1527 7
1529 1528 7
11529 1529 7
11629 11529 7
11729 11629 7
11829 11729 7
11929 11829 7
12029 11929 7
12129 12029 7
12229 12129 7
12329 12229 7
12429 12329 7
12529 12429 7
12629 12529 7
12729 12629 7
12829 12729 7
12929 12829 7
13029 12929 7
13129 13029 7
13229 13129 7
13329 13229 7
13429 13329 7
13529 13429 7
13629 13529 7
13729 13629 7
13829 13729 7
13929 13829 7
14029 13929 7
14129 14029 7
14229 14129 7
14329 14229 7
14429 14329 7
14529 14429 7
14629 14529 7
14729 14629 7
14829 14729 7
14929 14829 7
15029 14929 7
15129 15029 7
15229 15129 7
15329 15229 7
15429 15329 7
15529 15429 7
15629 15529 7
5730 5830 7
15630 15629 7
5784 15784 7
5785 5784 7
5786 5785 7
5787 5786 7
5788 5787 7
5789 5788 7
5790 5789 7
5791 5790 7
5792 5791 7
5793 5792 7
5794 5793 7
5795 5794 7
5796 5795 7
5797 5796 7
5798 5797 7
5799 5798 7
5800 5799 7
5830 5930 7
15730 5730 7
15730 15630 7
15731 15730 7
15732 15731 7
15733 15732 7
15734 15733 7
15735 15734 7
15736 15735 7
15737 15736 7
15738 15737 7
15739 15738 7
15740 15739 7
15741 15740 7
15742 15741 7
15743 15742 7
15744 15743 7
15745 15744 7
15746 15745 7
15747 15746 7
15748 15747 7
15749 15748 7
15750 15749 7
15751 15750 7
15752 15751 7
15753 15752 7
15754 15753 7
15755 15754 7
15756 15755 7
15757 15756 7
15758 15757 7
15759 15758 7
15760 15759 7
15761 15760 7
15762 15761 7
15763 15762 7
15764 15763 7
15765 15764 7
15766 15765 7
15767 15766 7
15768 15767 7
15769 15768 7
15770 15769 7
15771 15770 7
15772 15771 7
15773 15772 7
15774 15773 7
15775 15774 7
15776 15775 7
15777 15776 7
15778 15777 7
15779 15778 7
15780 15779 7
15781 15780 7
15782 15781 7
15783 15782 7
15784 15783 7
5930 6030 7
6030 6130 7
6130 6230 7
6230 6330 7
6330 6430 7
6430 6530 7
6530 6630 7
6630 6730 7
6730 6830 7
6830 6930 7
6930 7030 7
7030 7130 7
7130 7230 7
7230 7330 7
7330 7430 7
7430 7530 7
7530 7630 7
7630 7730 7
7730 7830 7
7830 7930 7
7930 8030 7
8030 8130 7
8130 8230 7
8230 8330 7
8330 8430 7
8430 8530 7
8530 8630 7
8630 8730 7
8730 8830 7
8830 8930 7
8930 9030 7
9030 9130 7
9130 9230 7
9230 9330 7
9330 9430 7
9430 9530 7
9530 9630 7
9630 9730 7
9730 9830 7
9830 9930 7
7100 7000 8
17100 7100 8
17200 17100 8
17300 17200 8
17400 17300 8
17500 17400 8
17600 17500 8
17700 17600 8
17800 17700 8
17900 17800 8
18000 17900 8
18100 18000 8
18200 18100 8
18300 18200 8
18400 18300 8
18500 18400 8
18600 18500 8
18700 18600 8
18800 18700 8
18900 18800 8
19000 18900 8
19100 19000 8
19200 19100 8
19300 19200 8
19400 19300 8
19500 19400 8
19600 19500 8
19700 19600 8
9831 9931 8
9900 19900 8
19800 19700 8
19831 9831 8
19832 19831 8
19833 19832 8
19834 19833 8
19835 19834 8
19836 19835 8
19837 19836 8
19838 19837 8
19839 19838 8
19840 19839 8
19841 19840 8
19842 19841 8
19843 19842 8
19844 19843 8
19845 19844 8
19846 19845 8
19847 19846 8
19848 19847 8
19849 19848 8
19850 19849 8
19851 19850 8
19852 19851 8
19853 19852 8
19854 19853 8
19855 19854 8
19856 19855 8
19857 19856 8
19858 19857 8
19859 19858 8
19860 19859 8
19861 19860 8
19862 19861 8
19863 19862 8
19864 19863 8
19865 19864 8
19866 19865 8
19867 19866 8
19868 19867 8
19869 19868 8
19870 19869 8
19871 19870 8
19872 19871 8
19873 19872 8
19874 19873 8
19875 19874 8
19876 19875 8
19877 19876 8
19878 19877 8
19879 19878 8
19880 19879 8
19881 19880 8
19882 19881 8
19883 19882 8
19884 19883 8
19885 19884 8
19886 19885 8
19887 19886 8
19888 19887 8
19889 19888 8
19890 19889 8
19891 19890 8
19892 19891 8
19893 19892 8
19894 19893 8
19895 19894 8
19896 19895 8
19897 19896 8
19898 19897 8
19899 19898 8
10000 9900 8
19900 19800 8
19900 19899 8
202 201 9
302 202 9
402 302 9
502 402 9
602 502 9
702 602 9
802 702 9
902 802 9
903 902 9
904 903 9
905 904 9
906 905 9
907 906 9
1007 907 9
1107 1007 9
1108 1107 9
1109 1108 9
1209 1109 9
1309 1209 9
1310 1309 9
1311 1310 9
1411 1311 9
1412 1411 9
1413 1412 9
1414 1413 9
1415 1414 9
1416 1415 9
1417 1416 9
1418 1417 9
1419 1418 9
1420 1419 9
1421 1420 9
1422 1421 9
1423 1422 9
1424 1423 9
1425 1424 9
1426 1425 9
1427 1426 9
1428 1427 9
1429 1428 9
1430 1429 9
1530 1430 9
1630 1530 9
1631 1630 9
1632 1631 9
1633 1632 9
1634 1633 9
1635 1634 9
1636 1635 9
1637 1636 9
1638 1637 9
1639 1638 9
11639 1639 9
11739 11639 9
11839 11739 9
11939 11839 9
12039 11939 9
12139 12039 9
12239 12139 9
12339 12239 9
12439 12339 9
12539 12439 9
12639 12539 9
12739 12639 9
12839 12739 9
3039 13039 9
12939 12839 9
3139 3039 9
13039 12939 9
13039 23039 9
13099 13100 9
13100 3100 9
3239 3139 9
3339 3239 9
3439 3339 9
3539 3439 9
3639 3539 9
3739 3639 9
3839 3739 9
3939 3839 9
4039 3939 9
4139 4039 9
4239 4139 9
4339 4239 9
4439 4339 9
4539 4439 9
4639 4539 9
4739 4639 9
4839 4739 9
4939 4839 9
5039 4939 9
5139 5039 9
5239 5139 9
5339 5239 9
5439 5339 9
5539 5439 9
5639 5539 9
5739 5639 9
5839 5739 9
5939 5839 9
6039 5939 9
6139 6039 9
6239 6139 9
6339 6239 9
6439 6339 9
6539 6439 9
6639 6539 9
6739 6639 9
6839 6739 9
6939 6839 9
7039 6939 9
7139 7039 9
7239 7139 9
7339 7239 9
7439 7339 9
7539 7439 9
7639 7539 9
7739 7639 9
7839 7739 9
7939 7839 9
8039 7939 9
8139 8039 9
8239 8139 9
8339 8239 9
8439 8339 9
8539 8439 9
8639 8539 9
8739 8639 9
8839 8739 9
8939 8839 9
9039 8939 9
9139 9039 9
9239 9139 9
9339 9239 9
9439 9339 9
9539 9439 9
9639 9539 9
9739 9639 9
9839 9739 9
9939 9839 9
23039 23040 9
23040 23041 9
23041 23042 9
23042 23043 9
23043 23044 9
23044 23045 9
23045 23046 9
23046 23047 9
23047 23048 9
23048 23049 9
23049 23050 9
23050 23051 9
23051 23052 9
23052 23053 9
23053 23054 9
23054 23055 9
23055 23056 9
23056 23057 9
23057 23058 9
23058 23059 9
23059 23060 9
23060 23061 9
23061 23062 9
23062 23063 9
23063 23064 9
23064 23065 9
23065 23066 9
23066 23067 9
23067 23068 9
23068 23069 9
23069 23070 9
23070 23071 9
23071 23072 9
23072 23073 9
23073 23074 9
23074 23075 9
23075 23076 9
23076 23077 9
23077 23078 9
23078 23079 9
23079 23080 9
23080 23081 9
23081 23082 9
23082 23083 9
23083 23084 9
23084 23085 9
23085 23086 9
23086 23087 9
23087 23088 9
23088 23089 9
23089 23090 9
23090 23091 9
23091 23092 9
23092 23093 9
23093 23094 9
23094 23095 9
23095 23096 9
23096 23097 9
23097 23098 9
23098 23099 9
23099 13099 9
 82 10082 10
 83  82 10
10082 10182 10
10182 10282 10
10282 10382 10
10382 10482 10
10482 10582 10
10582 10682 10
10682 10782 10
10782 10882 10
10882 10982 10
10982 11082 10
11082 11182 10
11182 11282 10
11282 11382 10
11382 11482 10
11482 11582 10
11582 11682 10
11682 11782 10
1880 1980 10
11782 11882 10
1977 2077 10
1978 1977 10
1979 1978 10
1980 1979 10
11880 1880 10
11881 11880 10
11882 11881 10
2004 2104 10
2005 2004 10
2006 2005 10
2007 2006 10
2008 2007 10
2009 2008 10
2010 2009 10
2011 2010 10
2012 2011 10
2013 2012 10
2014 2013 10
2015 2014 10
2016 2015 10
2017 2016 10
2018 2017 10
2019 2018 10
2020 2019 10
2021 2020 10
2022 2021 10
2023 2022 10
2024 2023 10
2025 2024 10
2026 2025 10
2027 2026 10
2028 2027 10
2029 2028 10
2030 2029 10
2031 2030 10
2032 2031 10
2033 2032 10
2034 2033 10
2035 2034 10
2036 2035 10
2037 2036 10
2038 2037 10
2039 2038 10
2040 2039 10
2041 2040 10
2042 2041 10
2043 2042 10
2044 2043 10
2045 2044 10
2046 2045 10
2047 2046 10
2048 2047 10
2049 2048 10
2050 2049 10
2051 2050 10
2052 2051 10
2053 2052 10
2054 2053 10
2055 2054 10
2056 2055 10
2057 2056 10
2058 2057 10
2059 2058 10
2060 2059 10
2061 2060 10
2062 2061 10
2063 2062 10
2064 2063 10
2065 2064 10
2066 2065 10
2067 2066 10
2068 2067 10
2069 2068 10
2070 2069 10
2071 2070 10
2072 2071 10
2073 2072 10
2074 2073 10
2075 2074 10
2076 2075 10
2077 2076 10
2104 2204 10
2204 2304 10
2304 2404 10
2404 2504 10
2504 2604 10
2604 2704 10
2704 2804 10
2804 2904 10
2904 3004 10
3004 3104 10
3104 3204 10
3204 3304 10
3304 3404 10
3404 3504 10
3504 3604 10
3604 3704 10
3704 3804 10
3804 3904 10
3904 4004 10
4004 4104 10
4104 4204 10
4204 4304 10
4304 4404 10
4404 4504 10
4504 4604 10
4604 4704 10
4704 4804 10
4804 4904 10
4904 5004 10
5004 5104 10
5104 5204 10
5204 5304 10
5304 5404 10
5404 5504 10
5504 5604 10
5604 5704 10
5704 5804 10
5804 5904 10
5904 6004 10
6004 6104 10
6104 6204 10
6204 6304 10
6304 6404 10
6404 6504 10
6504 6604 10
6604 6704 10
6704 6804 10
6804 6904 10
6903 7003 10
6904 6903 10
7003 7103 10
7103 7203 10
7203 7303 10
7302 7301 10
7303 7302 10
5101 5102 11
5102 5103 11
5103 15103 11
5128 5129 11
5129 5130 11
5130 15130 11
15103 15104 11
15104 15105 11
15105 15106 11
15106 15107 11
15107 15108 11
15108 15109 11
15109 15110 11
15110 15111 11
15111 15112 11
15112 15113 11
15113 15114 11
15114 15115 11
15115 15116 11
15116 15117 11
15117 15118 11
15118 15119 11
15119 15120 11
15120 15121 11
15121 15122 11
15122 15123 11
15123 15124 11
15124 15125 11
15125 15126 11
15126 15127 11
15127 15128 11
15128 5128 11
15130 15131 11
15131 15132 11
15132 15133 11
15133 15134 11
15134 15135 11
15135 15136 11
15136 15137 11
15137 15138 11
15138 15139 11
15139 15140 11
15140 15141 11
15141 15142 11
15142 15143 11
15143 15144 11
15144 15145 11
15145 15146 11
15146 15147 11
15147 15148 11
15148 15149 11
15149 15150 11
15150 15151 11
15151 15152 11
15152 15153 11
15153 15154 11
15154 15155 11
15155 15156 11
15156 15157 11
15157 15158 11
15158 15159 11
15159 15160 11
15160 15161 11
15161 15162 11
15162 15163 11
15163 15164 11
15164 15165 11
15165 15166 11
15166 15167 11
15167 15168 11
15168 15169 11
15169 15170 11
15170 15171 11
15171 15172 11
15172 15173 11
15173 15174 11
15174 15175 11
15175 15176 11
15176 15177 11
15177 15178 11
15178 15179 11
15179 15180 11
15180 15181 11
15181 15281 11
15281 15381 11
15381 15481 11
15481 15482 11
15482 15582 11
15582 15583 11
15583 15584 11
15584 15585 11
15585 15586 11
15586 15686 11
5689 5690 11
5690 5691 11
5691 5692 11
5692 5693 11
5693 5694 11
5694 5695 11
5695 5696 11
5696 5697 11
5697 5698 11
5698 5699 11
5699 5700 11
15686 15687 11
15687 15688 11
15688 15689 11
15689 5689 11
1301 1401 12
1401 1501 12
1501 1601 12
1601 11601 12
11601 11701 12
11701 11801 12
11801 11901 12
11901 12001 12
12001 12101 12
12101 12201 12
12201 12301 12
12301 12401 12
12401 12501 12
12501 12601 12
12601 12701 12
12701 12801 12
12801 12901 12
12901 13001 12
13001 13101 12
13101 13201 12
13201 13301 12
13301 13401 12
13401 13501 12
13501 13601 12
13601 13701 12
13701 13801 12
13801 13901 12
13901 14001 12
14001 14101 12
14101 14201 12
14201 14301 12
14301 14401 12
14401 14501 12
14501 14601 12
14601 14701 12
14701 14801 12
14801 14901 12
14901 15001 12
15001 15101 12
15101 15201 12
15201 15301 12
15301 15401 12
15401 15501 12
15501 15601 12
15601 15701 12
15701 15801 12
15801 15802 12
15802 15902 12
15902 16002 12
16002 16102 12
16102 16103 12
16103 16104 12
16104 16204 12
16204 16205 12
16205 16305 12
16305 16306 12
16306 16307 12
16307 16308 12
16308 16309 12
16309 16310 12
16310 16311 12
16311 16312 12
16312 16313 12
16313 16314 12
16314 16315 12
16315 16316 12
16316 16317 12
16317 16318 12
16318 16319 12
16319 16320 12
16320 16321 12
16321 16322 12
16322 16323 12
16323 16324 12
16324 16325 12
16325 16326 12
16326 16327 12
16327 16328 12
16328 16329 12
16329 16330 12
16330 16331 12
16331 16332 12
16332 16333 12
16333 16334 12
16334 16335 12
16335 16336 12
16336 16337 12
16337 16338 12
16338 16339 12
16339 16340 12
16340 16341 12
16341 16342 12
16342 16343 12
16343 16344 12
16344 16345 12
16345 16346 12
16346 16347 12
16347 16348 12
16348 16349 12
16349 16350 12
16350 16450 12
16450 16451 12
16451 16452 12
16452 16453 12
16453 16454 12
16454 16455 12
16455 16456 12
16456 16457 12
16457 16458 12
16458 16558 12
16558 16559 12
16559 16560 12
16560 16561 12
16561 16562 12
16562 16563 12
16563 16564 12
16564 16565 12
16565 16566 12
16566 16567 12
16567 16568 12
16568 16569 12
16569 16570 12
16570 16571 12
16571 16671 12
16671 16672 12
16672 16673 12
16673 16674 12
16674 16774 12
16774 16775 12
16775 16776 12
16776 16777 12
16777 16778 12
16778 16779 12
16779 16780 12
16780 16781 12
16781 16782 12
16782 16783 12
16783 16784 12
16784 16785 12
16785 16786 12
16786 16787 12
16787 16887 12
6889 6890 12
6890 6891 12
6891 6892 12
6892 6893 12
6893 6894 12
6894 6895 12
6895 6896 12
6896 6897 12
6897 6898 12
6898 6899 12
6899 6900 12
16887 16888 12
16888 16889 12
16889 6889 12
10063  63 13
10163 10063 13
10263 10163 13
10363 10263 13
10463 10363 13
10563 10463 13
10663 10563 13
10664 10663 13
10665 10664 13
10666 10665 13
10667 10666 13
10668 10667 13
10669 10668 13
10670 10669 13
10671 10670 13
10672 10671 13
10673 10672 13
10773 10673 13
10774 10773 13
10775 10774 13
10875 10775 13
10876 10875 13
10877 10876 13
10878 10877 13
10978 10878 13
11078 10978 13
11178 11078 13
11278 11178 13
11378 11278 13
11478 11378 13
11578 11478 13
11678 11578 13
11778 11678 13
11878 11778 13
11978 11878 13
12078 11978 13
12178 12078 13
12278 12178 13
12378 12278 13
12478 12378 13
12578 12478 13
12678 12578 13
12778 12678 13
12878 12778 13
12978 12878 13
13078 12978 13
13079 13078 13
13080 13079 13
13180 13080 13
13280 13180 13
13380 13280 13
13480 13380 13
13580 13480 13
13680 13580 13
13780 13680 13
13880 13780 13
13980 13880 13
14080 13980 13
14180 14080 13
14280 14180 13
14281 14280 13
14381 14281 13
14481 14381 13
14581 14481 13
14582 14581 13
14682 14582 13
14683 14682 13
14783 14683 13
14784 14783 13
14785 14784 13
14885 14785 13
14886 14885 13
14887 14886 13
14987 14887 13
15087 14987 13
15187 15087 13
15188 15187 13
15189 15188 13
15289 15189 13
19396 29396 13
19496 19396 13
19596 19496 13
19696 19596 13
9798 19798 13
9799 9798 13
9800 9799 13
19796 19696 13
19797 19796 13
19798 19797 13
25289 15289 13
25389 25289 13
25489 25389 13
25589 25489 13
25689 25589 13
25789 25689 13
25889 25789 13
25989 25889 13
25990 25989 13
25991 25990 13
26091 25991 13
26191 26091 13
26291 26191 13
26391 26291 13
26491 26391 13
26591 26491 13
26691 26591 13
26791 26691 13
26891 26791 13
26991 26891 13
27091 26991 13
27092 27091 13
27192 27092 13
27292 27192 13
27293 27292 13
27393 27293 13
27493 27393 13
27593 27493 13
27693 27593 13
27694 27693 13
27794 27694 13
27894 27794 13
27994 27894 13
28094 27994 13
28194 28094 13
28195 28194 13
28295 28195 13
28395 28295 13
28495 28395 13
28595 28495 13
28695 28595 13
28795 28695 13
28796 28795 13
28896 28796 13
28996 28896 13
29096 28996 13
29196 29096 13
29296 29196 13
29396 29296 13
 43 10043 14
10043 20043 14
16600 16700 14
16700 6700 14
20043 20143 14
20143 20243 14
20243 20343 14
20343 20443 14
20443 20543 14
20543 20643 14
20643 20743 14
20743 20843 14
20843 20943 14
20943 21043 14
21043 21143 14
21143 21243 14
21243 21343 14
21343 21443 14
21443 21444 14
21444 21544 14
21544 21644 14
21644 21744 14
21744 21844 14
21844 21845 14
21845 21945 14
21945 22045 14
22045 22145 14
22145 22245 14
22245 22345 14
22345 22445 14
22445 22545 14
22545 22645 14
22645 22646 14
22646 22647 14
22647 22648 14
22648 22649 14
22649 22650 14
22650 22651 14
22651 22652 14
22652 22653 14
22653 22654 14
22654 22655 14
22655 22656 14
22656 22657 14
22657 22658 14
22658 22659 14
22659 22660 14
22660 22661 14
22661 22662 14
22662 22663 14
22663 22664 14
22664 22665 14
22665 22666 14
22666 22667 14
22667 22668 14
22668 22669 14
22669 22670 14
22670 22671 14
22671 22672 14
22672 22673 14
22673 22674 14
22674 22675 14
22675 22676 14
22676 22677 14
22677 22678 14
22678 22679 14
22679 22680 14
22680 22681 14
22681 22682 14
22682 22683 14
22683 22684 14
22684 22685 14
22685 22686 14
22686 22687 14
22687 22688 14
22688 22689 14
22689 22690 14
22690 22691 14
22691 22692 14
22692 22693 14
22693 22694 14
22694 22695 14
22695 22696 14
22696 22697 14
22697 22698 14
22698 22699 14
22699 22799 14
22799 22800 14
22800 22900 14
22900 23000 14
23000 23100 14
23100 23200 14
23200 23300 14
23300 23400 14
23400 23500 14
23500 23600 14
23600 23700 14
23700 23800 14
23800 23900 14
23900 24000 14
24000 24100 14
24100 24200 14
24200 24300 14
24300 24400 14
24400 24500 14
24500 24600 14
24600 24700 14
24700 24800 14
24800 24900 14
24900 25000 14
25000 25100 14
25100 25200 14
25200 25300 14
25300 25400 14
25400 25500 14
25500 25600 14
25600 25700 14
25700 25800 14
25800 25900 14
25900 26000 14
26000 26100 14
26100 26200 14
26200 26300 14
26300 26400 14
26400 26500 14
26500 26600 14
26600 16600 14
10079  79 15
10080 10079 15
 84 10084 15
10083 20083 15
 85  84 15
10084 10083 15
 86  85 15
 87  86 15
 88  87 15
 89  88 15
 90  89 15
 91  90 15
 92  91 15
 93  92 15
 94  93 15
 95  94 15
20080 10080 15
20081 20080 15
20082 20081 15
20083 20082 15
