# Cost: 973

# Tail Head Net
1260 1200 1
1320 1260 1
1380 1320 1
1440 1380 1
1500 1440 1
1500 1560 1
1560 1620 1
1620 1680 1
1680 1740 1
1740 1800 1
1800 1860 1
1860 1920 1
1920 1980 1
1980 2040 1
2040 2100 1
2100 2160 1
2160 2220 1
2220 2280 1
2268 2328 1
2269 2268 1
2270 2269 1
2271 2270 1
2272 2271 1
2273 2272 1
2274 2273 1
2275 2274 1
2276 2275 1
2277 2276 1
2278 2277 1
2279 2278 1
2280 2279 1
2328 2388 1
2388 2448 1
2448 2508 1
2508 2568 1
2568 2628 1
2628 2688 1
2688 2748 1
2748 2808 1
2808 2868 1
2868 2928 1
2928 2988 1
2988 3048 1
3048 3108 1
3108 3168 1
3168 3228 1
3228 3288 1
3288 3348 1
3348 3408 1
3408 3468 1
3468 3528 1
3528 3588 1
 51  50 2
 52  51 2
 53  52 2
 54  53 2
 55  54 2
 56  55 2
 56 116 2
116 176 2
176 236 2
236 296 2
296 356 2
356 416 2
416 476 2
476 536 2
536 596 2
541 601 2
542 541 2
543 542 2
544 543 2
545 544 2
546 545 2
547 546 2
548 547 2
549 548 2
550 549 2
551 550 2
552 551 2
553 552 2
554 553 2
555 554 2
556 555 2
557 556 2
558 557 2
559 558 2
560 559 2
561 560 2
562 561 2
563 562 2
564 563 2
565 564 2
566 565 2
567 566 2
568 567 2
569 568 2
570 569 2
571 570 2
572 571 2
573 572 2
574 573 2
575 574 2
576 575 2
577 576 2
578 577 2
579 578 2
580 579 2
581 580 2
582 581 2
583 582 2
584 583 2
585 584 2
586 585 2
587 586 2
588 587 2
589 588 2
590 589 2
591 590 2
592 591 2
593 592 2
594 593 2
595 594 2
596 595 2
596 597 2
597 598 2
598 599 2
599 600 2
601 661 2
661 721 2
721 781 2
781 841 2
841 901 2
901 961 2
961 1021 2
1021 1081 2
1081 1141 2
420 360 3
480 420 3
540 480 3
4140 540 3
660 4260 3
4200 4140 3
720 660 3
4260 4200 3
780 720 3
840 780 3
900 840 3
960 900 3
1020 960 3
3623  23 4
3623 3624 4
3624 3625 4
3625 3626 4
3626 3627 4
3627 3628 4
3628 3629 4
3629 3630 4
3630 3631 4
3631 3632 4
3632 3633 4
3633 3634 4
3634 3635 4
3635 3636 4
3636 3637 4
3637 3638 4
3638 3639 4
3639 3640 4
3640 3641 4
3641 3642 4
3642 3643 4
3643 3644 4
3644 3645 4
3645 3646 4
3646 3647 4
3647 3648 4
3648 3649 4
3649 3650 4
3650 3651 4
3651 3652 4
3652 3653 4
3653 3654 4
3654 3655 4
3655 3656 4
 57  58 4
3656 3657 4
 58  59 4
3657  57 4
3683 3623 4
3743 3683 4
3803 3743 4
3863 3803 4
3923 3863 4
3983 3923 4
4043 3983 4
4103 4043 4
4163 4103 4
683 4283 4
4223 4163 4
742 743 4
743 683 4
4283 4223 4
802 742 4
862 802 4
922 862 4
982 922 4
1042 982 4
1102 1042 4
1162 1102 4
1222 1162 4
1282 1222 4
1342 1282 4
1402 1342 4
1462 1402 4
1522 1462 4
1582 1522 4
1642 1582 4
1702 1642 4
1762 1702 4
1822 1762 4
1882 1822 4
1942 1882 4
2002 1942 4
2062 2002 4
2122 2062 4
2182 2122 4
2242 2182 4
2302 2242 4
2362 2302 4
2422 2362 4
2482 2422 4
2542 2482 4
2602 2542 4
2662 2602 4
2722 2662 4
2782 2722 4
2842 2782 4
2902 2842 4
2962 2902 4
3022 2962 4
3082 3022 4
3142 3082 4
3202 3142 4
3262 3202 4
3322 3262 4
3382 3322 4
3442 3382 4
3502 3442 4
3562 3502 4
3616  16 5
3676 3616 5
3736 3676 5
3796 3736 5
3856 3796 5
3916 3856 5
3976 3916 5
4036 3976 5
4096 4036 5
4156 4096 5
4216 4156 5
4276 4216 5
4336 4276 5
4396 4336 5
4456 4396 5
4516 4456 5
4576 4516 5
4636 4576 5
4696 4636 5
4756 4696 5
4816 4756 5
4876 4816 5
4936 4876 5
4996 4936 5
5056 4996 5
5116 5056 5
5176 5116 5
5236 5176 5
5296 5236 5
5356 5296 5
5416 5356 5
5476 5416 5
5536 5476 5
5596 5536 5
5656 5596 5
5716 5656 5
5776 5716 5
5836 5776 5
5896 5836 5
5956 5896 5
6016 5956 5
6076 6016 5
6136 6076 5
6196 6136 5
6256 6196 5
6316 6256 5
6376 6316 5
6436 6376 5
6496 6436 5
6556 6496 5
6616 6556 5
3121 6721 5
6676 6616 5
6721 6722 5
6722 6723 5
6723 6724 5
6724 6725 5
6725 6726 5
6726 6727 5
6727 6728 5
6728 6729 5
6729 6730 5
6730 6731 5
6731 6732 5
6732 6733 5
6733 6734 5
6734 6735 5
6735 6736 5
6736 6676 5
6736 6796 5
6796 6856 5
6856 6916 5
6916 6976 5
6976 7036 5
7036 7096 5
7096 7156 5
3563 3564 5
3564 3565 5
3565 3566 5
3566 3567 5
3567 3568 5
3568 3569 5
3569 3570 5
7156 7157 5
7157 7158 5
7158 7159 5
7159 7160 5
7160 7161 5
7161 7162 5
7162 7163 5
7163 3563 5
1921 1981 6
1981 2041 6
2041 2101 6
2101 2161 6
2161 2221 6
2221 2281 6
2281 2341 6
2341 2401 6
2401 2461 6
2461 2521 6
2521 2581 6
2581 2641 6
2641 2642 6
2642 2643 6
2643 2703 6
2703 2763 6
2763 2823 6
2823 2883 6
2883 2943 6
2943 2944 6
2944 2945 6
2945 2946 6
2946 2947 6
2947 2948 6
2948 2949 6
2949 2950 6
2950 2951 6
2951 2952 6
2952 2953 6
2953 2954 6
2954 2955 6
2955 3015 6
3015 3016 6
3016 3017 6
3017 3018 6
3018 3019 6
3019 3079 6
3079 3080 6
3080 3081 6
3081 6681 6
6681 6682 6
6682 6742 6
6742 6743 6
6743 6744 6
6744 6745 6
6745 6746 6
6746 6806 6
6806 6866 6
6866 6867 6
6867 6868 6
6868 6869 6
6869 6929 6
6929 6989 6
6989 6990 6
6990 6991 6
6991 6992 6
6992 7052 6
7020 3420 6
7052 7112 6
7080 7020 6
7112 7172 6
7139 7140 6
7140 7080 6
7172 7173 6
7173 7174 6
7174 7175 6
7175 7176 6
7176 7177 6
7177 7178 6
7178 3578 6
7178 7179 6
7179 7180 6
7180 7181 6
7181 7182 6
7182 7183 6
7183 7184 6
7184 7185 6
7185 7186 6
7186 7187 6
7187 7188 6
7188 7189 6
7189 7190 6
7190 7191 6
7191 7192 6
7192 7193 6
7193 7194 6
7194 7195 6
7195 7196 6
7196 7197 6
7197 7198 6
7198 7199 6
7199 7139 6
3615  15 7
3675 3615 7
3735 3675 7
3795 3735 7
3855 3795 7
3915 3855 7
3975 3915 7
4035 3975 7
4095 4035 7
4155 4095 7
675 4275 7
4215 4155 7
735 675 7
4275 4215 7
795 735 7
855 795 7
915 855 7
975 915 7
1035 975 7
1095 1035 7
1155 1095 7
1215 1155 7
1275 1215 7
1335 1275 7
1395 1335 7
1455 1395 7
1515 1455 7
1575 1515 7
1621 1622 7
1622 1623 7
1623 1624 7
1624 1625 7
1625 1626 7
1626 1627 7
1627 1628 7
1628 1629 7
1629 1630 7
1630 1631 7
1631 1632 7
1632 1633 7
1633 1634 7
1634 1635 7
1635 1575 7
1635 1636 7
1636 1696 7
1696 1697 7
1697 1698 7
1698 1758 7
1758 1818 7
1818 1878 7
1878 1879 7
1879 1939 7
1939 1999 7
1999 2059 7
2059 2119 7
2119 2179 7
2179 2239 7
2239 2299 7
2299 5899 7
5899 5900 7
5900 5901 7
5901 5902 7
5902 5903 7
5903 5904 7
5904 5905 7
5905 5906 7
5906 5907 7
5907 5908 7
5908 5909 7
5909 5910 7
5910 5911 7
5911 5912 7
5912 5913 7
5913 5914 7
5914 5915 7
5915 5916 7
5916 5917 7
5917 5918 7
5918 5919 7
5919 5920 7
5920 5921 7
5921 5922 7
5922 5982 7
5982 5983 7
5983 5984 7
5984 5985 7
5985 5986 7
5986 5987 7
5987 5988 7
5988 6048 7
6048 6108 7
6108 6109 7
6109 6110 7
6110 6111 7
6111 6112 7
6112 6113 7
6113 6114 7
6114 6115 7
6115 6175 7
6175 6235 7
2639 2640 7
2640 2700 7
6235 6236 7
6236 6237 7
6237 6238 7
6238 6239 7
6239 2639 7
 81 141 8
 82  81 8
 83  82 8
 84  83 8
 85  84 8
 86  85 8
 87  86 8
 88  87 8
 89  88 8
 90  89 8
 91  90 8
 92  91 8
 93  92 8
 94  93 8
 95  94 8
 96  95 8
 97  96 8
 98  97 8
 99  98 8
100  99 8
101 100 8
102 101 8
 44 104 8
103 102 8
104 103 8
138 198 8
139 138 8
140 139 8
141 140 8
196 256 8
197 196 8
198 197 8
255 315 8
256 255 8
314 374 8
315 314 8
374 434 8
433 493 8
434 433 8
493 4093 8
4093 4153 8
4153 4213 8
4213 4273 8
4273 4333 8
4333 4393 8
4393 4453 8
4453 4513 8
4513 4573 8
4573 4633 8
4633 4693 8
4693 4753 8
4753 4813 8
4813 4873 8
4873 4933 8
4933 4993 8
4981 1381 8
4982 4981 8
4983 4982 8
4984 4983 8
4985 4984 8
4986 4985 8
4987 4986 8
4988 4987 8
4989 4988 8
4990 4989 8
4991 4990 8
4992 4991 8
4993 4992 8
4993 5053 8
5053 5113 8
5113 5173 8
5173 5233 8
5233 5293 8
5293 5353 8
5353 5413 8
5413 5473 8
5473 5533 8
5533 5593 8
5593 5653 8
5653 5713 8
5713 5773 8
5773 5833 8
5833 5893 8
5893 5953 8
5953 6013 8
6013 6073 8
6073 6133 8
6133 6193 8
6193 6253 8
6253 6313 8
6313 6373 8
6373 6433 8
6433 6493 8
6493 6553 8
3013 3073 8
6553 6613 8
3073 3133 8
6613 3013 8
3133 3193 8
3193 3253 8
3253 3313 8
3313 3373 8
3373 3433 8
3433 3493 8
3493 3553 8
109  49 9
169 109 9
229 169 9
289 229 9
349 289 9
409 349 9
469 409 9
529 469 9
4129 529 9
4189 4129 9
4249 4189 9
4309 4249 9
4369 4309 9
4429 4369 9
4489 4429 9
4549 4489 9
4609 4549 9
4669 4609 9
4729 4669 9
4789 4729 9
4849 4789 9
4909 4849 9
4969 4909 9
5029 4969 9
5089 5029 9
5149 5089 9
5209 5149 9
5269 5209 9
5329 5269 9
5389 5329 9
5449 5389 9
5509 5449 9
5569 5509 9
5629 5569 9
5689 5629 9
5749 5689 9
5809 5749 9
2329 5929 9
5869 5809 9
2389 2329 9
5929 5869 9
2449 2389 9
2509 2449 9
2569 2509 9
2629 2569 9
2689 2629 9
2749 2689 9
2809 2749 9
2869 2809 9
2929 2869 9
2989 2929 9
3049 2989 9
3109 3049 9
3169 3109 9
3229 3169 9
3289 3229 9
3349 3289 9
3409 3349 9
3469 3409 9
3469 7069 9
3470 3469 9
3471 3470 9
3472 3471 9
3473 3472 9
3474 3473 9
3475 3474 9
3476 3475 9
3477 3476 9
3478 3477 9
3479 3478 9
7021 3421 9
7068 10668 9
7069 7068 9
3539 3479 9
3540 3539 9
10621 7021 9
10622 10621 9
10623 10622 9
10624 10623 9
10625 10624 9
10626 10625 9
10627 10626 9
10628 10627 9
10629 10628 9
10630 10629 9
10631 10630 9
10632 10631 9
10633 10632 9
10634 10633 9
10635 10634 9
10636 10635 9
10637 10636 9
10638 10637 9
10639 10638 9
10640 10639 9
10641 10640 9
10642 10641 9
10643 10642 9
10644 10643 9
10645 10644 9
10646 10645 9
10647 10646 9
10648 10647 9
10649 10648 9
10650 10649 9
10651 10650 9
10652 10651 9
10668 10667 9
10653 10652 9
10654 10653 9
10655 10654 9
10656 10655 9
10657 10656 9
10658 10657 9
10659 10658 9
10660 10659 9
10661 10660 9
10662 10661 9
10663 10662 9
10664 10663 9
10665 10664 9
10666 10665 9
10667 10666 9
  7  67 10
  8   7 10
 67 127 10
  9   8 10
 10   9 10
127 3727 10
3727 3787 10
3787 3847 10
3847 3907 10
3907 3967 10
3967 4027 10
4027 4087 10
4087 4147 10
4147 4207 10
4207 4267 10
4267 4327 10
4327 4387 10
4387 4447 10
4447 4507 10
4507 4567 10
4567 4627 10
4627 4687 10
4687 4747 10
4747 4807 10
4807 4867 10
1327 1387 10
4867 4927 10
1384 1444 10
1385 1384 10
1386 1385 10
1387 1386 10
4927 1327 10
1444 5044 10
5044 5104 10
5104 5164 10
5164 5224 10
5224 5284 10
5284 5344 10
5344 5404 10
5404 5464 10
5464 5524 10
5524 5584 10
5584 5644 10
5644 5704 10
5704 5764 10
5764 5824 10
5824 5884 10
5884 5944 10
5944 6004 10
6004 6064 10
6064 6124 10
6124 6184 10
6184 6244 10
2702 2762 10
6244 6304 10
2762 2761 10
6302 2702 10
6303 6302 10
6304 6303 10
 77  17 11
 46 106 11
105 165 11
 47  46 11
106 105 11
 48  47 11
137  77 11
142 3742 11
143 142 11
144 143 11
145 144 11
146 145 11
147 146 11
148 147 11
149 148 11
150 149 11
151 150 11
152 151 11
153 152 11
154 153 11
155 154 11
156 155 11
157 156 11
158 157 11
159 158 11
160 159 11
161 160 11
162 161 11
163 162 11
164 163 11
165 164 11
3737 137 11
3737 3797 11
3738 3737 11
3739 3738 11
3740 3739 11
3741 3740 11
3742 3741 11
3797 3857 11
3857 3917 11
3917 3977 11
3977 4037 11
4037 4097 11
4097 4157 11
4157 4217 11
4217 4277 11
4277 4337 11
4337 4397 11
4397 4457 11
4457 4517 11
4517 4577 11
4577 4637 11
4637 4697 11
4697 4757 11
4757 4817 11
4817 4877 11
4877 4937 11
4937 4997 11
4997 5057 11
5057 5117 11
5117 5177 11
5177 5237 11
5237 5297 11
5297 5357 11
5357 5417 11
5417 5477 11
5477 5537 11
5537 5597 11
5597 5657 11
5657 5717 11
5717 5777 11
5777 5837 11
5837 5897 11
5897 5957 11
5957 6017 11
6017 6077 11
6077 6137 11
6137 6197 11
6197 6257 11
6257 6317 11
6317 6377 11
6377 6437 11
6437 6497 11
6497 6557 11
6557 6617 11
3077 3137 11
6617 6677 11
3137 3197 11
6677 3077 11
3197 3257 11
3257 3317 11
3317 3377 11
3377 3437 11
3437 3497 11
3497 3557 11
2866 2926 12
2867 2866 12
6407 6467 12
6408 6407 12
6409 6408 12
6410 6409 12
2872 6472 12
2926 2986 12
6467 2867 12
6470 6410 12
6471 6470 12
2932 2872 12
6472 6471 12
2984 3044 12
2985 2984 12
2986 2985 12
2992 2932 12
2993 2992 12
2994 2993 12
2995 2994 12
2996 2995 12
2997 2996 12
2998 2997 12
2999 2998 12
3000 2999 12
3044 3104 12
3103 3163 12
3104 3103 12
3163 3223 12
3222 3282 12
3223 3222 12
3282 3342 12
3342 3402 12
3402 3462 12
3462 3522 12
3522 3582 12
3581 3580 12
3582 3581 12
2881 2941 13
2941 2942 13
2942 3002 13
3002 3003 13
3003 3004 13
3004 3005 13
3005 3065 13
3065 3125 13
3125 3185 13
3185 3245 13
3245 3305 13
3305 3365 13
3365 3425 13
3425 3485 13
3485 3545 13
