# Cost: 1552

# Tail Head Net
810 720 1
900 810 1
990 900 1
1080 990 1
1170 1080 1
1260 1170 1
1350 1260 1
1440 1350 1
1530 1440 1
1620 1530 1
1710 1620 1
1800 1710 1
1890 1800 1
1980 1890 1
2070 1980 1
2160 2070 1
2209 2299 1
2210 2209 1
2211 2210 1
2212 2211 1
2213 2212 1
2214 2213 1
2215 2214 1
2216 2215 1
2217 2216 1
2218 2217 1
2219 2218 1
2220 2219 1
2221 2220 1
2222 2221 1
2223 2222 1
2224 2223 1
2225 2224 1
2226 2225 1
2227 2226 1
2228 2227 1
2229 2228 1
2230 2229 1
2231 2230 1
2232 2231 1
2233 2232 1
2234 2233 1
2235 2234 1
2236 2235 1
2237 2236 1
2238 2237 1
2239 2238 1
2240 2239 1
2241 2240 1
2242 2241 1
2243 2242 1
2244 2243 1
2245 2244 1
2246 2245 1
2247 2246 1
2248 2247 1
2249 2248 1
2250 2160 1
2250 2249 1
2299 2389 1
2389 2479 1
2479 2569 1
2569 2659 1
2659 2749 1
2749 2839 1
2839 2929 1
2929 3019 1
3019 3109 1
3109 3199 1
3199 3289 1
3289 3379 1
3379 3469 1
3469 3559 1
3559 3649 1
3649 3739 1
3739 3829 1
3829 3919 1
3919 4009 1
4009 4099 1
4099 4189 1
4189 4279 1
4279 4369 1
4369 4459 1
4459 4549 1
4549 4639 1
4639 4729 1
4729 4819 1
4819 4909 1
4909 4999 1
4999 5089 1
5089 5179 1
5179 5269 1
5269 5359 1
5359 5449 1
5449 5539 1
5539 5629 1
5629 5719 1
5719 5809 1
5809 5899 1
5899 5989 1
5989 6079 1
6079 6169 1
6169 6259 1
6259 6349 1
6349 6439 1
6439 6529 1
6529 6619 1
6619 6709 1
6709 6799 1
6799 6889 1
6889 6979 1
6979 7069 1
7069 7159 1
7159 7249 1
7249 7339 1
7339 7429 1
7429 7519 1
7519 7609 1
7609 7699 1
7699 7789 1
7789 7879 1
7879 7969 1
7969 8059 1
 33  34 2
 34  35 2
 35  36 2
 36  37 2
 37  38 2
 38  39 2
 39  40 2
 40  41 2
 41  42 2
 42  43 2
 43  44 2
 44  45 2
 45  46 2
 46  47 2
 47  48 2
 48  49 2
 49  50 2
 50  51 2
 51  52 2
 52  53 2
 53  54 2
 54  55 2
 55  56 2
 56  57 2
 57  58 2
 58  59 2
 59  60 2
 60  61 2
 61  62 2
 62  63 2
 63  64 2
 64  65 2
 65  66 2
 66  67 2
 67  68 2
 68  69 2
 69  70 2
 70  71 2
 71  72 2
 72  73 2
 73  74 2
 93   3 3
183  93 3
273 183 3
363 273 3
453 363 3
543 453 3
633 543 3
723 633 3
813 723 3
903 813 3
993 903 3
1083 993 3
1173 1083 3
1263 1173 3
1353 1263 3
1443 1353 3
1533 1443 3
1623 1533 3
1713 1623 3
1803 1713 3
1893 1803 3
1983 1893 3
2073 1983 3
2163 2073 3
2253 2163 3
2343 2253 3
2433 2343 3
2523 2433 3
2612 2613 3
2613 2523 3
2701 2702 3
2702 2612 3
2791 2701 3
2881 2791 3
2971 2881 3
3061 2971 3
3151 3061 3
3241 3151 3
3331 3241 3
3421 3331 3
3511 3421 3
3511 3601 3
3601 3691 3
3691 3781 3
3781 3871 3
3871 3961 3
3961 4051 3
7471 7381 4
7561 7471 4
7651 7561 4
7741 7651 4
7831 7741 4
7832 7831 4
7922 7832 4
8012 7922 4
8013 8012 4
8014 8013 4
1081 1171 5
1171 1261 5
1261 1351 5
1351 1441 5
1441 1531 5
1531 1621 5
1621 1622 5
1622 1712 5
1712 1802 5
1802 1892 5
1892 1982 5
1982 2072 5
2072 10172 5
10172 10173 5
10173 10174 5
10174 10175 5
10175 10176 5
10176 10177 5
10177 10178 5
10178 10179 5
10179 10180 5
10180 10181 5
10181 10271 5
10271 10361 5
10361 10362 5
10362 10363 5
10363 10453 5
10453 10454 5
10454 10544 5
10544 10545 5
10545 10546 5
10546 10547 5
10547 10548 5
10548 10549 5
10549 10550 5
10550 10551 5
10551 10552 5
10552 10553 5
10553 10554 5
10554 10555 5
10555 10556 5
10556 10646 5
10646 10736 5
10736 10826 5
10826 10916 5
10916 11006 5
11006 11096 5
11096 11186 5
11186 11276 5
11276 11366 5
11366 11456 5
11456 11546 5
11546 11636 5
11636 11726 5
11726 11816 5
11816 11906 5
11906 11996 5
11996 12086 5
12086 12176 5
12176 12266 5
12266 12356 5
12356 12446 5
12446 12536 5
12536 12626 5
12626 12716 5
12716 12806 5
12806 12896 5
12896 12897 5
12897 12987 5
12987 12988 5
12988 13078 5
13078 13168 5
13168 13258 5
5180 5181 5
5181 5182 5
5182 5183 5
5183 5184 5
5184 5185 5
5185 5186 5
5186 5187 5
5187 5188 5
5188 5189 5
5189 5190 5
5190 5191 5
5191 5192 5
5192 5193 5
5193 5194 5
5194 5195 5
5195 5196 5
5196 5197 5
5197 5198 5
5198 5199 5
5199 5200 5
5200 5201 5
5201 5202 5
5202 5203 5
5203 5204 5
5204 5205 5
5205 5206 5
5206 5207 5
5207 5208 5
5208 5209 5
5209 5210 5
5210 5211 5
5211 5212 5
5212 5213 5
5213 5214 5
5214 5215 5
5215 5216 5
5216 5217 5
5217 5218 5
5218 5219 5
5219 5220 5
13258 13259 5
13259 13260 5
13259 13349 5
13260 13261 5
13261 13262 5
13262 13263 5
13263 13264 5
13264 13265 5
13265 13266 5
13266 13267 5
13267 13268 5
13268 13269 5
13269 13270 5
13270 13271 5
13271 13272 5
13272 13273 5
13273 13274 5
13274 13275 5
13275 13276 5
13276 13277 5
13277 13278 5
13278 13279 5
13279 13280 5
13280 5180 5
13349 13439 5
13439 13529 5
13529 13619 5
13619 13709 5
13709 13799 5
13799 13889 5
13889 13979 5
13979 14069 5
14069 14159 5
14159 14249 5
6149 6239 5
6239 6329 5
14249 6149 5
6329 6419 5
6419 6509 5
6509 6599 5
6599 6689 5
6689 6779 5
6779 6869 5
6869 6959 5
6959 7049 5
7049 7139 5
7139 7229 5
7229 7319 5
7319 7409 5
7409 7499 5
7499 7589 5
7589 7679 5
7679 7769 5
7769 7859 5
7859 7949 5
7949 8039 5
451 8551 6
8551 8641 6
8641 8731 6
8731 8821 6
8821 8911 6
8911 9001 6
9001 9091 6
9091 9181 6
9181 9271 6
9271 9361 6
9361 9451 6
9451 9541 6
9541 9631 6
9631 9721 6
9721 9811 6
9811 9901 6
9901 9991 6
9991 10081 6
10081 10171 6
10171 10261 6
10261 10351 6
10351 10441 6
10441 10531 6
10531 10621 6
10621 10711 6
10711 10801 6
10801 10891 6
10891 10981 6
10981 11071 6
11071 11161 6
11161 11251 6
11251 11341 6
11341 11431 6
11431 11521 6
11521 11611 6
11611 11701 6
11701 11791 6
11791 11881 6
11881 11971 6
11971 12061 6
12061 12151 6
12151 12241 6
12241 12331 6
12331 12421 6
12421 12511 6
12511 12601 6
12601 12691 6
12691 12781 6
12781 12871 6
12871 12961 6
12961 13051 6
13051 13141 6
13141 13231 6
13231 13321 6
13321 13411 6
13411 13501 6
13501 13591 6
13591 13592 6
13592 13682 6
13682 13683 6
13683 13684 6
13684 13685 6
13685 13686 6
13686 13687 6
13687 13688 6
13688 13689 6
13689 13690 6
13690 13691 6
13691 13692 6
13692 13693 6
13693 13694 6
13694 13695 6
13695 13696 6
13696 13697 6
13697 13698 6
13698 13699 6
13699 13700 6
13700 13701 6
13701 13702 6
13702 13703 6
13703 13704 6
13704 13705 6
13705 13795 6
13795 13796 6
13796 13886 6
13886 13887 6
13887 13977 6
13977 14067 6
14067 14157 6
14157 14247 6
14247 14248 6
14248 14338 6
6286 6287 6
6287 6288 6
6287 6377 6
6288 6289 6
6289 6290 6
6290 6291 6
6291 6292 6
6292 6293 6
6293 6294 6
6294 6295 6
6295 6296 6
6296 6297 6
6297 6298 6
6298 6299 6
6299 6300 6
14338 14339 6
14339 14340 6
14340 14341 6
14341 14342 6
14342 14343 6
14343 14344 6
14344 14345 6
14345 14346 6
14346 14347 6
14347 14348 6
14348 14349 6
14349 14350 6
14350 14351 6
14351 14352 6
14352 14353 6
14353 14354 6
14354 14355 6
14355 14356 6
14356 14357 6
14357 14358 6
14358 14359 6
14359 14360 6
14360 14361 6
14361 14362 6
14362 14363 6
14363 14364 6
14364 14365 6
14365 14366 6
14366 14367 6
14367 14368 6
14368 14369 6
14369 14370 6
14370 14371 6
14371 14372 6
14372 14373 6
14373 14374 6
14374 14375 6
14375 14376 6
14376 14377 6
14377 14378 6
14378 14379 6
14379 14380 6
14380 14381 6
14381 14382 6
14382 14383 6
14383 14384 6
14384 14385 6
14385 14386 6
14386 6286 6
6377 6467 6
6467 6557 6
6557 6647 6
6647 6737 6
6737 6827 6
6827 6917 6
6917 7007 6
7007 7097 6
7097 7187 6
7187 7277 6
7277 7367 6
7367 7457 6
7457 7547 6
7547 7637 6
7637 7727 6
7727 7817 6
7817 7907 6
7907 7997 6
7997 8087 6
8461 361 7
8462 8461 7
8552 8462 7
8642 8552 7
8732 8642 7
8822 8732 7
8912 8822 7
9002 8912 7
9092 9002 7
9182 9092 7
9272 9182 7
9362 9272 7
9452 9362 7
9542 9452 7
9632 9542 7
9722 9632 7
9812 9722 7
9902 9812 7
9992 9902 7
10082 9992 7
10083 10082 7
10084 10083 7
10085 10084 7
10086 10085 7
10087 10086 7
10088 10087 7
10089 10088 7
10090 10089 7
10091 10090 7
10092 10091 7
10182 10092 7
10272 10182 7
10273 10272 7
10274 10273 7
10364 10274 7
10365 10364 7
10455 10365 7
10456 10455 7
10457 10456 7
10458 10457 7
10459 10458 7
10460 10459 7
10461 10460 7
10462 10461 7
10463 10462 7
10464 10463 7
10465 10464 7
10466 10465 7
10467 10466 7
10557 10467 7
10647 10557 7
10737 10647 7
10827 10737 7
10917 10827 7
11007 10917 7
11097 11007 7
11187 11097 7
11277 11187 7
11367 11277 7
11457 11367 7
11547 11457 7
11637 11547 7
11727 11637 7
11817 11727 7
11907 11817 7
11997 11907 7
12087 11997 7
12177 12087 7
12267 12177 7
12357 12267 7
12447 12357 7
12537 12447 7
12627 12537 7
12717 12627 7
12807 12717 7
12808 12807 7
12898 12808 7
12899 12898 7
12989 12899 7
13079 12989 7
13169 13079 7
13170 13169 7
13171 13170 7
13172 13171 7
13173 13172 7
13174 13173 7
13175 13174 7
13176 13175 7
13177 13176 7
13178 13177 7
13179 13178 7
13180 13179 7
13181 13180 7
13182 13181 7
13183 13182 7
13184 13183 7
13185 13184 7
13186 13185 7
13187 13186 7
13188 13187 7
13189 13188 7
13190 13189 7
13191 13190 7
13281 13191 7
13371 13281 7
13461 13371 7
13551 13461 7
13641 13551 7
13731 13641 7
13821 13731 7
13911 13821 7
14001 13911 7
14091 14001 7
6171 14271 7
14181 14091 7
6261 6171 7
14271 14181 7
6351 6261 7
6441 6351 7
6531 6441 7
6621 6531 7
6711 6621 7
6801 6711 7
6891 6801 7
6981 6891 7
7071 6981 7
7161 7071 7
7251 7161 7
7341 7251 7
7431 7341 7
7521 7431 7
7611 7521 7
7701 7611 7
7791 7701 7
7881 7791 7
7971 7881 7
8061 7971 7
8062 8061 7
8063 8062 7
8064 8063 7
8065 8064 7
8066 8065 7
8067 8066 7
8068 8067 7
8069 8068 7
8070 8069 7
8071 8070 7
8072 8071 7
8073 8072 7
8074 8073 7
8075 8074 7
8076 8075 7
8077 8076 7
8078 8077 7
8078 16178 7
8088 8089 7
16178 16179 7
16179 16180 7
16180 16181 7
16181 16182 7
16182 16183 7
16183 16184 7
16184 16185 7
16185 16186 7
16186 16187 7
16187 16188 7
16188 8088 7
  8  98 8
  9   8 8
 98 188 8
 10   9 8
 11  10 8
 12  11 8
 13  12 8
 14  13 8
 15  14 8
 16  15 8
 17  16 8
 18  17 8
 19  18 8
 20  19 8
 21  20 8
 22  21 8
 23  22 8
 24  23 8
 25  24 8
 26  25 8
188 278 8
278 368 8
368 458 8
458 548 8
548 638 8
638 728 8
728 818 8
818 908 8
908 998 8
998 1088 8
1088 1178 8
1178 1268 8
1268 1358 8
1358 1448 8
1448 1538 8
1538 1628 8
1628 1718 8
1718 1808 8
1808 1898 8
1898 1988 8
1988 2078 8
2078 2168 8
2168 2258 8
2258 2348 8
2348 2438 8
2438 2528 8
2528 2618 8
2618 2708 8
2708 2798 8
2798 2888 8
2888 2978 8
2978 3068 8
3068 3158 8
3158 3248 8
3248 3338 8
3338 3428 8
3428 3518 8
3518 3608 8
3608 3698 8
3698 3788 8
3788 3878 8
3878 3968 8
3968 4058 8
4057 4147 8
4058 4057 8
4142 4141 8
4143 4142 8
4144 4143 8
4145 4144 8
4146 4145 8
4147 4146 8
4147 4237 8
4237 4327 8
4327 4417 8
4417 4507 8
4507 4597 8
4597 4687 8
4687 4777 8
4777 4867 8
4867 4957 8
4957 5047 8
5047 5137 8
5137 5227 8
5227 5317 8
5317 5407 8
5407 5497 8
5497 5587 8
5587 5677 8
5677 5767 8
5767 5857 8
5857 5947 8
5947 6037 8
6037 6127 8
6127 6217 8
6217 6307 8
6307 6397 8
6397 6487 8
6487 6577 8
6577 6667 8
6667 6757 8
6757 6847 8
6847 6937 8
6937 7027 8
7027 7117 8
7117 7207 8
7207 7297 8
7297 7387 8
7387 7477 8
7477 7567 8
7567 7657 8
7657 7747 8
7747 7837 8
7837 7927 8
7927 8017 8
7998 16098 9
7999 7998 9
8000 7999 9
8001 8000 9
8002 8001 9
16085 16175 9
16086 16085 9
16087 16086 9
16088 16087 9
16089 16088 9
16090 16089 9
16091 16090 9
16092 16091 9
16093 16092 9
16094 16093 9
16095 16094 9
16096 16095 9
16097 16096 9
16098 16097 9
8092 8002 9
8093 8092 9
8094 8093 9
8095 8094 9
8096 8095 9
8097 8096 9
8098 8097 9
8099 8098 9
16156 8056 9
16157 16156 9
16158 16157 9
16159 16158 9
16160 16159 9
16161 16160 9
16162 16161 9
16163 16162 9
16164 16163 9
16165 16164 9
16166 16165 9
16167 16166 9
16168 16167 9
16169 16168 9
16170 16169 9
16171 16170 9
16172 16171 9
16173 16172 9
16174 16173 9
16175 16174 9
 28 118 10
118 208 10
208 298 10
298 388 10
388 478 10
478 568 10
568 658 10
658 748 10
748 838 10
838 928 10
928 1018 10
1018 1108 10
1108 1198 10
1198 1288 10
1288 1378 10
1378 1468 10
1468 1558 10
1558 1648 10
1648 1738 10
1738 1828 10
1828 1918 10
1918 2008 10
2008 2098 10
2098 2188 10
2188 2278 10
2278 2368 10
2368 2458 10
2458 2548 10
2548 2638 10
2638 2728 10
2728 2818 10
2818 2908 10
2908 2998 10
2998 3088 10
3088 3178 10
3178 3268 10
3268 3358 10
3358 3448 10
3448 3538 10
3538 3628 10
3628 3718 10
3718 3808 10
3808 3898 10
3898 3988 10
3988 4078 10
4078 4168 10
4168 4258 10
4258 4348 10
4348 4438 10
4438 4528 10
4528 4618 10
4607 4697 10
4608 4607 10
4609 4608 10
4610 4609 10
4611 4610 10
4612 4611 10
4613 4612 10
4614 4613 10
4615 4614 10
4616 4615 10
4617 4616 10
4618 4617 10
4618 12718 10
4640 4641 10
4641 4642 10
4642 4643 10
4643 4644 10
4644 4645 10
4645 4646 10
4646 4647 10
4647 4648 10
4648 4649 10
4649 4650 10
4650 4651 10
4651 4652 10
4652 4653 10
4653 4654 10
4654 4655 10
4655 4656 10
4656 4657 10
4657 4658 10
4658 4659 10
4659 4660 10
4660 4661 10
4661 4662 10
4662 4663 10
4663 4664 10
4664 4665 10
4665 4666 10
4666 4667 10
4667 4668 10
4668 4669 10
4669 4670 10
4670 4671 10
4671 4672 10
4672 4673 10
4673 4674 10
4674 4675 10
4675 4676 10
4676 4677 10
4677 4678 10
4678 4679 10
4679 4680 10
4697 4787 10
12718 12719 10
12719 12720 10
12720 12721 10
12721 12722 10
12722 12723 10
12723 12724 10
12724 12725 10
12725 12726 10
12726 12727 10
12727 12728 10
12728 12729 10
12729 12730 10
12730 12731 10
12731 12732 10
12732 12733 10
12733 12734 10
12734 12735 10
12735 12736 10
12736 12737 10
12737 12738 10
12738 12739 10
12739 12740 10
12740 4640 10
4787 4877 10
4877 4967 10
4967 5057 10
5057 5147 10
5147 5237 10
5237 5327 10
5327 5417 10
5417 5507 10
5507 5597 10
5597 5687 10
5687 5777 10
5777 5867 10
5867 5957 10
5957 6047 10
6047 6137 10
6137 6227 10
6227 6317 10
6317 6318 10
6318 6408 10
6408 6409 10
6409 6499 10
6499 6589 10
6589 6679 10
6679 6769 10
6769 6859 10
6859 6949 10
6949 7039 10
7039 7129 10
7129 7219 10
7219 7309 10
7309 7399 10
7399 7489 10
7489 7579 10
7579 7669 10
7669 7759 10
7759 7849 10
7849 7939 10
7939 7940 10
7940 7941 10
7941 7942 10
7942 8032 10
10620 2520 11
10710 10620 11
10800 10710 11
10890 10800 11
10980 10890 11
11070 10980 11
11160 11070 11
11250 11160 11
11340 11250 11
11430 11340 11
11520 11430 11
11610 11520 11
11700 11610 11
11790 11700 11
11880 11790 11
11970 11880 11
12060 11970 11
12150 12060 11
12240 12150 11
12330 12240 11
12420 12330 11
12510 12420 11
12600 12510 11
12690 12600 11
12779 12780 11
12780 12690 11
12869 12779 11
12959 12869 11
4998 13098 11
13049 12959 11
5058 5059 11
5059 5060 11
5060 5061 11
5061 5062 11
5062 5063 11
5063 5064 11
5064 5065 11
5065 5066 11
5066 5067 11
5067 5068 11
5068 5069 11
5069 5070 11
5070 5071 11
5071 5072 11
5072 5073 11
5073 5074 11
5074 5075 11
5075 5076 11
5076 5077 11
5077 5078 11
5078 5079 11
5079 5080 11
5080 5081 11
5081 5082 11
5082 5083 11
5083 5084 11
5084 5085 11
5085 5086 11
5086 5087 11
5087 5088 11
5088 4998 11
13098 13099 11
13099 13100 11
13100 13101 11
13101 13102 11
13102 13103 11
13103 13104 11
13104 13105 11
13105 13106 11
13106 13107 11
13107 13108 11
13108 13109 11
13109 13110 11
13110 13111 11
13111 13112 11
13112 13113 11
13113 13114 11
13114 13115 11
13115 13116 11
13116 13117 11
13117 13118 11
13118 13119 11
13119 13120 11
13120 13121 11
13121 13122 11
13122 13123 11
13123 13124 11
13124 13125 11
13125 13126 11
13126 13127 11
13127 13128 11
13128 13129 11
13129 13130 11
13130 13131 11
13131 13132 11
13132 13133 11
13133 13134 11
13134 13135 11
13135 13136 11
13136 13137 11
13137 13138 11
13138 13139 11
13139 13049 11
5148 5058 11
13248 5148 11
13336 13337 11
13337 13338 11
13338 13248 11
5406 13506 11
13419 13420 11
13420 13421 11
13421 13422 11
13422 13423 11
13423 13424 11
13424 13425 11
13425 13426 11
13426 13336 11
5495 5496 11
5496 5406 11
13506 13507 11
13507 13508 11
13508 13509 11
13509 13419 11
5584 5585 11
5585 5495 11
5674 5584 11
5761 5762 11
5762 5763 11
5763 5764 11
5764 5674 11
13861 5761 11
13951 13861 11
14041 13951 11
14131 14041 11
14221 14131 11
14311 14221 11
14401 14311 11
14491 14401 11
14581 14491 11
14671 14581 11
14761 14671 11
14851 14761 11
14941 14851 11
15031 14941 11
15121 15031 11
15211 15121 11
15301 15211 11
15391 15301 11
15481 15391 11
15571 15481 11
15661 15571 11
15751 15661 11
15841 15751 11
7921 16021 11
15931 15841 11
8011 7921 11
16021 15931 11
 89 179 12
179 269 12
269 359 12
359 449 12
449 539 12
539 629 12
629 719 12
719 809 12
809 899 12
899 989 12
989 1079 12
1079 1169 12
1169 1259 12
1259 1349 12
1349 1439 12
1439 1529 12
1529 1619 12
1619 1709 12
1709 1799 12
1799 1889 12
1889 1979 12
1979 2069 12
2069 2159 12
2159 10259 12
10259 10349 12
10349 10439 12
10439 10529 12
10529 10619 12
10619 10709 12
10709 10799 12
10799 10889 12
10888 10978 12
10889 10888 12
10978 11068 12
11068 11158 12
11158 11248 12
11248 11338 12
11338 11428 12
11428 11518 12
11518 11608 12
11608 11698 12
11698 11788 12
11788 11878 12
11878 11968 12
11968 12058 12
12058 12148 12
12148 12238 12
12238 12328 12
12328 12418 12
12418 12508 12
12508 12598 12
12598 12688 12
12688 12778 12
4768 4769 12
12778 12868 12
4769 4770 12
12868 4768 12
4771 4861 13
4861 4862 13
4862 4952 13
4952 5042 13
5042 5132 13
5132 5222 13
5222 5312 13
5312 5402 13
5402 5492 13
5492 5582 13
5582 5672 13
5672 13772 13
13772 13862 13
5852 5942 13
13862 13952 13
5942 6032 13
13952 5852 13
6032 6122 13
6122 6212 13
6212 6302 13
6302 6392 13
6392 6482 13
6482 6572 13
6572 6662 13
6662 6661 13
2880 2790 14
2970 2880 14
3060 2970 14
3150 3060 14
3240 3150 14
3330 3240 14
3420 3330 14
3510 3420 14
3600 3510 14
3690 3600 14
3780 3690 14
3870 3780 14
3960 3870 14
4050 3960 14
4140 4050 14
4230 4140 14
4320 4230 14
4410 4320 14
4500 4410 14
4587 4588 14
4588 4589 14
4589 4590 14
4590 4500 14
12687 4587 14
12777 12687 14
12867 12777 14
4947 13047 14
12957 12867 14
5037 4947 14
13047 12957 14
5127 5037 14
13227 5127 14
13317 13227 14
13407 13317 14
13497 13407 14
13587 13497 14
13677 13587 14
13767 13677 14
13857 13767 14
13947 13857 14
14037 13947 14
14127 14037 14
14217 14127 14
14307 14217 14
14397 14307 14
14487 14397 14
14577 14487 14
14667 14577 14
14757 14667 14
14847 14757 14
14937 14847 14
15027 14937 14
15117 15027 14
15207 15117 14
15297 15207 14
15387 15297 14
15477 15387 14
15567 15477 14
15657 15567 14
15747 15657 14
15837 15747 14
7904 16004 14
15927 15837 14
7994 7904 14
16004 16005 14
16005 16006 14
16006 16007 14
16007 16008 14
16008 16009 14
16009 16010 14
16010 16011 14
16011 16012 14
16012 16013 14
16013 16014 14
16014 16015 14
16015 16016 14
16016 16017 14
16017 15927 14
8084 7994 14
 77 167 15
167 257 15
257 347 15
347 437 15
437 527 15
527 617 15
617 707 15
707 797 15
797 887 15
887 977 15
977 1067 15
1067 1157 15
1157 1247 15
1247 1337 15
1337 1427 15
1427 1517 15
1517 1607 15
1607 1697 15
1697 1787 15
1787 1877 15
1877 1967 15
1967 2057 15
2057 2147 15
2147 10247 15
10247 10337 15
10337 10427 15
10427 10517 15
10517 10607 15
10607 10697 15
10697 10787 15
10787 10877 15
10877 10967 15
10967 11057 15
11057 11147 15
11147 11237 15
11237 11327 15
11327 11417 15
11417 11507 15
11507 11597 15
11597 11687 15
11687 11777 15
11777 11867 15
11867 11957 15
11957 12047 15
12047 12137 15
12137 12227 15
12227 12317 15
12317 12407 15
12407 12497 15
12497 12587 15
12587 12677 15
12677 12767 15
4757 4847 15
12767 12857 15
4847 4937 15
12857 4757 15
4937 5027 15
5027 5117 15
5117 13217 15
13217 13307 15
5297 5387 15
13307 13397 15
5387 5477 15
13397 5297 15
5477 5567 15
5567 5657 15
5657 5747 15
5747 5837 15
5837 5838 15
5838 5839 15
5839 5840 15
5840 5841 15
5841 5842 15
5842 5843 15
5843 5844 15
5844 5845 15
5845 5846 15
5846 5847 15
5847 5848 15
5848 5849 15
5849 5850 15
7815 7905 16
7818 15918 16
7905 7995 16
15915 7815 16
15916 15915 16
15917 15916 16
7908 7818 16
15918 15917 16
7909 7908 16
7910 7909 16
7911 7910 16
7912 7911 16
7913 7912 16
7995 8085 16
8003 7913 16
8091 16191 16
16103 8003 16
16191 16192 16
16192 16193 16
16193 16103 16
7279 15379 17
7280 7279 17
7281 7280 17
7282 7281 17
7283 7282 17
7284 7283 17
7285 7284 17
7286 7285 17
7287 7286 17
7288 7287 17
7289 7288 17
7290 7289 17
15363 15453 17
15364 15363 17
15365 15364 17
15366 15365 17
15367 15366 17
15368 15367 17
15369 15368 17
15370 15369 17
15371 15370 17
15372 15371 17
15373 15372 17
15374 15373 17
15375 15374 17
15376 15375 17
15377 15376 17
15378 15377 17
15379 15378 17
15453 15543 17
15541 15631 17
15542 15541 17
15543 15542 17
15629 15719 17
15630 15629 17
15631 15630 17
15719 15809 17
15808 15898 17
15809 15808 17
15897 15987 17
15898 15897 17
7962 8052 17
7963 7962 17
15986 16076 17
15987 15986 17
8041 8040 17
8042 8041 17
8043 8042 17
8044 8043 17
8045 8044 17
8046 8045 17
8047 8046 17
8048 8047 17
8049 8048 17
8050 8049 17
8051 8050 17
8052 8051 17
16063 7963 17
16064 16063 17
16065 16064 17
16066 16065 17
16067 16066 17
16068 16067 17
16069 16068 17
16070 16069 17
16071 16070 17
16072 16071 17
16073 16072 17
16074 16073 17
16075 16074 17
16076 16075 17
