# Cost: 1282

# Tail Head Net
 17  16 1
 18  17 1
 19  18 1
 20  19 1
 21  20 1
 22  21 1
 23  22 1
 24  23 1
 25  24 1
 26  25 1
 27  26 1
 28  27 1
 29  28 1
 30  29 1
 30  31 1
 31  32 1
 32  33 1
 33  34 1
 34  35 1
 35  36 1
 36  37 1
 37  38 1
 38  39 1
 39  40 1
 40  41 1
 41  42 1
 42  43 1
 43  44 1
 44  45 1
 45  46 1
 46  47 1
 47  48 1
 48  49 1
 49  50 1
 50  51 1
 51  52 1
 52  53 1
 53  54 1
 54  55 1
 55  56 1
 56  57 1
 57  58 1
 58  59 1
 59  60 1
 60  61 1
 61  62 1
 62  63 1
 63  64 1
6201 6301 2
6301 6401 2
6401 6501 2
6501 6601 2
6601 6701 2
6701 6801 2
6801 6901 2
6901 7001 2
7001 7101 2
7101 7201 2
7201 7301 2
7301 7401 2
7401 7501 2
7501 7601 2
7601 7701 2
7701 7801 2
7801 7901 2
7901 8001 2
8001 8101 2
8101 8201 2
8201 8301 2
8301 8401 2
8401 8501 2
8501 8601 2
8601 8701 2
8701 8801 2
8801 8901 2
8901 9001 2
9001 9101 2
9101 9201 2
9201 9301 2
9301 9401 2
9401 9501 2
9501 9601 2
9601 9701 2
9701 9801 2
9801 9901 2
9901 9902 2
9902 9903 2
9903 9904 2
9904 9905 2
9905 9906 2
9906 9907 2
9907 9908 2
9908 9909 2
9909 9910 2
9910 9911 2
9911 9912 2
9912 9913 2
9913 9914 2
9914 9915 2
9915 9916 2
9916 9917 2
9917 9918 2
9918 9919 2
9919 9920 2
9920 9921 2
9921 9922 2
9922 9923 2
9923 9924 2
9924 9925 2
9925 9926 2
9926 9927 2
9927 9928 2
9928 9929 2
9929 9930 2
9930 9931 2
9931 9932 2
9932 9933 2
9933 9934 2
9934 9935 2
9935 9936 2
9936 9937 2
9937 9938 2
9938 9939 2
9939 9940 2
9940 9941 2
9941 9942 2
9942 9943 2
9943 9944 2
167  67 3
202 201 3
203 202 3
204 203 3
205 204 3
206 205 3
207 206 3
208 207 3
209 208 3
210 209 3
211 210 3
212 211 3
213 212 3
214 213 3
215 214 3
216 215 3
217 216 3
218 217 3
219 218 3
220 219 3
221 220 3
222 221 3
223 222 3
224 223 3
225 224 3
226 225 3
227 226 3
228 227 3
229 228 3
230 229 3
231 230 3
232 231 3
233 232 3
234 233 3
235 234 3
236 235 3
237 236 3
238 237 3
239 238 3
240 239 3
241 240 3
242 241 3
243 242 3
244 243 3
245 244 3
246 245 3
247 246 3
248 247 3
249 248 3
250 249 3
251 250 3
252 251 3
253 252 3
254 253 3
255 254 3
256 255 3
257 256 3
258 257 3
259 258 3
260 259 3
261 260 3
262 261 3
263 262 3
264 263 3
265 264 3
266 265 3
267 167 3
267 266 3
268 267 3
368 268 3
468 368 3
469 468 3
470 469 3
471 470 3
472 471 3
473 472 3
474 473 3
475 474 3
476 475 3
477 476 3
478 477 3
479 478 3
480 479 3
481 480 3
482 481 3
483 482 3
484 483 3
485 484 3
486 485 3
487 486 3
488 487 3
588 488 3
688 588 3
788 688 3
888 788 3
988 888 3
1088 988 3
1188 1088 3
1288 1188 3
1388 1288 3
1488 1388 3
1588 1488 3
1589 1588 3
1689 1589 3
1789 1689 3
1889 1789 3
1989 1889 3
2089 1989 3
2189 2089 3
2289 2189 3
2389 2289 3
2489 2389 3
2589 2489 3
2689 2589 3
2789 2689 3
2889 2789 3
2989 2889 3
3089 2989 3
3189 3089 3
3289 3189 3
3389 3289 3
3489 3389 3
3490 3489 3
3590 3490 3
3690 3590 3
3790 3690 3
3890 3790 3
3990 3890 3
4090 3990 3
4190 4090 3
4290 4190 3
4291 4290 3
4391 4291 3
4392 4391 3
4492 4392 3
4592 4492 3
4692 4592 3
4792 4692 3
4892 4792 3
4992 4892 3
5092 4992 3
5192 5092 3
5292 5192 3
5392 5292 3
5492 5392 3
5592 5492 3
5692 5592 3
5792 5692 3
5892 5792 3
5992 5892 3
6092 5992 3
6192 6092 3
6292 6192 3
6392 6292 3
6492 6392 3
6592 6492 3
6692 6592 3
6792 6692 3
6892 6792 3
6992 6892 3
7092 6992 3
7192 7092 3
7292 7192 3
7392 7292 3
7492 7392 3
7592 7492 3
7692 7592 3
7792 7692 3
7892 7792 3
7992 7892 3
8092 7992 3
8192 8092 3
8292 8192 3
8392 8292 3
8492 8392 3
8592 8492 3
8692 8592 3
8792 8692 3
8892 8792 3
8992 8892 3
9092 8992 3
9192 9092 3
9292 9192 3
9392 9292 3
9492 9392 3
9592 9492 3
9692 9592 3
9792 9692 3
9892 9792 3
9992 9892 3
502 501 4
503 502 4
504 503 4
505 504 4
506 505 4
507 506 4
508 507 4
509 508 4
510 509 4
511 510 4
512 511 4
513 512 4
514 513 4
515 514 4
516 515 4
517 516 4
518 517 4
519 518 4
520 519 4
521 520 4
522 521 4
523 522 4
524 523 4
525 524 4
526 525 4
527 526 4
528 527 4
529 528 4
530 529 4
531 530 4
532 531 4
533 532 4
534 533 4
535 534 4
536 535 4
537 536 4
538 537 4
539 538 4
540 539 4
541 540 4
542 541 4
543 542 4
544 543 4
545 544 4
546 545 4
547 546 4
548 547 4
549 548 4
550 549 4
551 550 4
552 551 4
553 552 4
554 553 4
555 554 4
556 555 4
557 556 4
558 557 4
559 558 4
560 559 4
561 560 4
562 561 4
563 562 4
564 563 4
565 564 4
566 565 4
567 566 4
568 567 4
569 568 4
570 569 4
571 570 4
572 571 4
573 572 4
574 573 4
575 574 4
576 575 4
577 576 4
578 577 4
579 578 4
580 579 4
581 580 4
582 581 4
583 582 4
584 583 4
585 584 4
586 585 4
587 586 4
687 587 4
692 10692 4
693 692 4
10687 687 4
10688 10687 4
10689 10688 4
10690 10689 4
10691 10690 4
10692 10691 4
793 693 4
794 793 4
795 794 4
796 795 4
797 796 4
897 797 4
997 897 4
1097 997 4
1197 1097 4
1297 1197 4
1397 1297 4
1497 1397 4
1597 1497 4
1697 1597 4
1797 1697 4
1897 1797 4
1997 1897 4
2097 1997 4
2197 2097 4
2297 2197 4
2397 2297 4
2497 2397 4
2597 2497 4
2697 2597 4
2797 2697 4
2798 2797 4
2898 2798 4
2998 2898 4
3098 2998 4
3198 3098 4
3298 3198 4
3398 3298 4
3399 3398 4
3499 3399 4
3599 3499 4
3699 3599 4
3799 3699 4
3899 3799 4
3999 3899 4
4099 3999 4
4100 4099 4
4200 4100 4
4300 4200 4
4400 4300 4
4500 4400 4
1200 1100 5
1300 1200 5
1400 1300 5
1500 1400 5
1600 1500 5
1700 1600 5
1800 1700 5
1900 1800 5
2000 1900 5
2100 2000 5
2200 2100 5
2300 2200 5
2399 2400 5
2400 2300 5
2499 2399 5
2598 2599 5
2599 2499 5
2698 2598 5
12698 2698 5
12798 12698 5
12896 12897 5
12897 12898 5
12898 12798 5
12995 12996 5
12996 12896 5
13093 13094 5
13094 13095 5
13095 12995 5
13193 13093 5
13285 13286 5
13286 13287 5
13287 13288 5
13288 13289 5
13289 13290 5
13290 13291 5
13291 13292 5
13292 13293 5
13293 13193 5
13384 13385 5
13385 13285 5
13483 13484 5
13484 13384 5
13582 13583 5
13583 13483 5
13681 13682 5
13682 13582 5
13781 13681 5
13881 13781 5
13981 13881 5
14081 13981 5
14181 14081 5
14281 14181 5
14381 14281 5
14481 14381 5
14581 14481 5
14681 14581 5
14781 14681 5
14880 14881 5
14881 14781 5
14980 14880 5
15074 15075 5
15075 15076 5
15076 15077 5
15077 15078 5
15078 15079 5
15079 15080 5
15080 14980 5
15174 15074 5
15274 15174 5
15374 15274 5
15474 15374 5
15574 15474 5
15674 15574 5
15774 15674 5
15874 15774 5
15974 15874 5
16074 15974 5
16174 16074 5
16272 16273 5
16273 16274 5
16274 16174 5
16372 16272 5
16471 16472 5
16472 16372 5
16570 16571 5
16571 16471 5
16670 16570 5
16769 16770 5
16770 16670 5
16869 16769 5
16968 16969 5
16969 16869 5
17068 16968 5
17168 17068 5
17268 17168 5
17368 17268 5
17468 17368 5
7668 17668 5
17568 17468 5
7768 7668 5
17668 17568 5
7868 7768 5
7968 7868 5
8068 7968 5
8168 8068 5
8268 8168 5
8368 8268 5
8468 8368 5
8567 8568 5
8568 8468 5
8667 8567 5
8767 8667 5
8866 8867 5
8867 8767 5
8965 8966 5
8966 8866 5
9065 8965 5
9164 9165 5
9165 9065 5
9264 9164 5
9364 9264 5
9463 9464 5
9464 9364 5
9563 9463 5
9660 9661 5
9661 9662 5
9662 9663 5
9663 9563 5
9759 9760 5
9760 9660 5
9859 9759 5
9959 9859 5
  7 107 6
107 10107 6
10107 10207 6
10207 10307 6
10307 10407 6
10407 10507 6
607 707 6
10507 10607 6
707 807 6
10607 607 6
807 907 6
907 1007 6
1007 1107 6
1107 1207 6
1207 1307 6
1307 1407 6
1407 1507 6
1507 1607 6
1607 1707 6
1707 1807 6
1807 1907 6
1907 2007 6
2007 2107 6
2107 2207 6
2207 2307 6
2307 2407 6
2407 2507 6
2507 2607 6
2607 2707 6
2707 2807 6
2807 2907 6
2902 2901 6
2903 2902 6
2904 2903 6
2905 2904 6
2906 2905 6
2907 2906 6
2907 2908 6
2908 2909 6
2909 2910 6
2910 2911 6
2911 2912 6
2912 2913 6
2913 2914 6
2914 2915 6
2915 2916 6
2916 2917 6
2917 2918 6
2918 2919 6
2919 2920 6
2920 2921 6
2921 2922 6
2922 2923 6
2923 2924 6
2924 2925 6
2925 2926 6
2926 2927 6
2927 2928 6
2928 2929 6
2929 2930 6
2930 2931 6
2931 2932 6
2932 2933 6
2933 2934 6
2934 2935 6
2935 2936 6
2936 2937 6
2937 2938 6
2938 2939 6
2939 2940 6
2940 2941 6
2941 2942 6
2942 2943 6
2943 2944 6
2944 2945 6
2945 2946 6
2946 2947 6
2947 2948 6
2948 2949 6
2949 2950 6
2950 2951 6
2951 2952 6
2952 2953 6
2953 2954 6
2954 2955 6
2955 2956 6
2956 2957 6
2957 2958 6
2958 2959 6
2959 2960 6
2960 2961 6
2961 2962 6
2962 2963 6
2963 2964 6
2964 2965 6
2965 2966 6
2966 2967 6
2967 2968 6
2968 2969 6
2969 2970 6
2970 2971 6
2971 2972 6
2972 2973 6
2973 2974 6
2974 2975 6
2975 2976 6
2976 2977 6
2977 2978 6
2978 2979 6
2979 2980 6
2980 2981 6
2981 3081 6
3081 3181 6
3181 3182 6
3182 3183 6
3183 3184 6
3184 3284 6
3284 3384 6
3384 3484 6
3484 3584 6
3584 3684 6
3684 3784 6
3784 3884 6
3884 3984 6
3984 4084 6
4084 4184 6
4184 4284 6
4284 4384 6
4384 4484 6
4484 4584 6
4584 4684 6
4684 4784 6
4784 4884 6
4884 4984 6
4984 5084 6
5084 5184 6
5184 5284 6
5284 5384 6
5384 5484 6
5484 5584 6
5584 5684 6
5684 5784 6
5784 5884 6
5884 5984 6
5984 6084 6
6084 6184 6
6184 6284 6
6284 6384 6
6384 6484 6
6484 6584 6
6584 6684 6
6684 6784 6
6784 6884 6
6884 6984 6
6984 7084 6
7084 7184 6
7184 7284 6
7284 7384 6
7384 7484 6
7484 7584 6
7584 7684 6
7684 7784 6
7784 7884 6
7884 7984 6
7984 8084 6
8084 8184 6
8184 8284 6
8284 8384 6
8384 8484 6
8484 8584 6
8584 8684 6
8684 8784 6
8784 8884 6
8884 8984 6
8984 9084 6
9084 9184 6
9184 9284 6
9284 9384 6
9384 9484 6
9484 9584 6
9584 9684 6
9684 9784 6
9784 9884 6
9884 9885 6
9885 9985 6
181  81 7
281 181 7
381 281 7
10381 381 7
10481 10381 7
10581 10481 7
10681 10581 7
10781 10681 7
10881 10781 7
10981 10881 7
11081 10981 7
11181 11081 7
11281 11181 7
11381 11281 7
11481 11381 7
11581 11481 7
1702 1701 7
1754 11754 7
1755 1754 7
1756 1755 7
1757 1756 7
1758 1757 7
1759 1758 7
1760 1759 7
1761 1760 7
1762 1761 7
1763 1762 7
1764 1763 7
1765 1764 7
1766 1765 7
1767 1766 7
1768 1767 7
1769 1768 7
1770 1769 7
1771 1770 7
1772 1771 7
1773 1772 7
1774 1773 7
1775 1774 7
1776 1775 7
1777 1776 7
1778 1777 7
1779 1778 7
1780 1779 7
11681 11581 7
11702 1702 7
11703 11702 7
11704 11703 7
11705 11704 7
11706 11705 7
11707 11706 7
11708 11707 7
11709 11708 7
11710 11709 7
11711 11710 7
11712 11711 7
11713 11712 7
11714 11713 7
11715 11714 7
11716 11715 7
11717 11716 7
11718 11717 7
11719 11718 7
11720 11719 7
11721 11720 7
11722 11721 7
11723 11722 7
11724 11723 7
11725 11724 7
11726 11725 7
11727 11726 7
11728 11727 7
11729 11728 7
11730 11729 7
11731 11730 7
11732 11731 7
11733 11732 7
11734 11733 7
11735 11734 7
11736 11735 7
11737 11736 7
11738 11737 7
11739 11738 7
11740 11739 7
11741 11740 7
11742 11741 7
11743 11742 7
11744 11743 7
11745 11744 7
11746 11745 7
11747 11746 7
11748 11747 7
11749 11748 7
11750 11749 7
11751 11750 7
11752 11751 7
11753 11752 7
11754 11753 7
11780 1780 7
11781 11681 7
11781 11780 7
11881 11781 7
11882 11881 7
11883 11882 7
11884 11883 7
11885 11884 7
11985 11885 7
12085 11985 7
12086 12085 7
12186 12086 7
12286 12186 7
12287 12286 7
12387 12287 7
12388 12387 7
12389 12388 7
2495 12495 7
2496 2495 7
12489 12389 7
12490 12489 7
12491 12490 7
12492 12491 7
12493 12492 7
12494 12493 7
12495 12494 7
2596 2496 7
2696 2596 7
2796 2696 7
2896 2796 7
2897 2896 7
2997 2897 7
3097 2997 7
3197 3097 7
3297 3197 7
3397 3297 7
3497 3397 7
3498 3497 7
3598 3498 7
3698 3598 7
3798 3698 7
3898 3798 7
3998 3898 7
4098 3998 7
4198 4098 7
4199 4198 7
4299 4199 7
4399 4299 7
4499 4399 7
4599 4499 7
4699 4599 7
4799 4699 7
4899 4799 7
4999 4899 7
5099 4999 7
5199 5099 7
5299 5199 7
5399 5299 7
5499 5399 7
5599 5499 7
5699 5599 7
5799 5699 7
5899 5799 7
5999 5899 7
6099 5999 7
6199 6099 7
6299 6199 7
6399 6299 7
6499 6399 7
6599 6499 7
6699 6599 7
6799 6699 7
6899 6799 7
6999 6899 7
7099 6999 7
7199 7099 7
7299 7199 7
7399 7299 7
7499 7399 7
7599 7499 7
7699 7599 7
7799 7699 7
7899 7799 7
7999 7899 7
8099 7999 7
8199 8099 7
8299 8199 7
8300 8299 7
8400 8300 7
8500 8400 7
8600 8500 7
3201 3301 8
3301 3401 8
3401 3501 8
3501 3601 8
3601 3701 8
3701 3801 8
3801 3901 8
3901 4001 8
4001 4101 8
4101 4201 8
4201 4301 8
4301 4401 8
4401 4501 8
4501 4601 8
4601 4701 8
4701 4801 8
4801 4901 8
4901 5001 8
5001 5101 8
5101 5201 8
5201 5301 8
5301 5401 8
5401 5501 8
5501 5601 8
5601 5701 8
5701 5801 8
5801 5901 8
5901 5902 8
5902 6002 8
6002 6102 8
6102 6202 8
6202 6302 8
6302 6303 8
6303 6403 8
6403 6404 8
6404 6405 8
6405 6406 8
6406 6407 8
6407 6408 8
6408 6409 8
6409 6410 8
6410 6411 8
6411 6412 8
6412 6413 8
6413 6414 8
6414 6415 8
6415 6416 8
6416 6417 8
6417 6418 8
6418 6419 8
6419 6420 8
6420 6421 8
6421 6422 8
6422 6423 8
6423 6424 8
6424 6425 8
6425 6426 8
6426 6427 8
6427 6428 8
6428 6429 8
6429 6430 8
6430 6431 8
6431 6432 8
6432 6433 8
6433 6434 8
6434 6435 8
6435 6436 8
6436 6437 8
6437 6438 8
6438 6439 8
6439 6440 8
6440 6441 8
6441 6442 8
6442 6443 8
6443 6444 8
6444 6445 8
6445 6446 8
6446 6447 8
6447 6448 8
6448 6449 8
6449 6450 8
6450 6451 8
6451 6452 8
6452 6453 8
6453 6454 8
6454 6455 8
6455 6456 8
6456 6457 8
6457 6458 8
6458 6459 8
6459 6460 8
6460 6461 8
6461 6462 8
6462 6463 8
6463 6464 8
6464 6465 8
6465 6466 8
6466 6467 8
6467 6468 8
6468 6469 8
6469 6470 8
6470 6471 8
6471 6472 8
6472 6473 8
6473 6573 8
6573 6574 8
6574 6575 8
6575 6576 8
6576 6577 8
6577 6578 8
6578 6579 8
6579 6580 8
6580 6581 8
6581 6582 8
6582 6583 8
6583 6683 8
6683 16683 8
16683 16684 8
16684 16685 8
16685 16686 8
16686 16687 8
16687 16688 8
16688 16689 8
16689 16690 8
16690 16691 8
16691 16692 8
16692 16693 8
16693 16694 8
16694 16695 8
16695 16696 8
16696 16697 8
16697 16698 8
16698 16699 8
16699 16700 8
16700 6700 8
 14 10014 9
10014 20014 9
19677 19777 9
19777 19778 9
19778 19878 9
19878 19978 9
19978 9978 9
20014 20015 9
20015 20115 9
20115 20215 9
20215 20315 9
20315 20415 9
20415 20515 9
20515 20615 9
20615 20715 9
20715 20815 9
20815 20915 9
20915 21015 9
21015 21115 9
21115 21215 9
21215 21315 9
21315 21415 9
21415 21515 9
21515 21615 9
21615 21616 9
21616 21617 9
21617 21618 9
21618 21619 9
21619 21719 9
21719 21819 9
21819 21919 9
21919 22019 9
22019 22119 9
22119 22219 9
22219 22319 9
22319 22419 9
22419 22519 9
22519 22619 9
22619 22719 9
22719 22819 9
22819 22919 9
22919 23019 9
23019 23119 9
23119 23219 9
23219 23319 9
23319 23419 9
23419 23420 9
23420 23421 9
23421 23422 9
23422 23423 9
23423 23424 9
23424 23425 9
23425 23426 9
23426 23427 9
23427 23428 9
23428 23429 9
23429 23430 9
23430 23431 9
23431 23432 9
23432 23433 9
23433 23434 9
23434 23435 9
23435 23436 9
23436 23437 9
23437 23438 9
23438 23439 9
23439 23539 9
23539 23639 9
23639 23739 9
23739 23839 9
23839 23939 9
23939 24039 9
24039 24139 9
24139 24239 9
24239 24339 9
24339 24439 9
24439 24539 9
24539 24639 9
24639 24739 9
24739 24839 9
24839 24939 9
24939 25039 9
25039 25139 9
25139 25239 9
25239 25339 9
25339 25439 9
25439 25539 9
25539 25639 9
25639 25739 9
25739 25839 9
25839 25939 9
25939 26039 9
26039 26139 9
26139 26239 9
26239 26339 9
26339 26439 9
26439 26539 9
26539 26639 9
26639 26739 9
26739 26839 9
26839 26939 9
26939 27039 9
27039 27040 9
27040 27041 9
27041 27141 9
27141 27142 9
27142 27242 9
27242 27342 9
27342 27343 9
27343 27344 9
27344 27444 9
27444 27445 9
27445 27446 9
27446 27546 9
27546 27646 9
27646 27746 9
27746 27747 9
27747 27748 9
27748 27848 9
27848 27948 9
27948 27949 9
27949 27950 9
27950 28050 9
28050 28150 9
28150 28250 9
28250 28350 9
28350 28450 9
28450 28451 9
28451 28452 9
28452 28453 9
28453 28553 9
28553 28554 9
28554 28555 9
28555 28556 9
28556 28557 9
28557 28558 9
28558 28658 9
28658 28758 9
28758 28759 9
28759 28760 9
28760 28761 9
28761 28861 9
28861 28862 9
28862 28863 9
28863 28864 9
28864 28865 9
28865 28965 9
28965 28966 9
28966 29066 9
29066 29067 9
29067 29068 9
29068 29168 9
29168 29169 9
29169 29170 9
29170 29171 9
29171 29172 9
29172 29272 9
29272 29273 9
29273 29373 9
29373 29374 9
29374 29375 9
29375 29376 9
29376 29377 9
29377 29477 9
29477 29577 9
29577 29677 9
29677 19677 9
3800 3700 10
3900 3800 10
13900 3900 10
14000 13900 10
14100 14000 10
14200 14100 10
14300 14200 10
14400 14300 10
14500 14400 10
4700 14700 10
14600 14500 10
4800 4700 10
14700 14600 10
4900 4800 10
5000 4900 10
5100 5000 10
