# Cost: 1012

# Tail Head Net
 34  33 1
 35  34 1
 36  35 1
 37  36 1
 38  37 1
 39  38 1
 40  39 1
 40 120 1
120 200 1
199 279 1
200 199 1
279 359 1
359 439 1
438 518 1
439 438 1
518 598 1
598 678 1
678 758 1
758 838 1
838 918 1
918 998 1
998 1078 1
1078 1158 1
1158 1238 1
1238 1318 1
1318 1398 1
1398 1478 1
1478 1558 1
1558 1638 1
1637 1717 1
1638 1637 1
1717 1797 1
1797 1877 1
1877 1957 1
1957 2037 1
2037 2117 1
2117 2197 1
2197 2277 1
2277 2357 1
2357 2437 1
2437 2517 1
2517 2597 1
2597 2677 1
2677 2757 1
2757 2837 1
2837 2917 1
2917 2997 1
2997 3077 1
3077 3157 1
3157 3237 1
3237 3317 1
3317 3397 1
3397 3477 1
3477 3557 1
3557 3637 1
3637 3717 1
3717 3797 1
3797 3877 1
3877 3957 1
3957 4037 1
4037 4117 1
4117 4197 1
4197 4277 1
4277 4357 1
4357 4437 1
4425 4505 1
4426 4425 1
4427 4426 1
4428 4427 1
4429 4428 1
4430 4429 1
4431 4430 1
4432 4431 1
4433 4432 1
4434 4433 1
4435 4434 1
4436 4435 1
4437 4436 1
4437 4438 1
4438 4518 1
4505 4585 1
4518 4598 1
4584 4664 1
4585 4584 1
4598 4678 1
4663 4743 1
4664 4663 1
4678 4758 1
4743 4823 1
4758 4759 1
4759 4760 1
4760 4761 1
4761 4762 1
4762 4763 1
4763 4764 1
4764 4765 1
4765 4766 1
4766 4767 1
4767 4768 1
4768 4769 1
4769 4770 1
4770 4771 1
4771 4772 1
4772 4773 1
4773 4774 1
4774 4775 1
4775 4776 1
4776 4777 1
4777 4778 1
4778 4779 1
4779 4780 1
4780 4781 1
4781 4782 1
4782 4783 1
4783 4784 1
4784 4785 1
4785 4865 1
4823 4903 1
4865 4866 1
4866 4867 1
4867 4868 1
4868 4869 1
4869 4870 1
4870 4871 1
4871 4872 1
4872 4952 1
4903 4983 1
4952 4953 1
4953 4954 1
4954 4955 1
4955 4956 1
4956 4957 1
4957 4958 1
4958 4959 1
4959 4960 1
4982 5062 1
4983 4982 1
5062 5142 1
5141 5221 1
5142 5141 1
5206 5286 1
5207 5206 1
5208 5207 1
5209 5208 1
5210 5209 1
5211 5210 1
5212 5211 1
5213 5212 1
5214 5213 1
5215 5214 1
5216 5215 1
5217 5216 1
5218 5217 1
5219 5218 1
5220 5219 1
5221 5220 1
5286 5366 1
5365 5445 1
5366 5365 1
5442 5441 1
5442 5522 1
5443 5442 1
5444 5443 1
5445 5444 1
5522 5602 1
5602 5682 1
5681 5761 1
5682 5681 1
5761 5841 1
 17  16 2
 18  17 2
 19  18 2
 20  19 2
 21  20 2
 22  21 2
 23  22 2
 24  23 2
 25  24 2
 26  25 2
 27  26 2
 28  27 2
 29  28 2
 30  29 2
 31  30 2
111  31 2
112 111 2
144  64 2
192 112 2
224 144 2
6592 192 2
6593 6592 2
304 224 2
6673 6593 2
6674 6673 2
6675 6674 2
6676 6675 2
6677 6676 2
6678 6677 2
6679 6678 2
6704 304 2
6705 6704 2
6759 6679 2
6785 6705 2
6839 6759 2
6865 6785 2
556 6956 2
557 556 2
558 557 2
559 558 2
560 559 2
6919 6839 2
6920 6919 2
6921 6920 2
6922 6921 2
6923 6922 2
6924 6923 2
6925 6924 2
6926 6925 2
6927 6926 2
6928 6927 2
6929 6928 2
6930 6929 2
6931 6930 2
6932 6931 2
6933 6932 2
6933 7013 2
6934 6933 2
6935 6934 2
6936 6935 2
6937 6936 2
6938 6937 2
6939 6938 2
6940 6939 2
6941 6940 2
6942 6941 2
6943 6942 2
6944 6943 2
6945 6865 2
6945 6944 2
6946 6945 2
6947 6946 2
6948 6947 2
6949 6948 2
6950 6949 2
6951 6950 2
6952 6951 2
6953 6952 2
6954 6953 2
6955 6954 2
6956 6955 2
7013 7093 2
7093 7173 2
7173 7253 2
7253 7333 2
7333 7334 2
7334 7414 2
1094 1174 2
7414 7494 2
1174 7574 2
7494 1094 2
7574 7654 2
7654 7734 2
7734 7814 2
7814 7894 2
7894 7974 2
7974 8054 2
8054 8134 2
8134 8214 2
8214 8294 2
8294 8374 2
8374 8454 2
8454 8534 2
8534 8614 2
8614 8694 2
8694 8774 2
8774 8854 2
8854 8934 2
8934 9014 2
9014 9094 2
9094 9174 2
9174 9254 2
9254 9334 2
9334 9414 2
9414 9494 2
9494 9574 2
9574 9654 2
9654 9734 2
9734 9814 2
9814 9894 2
9894 9974 2
9974 10054 2
10054 10134 2
10134 10214 2
10214 10294 2
10294 10374 2
10374 10454 2
10454 10534 2
10534 10614 2
10614 10694 2
10694 10774 2
10774 10854 2
10854 10934 2
10934 11014 2
11014 11094 2
11094 11174 2
11174 11254 2
11254 11334 2
11334 11414 2
11414 11494 2
11494 11574 2
11574 11654 2
11654 11734 2
11734 11814 2
11814 11894 2
11894 11974 2
11974 12054 2
12054 12134 2
12134 12214 2
12214 12294 2
5974 6054 2
12294 12374 2
6054 6134 2
12374 5974 2
6134 6214 2
6214 6294 2
6294 6374 2
3441 3361 3
3521 3441 3
3601 3521 3
3681 3601 3
3761 3681 3
3841 3761 3
3842 3841 3
3922 3842 3
4001 4002 3
4002 3922 3
4081 4001 3
4161 4081 3
4241 4161 3
4321 4241 3
4401 4321 3
4481 4401 3
4561 4481 3
4641 4561 3
4721 4641 3
4801 4721 3
4881 4801 3
11280 4880 3
4961 4881 3
5040 11440 3
11360 11280 3
5041 4961 3
5119 5120 3
5120 5040 3
11440 11360 3
5121 5041 3
5199 5119 3
5199 5200 3
5201 5121 3
5201 5202 3
5202 5203 3
5203 5204 3
5204 5205 3
5205 11605 3
5227 5228 3
5228 5229 3
5229 5230 3
5230 5231 3
5231 5232 3
5232 5233 3
5233 5234 3
5234 5235 3
5235 5236 3
5236 5237 3
5237 5238 3
5238 5239 3
5239 5240 3
5240 5241 3
5241 5242 3
5242 5243 3
5243 5244 3
5244 5245 3
5245 5246 3
5246 5247 3
5247 5248 3
5248 5249 3
5249 5250 3
5250 5251 3
5251 5252 3
5252 5253 3
5253 5254 3
5254 5255 3
5255 5256 3
5256 5257 3
5257 5258 3
5258 5259 3
5258 5338 3
5259 5260 3
5260 5261 3
5261 5262 3
5262 5263 3
5263 5264 3
5264 5265 3
5265 5266 3
5266 5267 3
5267 5268 3
5268 5269 3
5269 5270 3
5270 5271 3
5271 5272 3
5272 5273 3
5273 5274 3
5274 5275 3
5275 5276 3
5276 5277 3
5277 5278 3
5278 5279 3
5279 5199 3
11605 11606 3
11606 11607 3
11607 11608 3
11608 11609 3
11609 11610 3
11610 11611 3
11611 11612 3
11612 11613 3
11613 11614 3
11614 11615 3
11615 11616 3
11616 11617 3
11617 11618 3
11618 11619 3
11619 11620 3
11620 11621 3
11621 11622 3
11622 11623 3
11623 11624 3
11624 11625 3
11625 11626 3
11626 11627 3
11627 5227 3
5338 5418 3
5418 5498 3
5498 5578 3
5578 5658 3
5658 5738 3
5738 5818 3
5818 5898 3
5898 5978 3
5978 6058 3
6058 6138 3
6138 6218 3
6218 6298 3
6298 6378 3
1761 8161 4
8161 8162 4
8162 8163 4
8163 8164 4
8164 8165 4
8165 8166 4
8166 8167 4
8167 8168 4
8168 8169 4
8169 8170 4
8170 8171 4
8171 8172 4
8172 8173 4
8173 8174 4
8174 8175 4
8175 8176 4
8176 8177 4
8177 8178 4
8178 8179 4
8179 8180 4
8180 8181 4
8181 8182 4
8182 8183 4
8183 8184 4
8184 8185 4
8185 8186 4
8186 8187 4
8187 8188 4
8188 8189 4
8189 8190 4
8190 8191 4
8191 8192 4
8192 8193 4
8193 8194 4
8194 8195 4
8195 8196 4
8196 8197 4
8197 8198 4
8198 8199 4
8199 8200 4
8200 8201 4
8201 8202 4
8202 8203 4
8203 8204 4
8204 8205 4
8205 8206 4
8206 8207 4
8207 8287 4
8287 8367 4
8367 8368 4
8368 8448 4
8448 8528 4
8528 8608 4
8608 8688 4
8688 8768 4
8768 8848 4
8848 8928 4
8928 9008 4
9008 9088 4
9088 9168 4
9168 9169 4
9169 9170 4
9170 9171 4
9171 9251 4
9251 9252 4
9252 9332 4
2933 2934 4
2934 2935 4
2935 2936 4
2936 2937 4
2937 2938 4
2938 2939 4
2939 2940 4
2940 2941 4
2941 2942 4
2942 2943 4
2943 2944 4
2944 2945 4
2945 2946 4
2946 2947 4
2947 2948 4
2948 2949 4
2949 2950 4
2950 2951 4
2951 2952 4
2952 2953 4
2953 2954 4
2954 2955 4
2955 2956 4
2956 2957 4
2957 2958 4
2958 2959 4
2959 2960 4
9332 9333 4
9332 9412 4
9333 2933 4
9412 9492 4
9492 9572 4
9572 9652 4
9652 9732 4
9732 9812 4
9812 9892 4
9892 9972 4
9972 10052 4
10052 10132 4
10132 10212 4
10212 10292 4
10292 10372 4
10372 10452 4
10452 10532 4
10532 10612 4
10612 10692 4
10692 10772 4
10772 10852 4
10852 10932 4
10932 11012 4
11012 11092 4
11092 11172 4
11172 11252 4
11252 11332 4
11332 11412 4
11412 11492 4
11492 11572 4
11572 11652 4
5332 5412 4
11652 11732 4
5412 5492 4
11732 5332 4
5492 5572 4
5572 5652 4
5652 5732 4
5732 5812 4
5812 5892 4
5892 5972 4
5972 6052 4
6052 6132 4
6132 6212 4
6212 6292 4
6292 6372 4
  8   7 5
  9   8 5
 10   9 5
 11  10 5
 12  11 5
 13  12 5
 14  13 5
 14 6414 5
6414 6494 5
6494 6495 5
6495 6496 5
6496 6497 5
6497 6498 5
6498 6499 5
6499 6500 5
6500 6501 5
6501 6502 5
6502 6503 5
6503 6504 5
6504 6505 5
6505 6506 5
6506 6507 5
6507 6508 5
6508 6509 5
6509 6510 5
6510 6511 5
6511 6512 5
6512 6513 5
6513 6514 5
6514 6594 5
6594 6595 5
6595 6596 5
6596 6597 5
6597 6598 5
6598 6599 5
6599 6600 5
6600 6601 5
6601 6602 5
6602 6603 5
6603 6604 5
6604 6605 5
6605 6606 5
6606 6607 5
6607 6608 5
6608 6609 5
6609 6610 5
6610 6611 5
6611 6612 5
6612 6613 5
6613 6614 5
6614 6615 5
6615 6616 5
6616 6617 5
6617 6618 5
6618 6619 5
6619 6620 5
6620 6621 5
6621 6622 5
6622 6623 5
6623 6624 5
6624 6625 5
6625 6626 5
6626 6706 5
6706 6707 5
6707 6787 5
6787 6788 5
6788 6789 5
6789 6790 5
6790 6791 5
6791 6792 5
6792 6793 5
6793 6794 5
6794 6795 5
6795 6796 5
6796 6797 5
6797 6798 5
6798 6878 5
6878 6958 5
6958 7038 5
7038 7118 5
7118 7198 5
7198 7278 5
7278 7358 5
7358 7438 5
7438 7518 5
7518 7598 5
7598 7678 5
7678 7758 5
7758 7838 5
7838 7839 5
7839 7840 5
7840 1440 5
 82   2 6
 82  83 6
 83  84 6
 84  85 6
 85  86 6
 86  87 6
 87  88 6
 88  89 6
 89  90 6
 90  91 6
 91  92 6
 92  93 6
 93  94 6
 15 6415 6
 94  95 6
 95  15 6
6415 6416 6
6416 6417 6
6417 6418 6
6418 6419 6
6419 6420 6
6420 6421 6
6421 6422 6
6422 6423 6
6423 6424 6
6424 6425 6
6425 6426 6
6426 6427 6
6427 6428 6
6428 6429 6
6429 6430 6
6430 6431 6
6431 6432 6
6432 6433 6
6433 6434 6
6434 6435 6
6435 6436 6
6436 6437 6
6437 6438 6
6438 6439 6
6439 6440 6
 41  42 6
6440 6441 6
 42  43 6
6441  41 6
 43  44 6
162  82 6
242 162 6
322 242 6
402 322 6
482 402 6
562 482 6
642 562 6
722 642 6
802 722 6
882 802 6
962 882 6
1042 962 6
1122 1042 6
1202 1122 6
1282 1202 6
1362 1282 6
1442 1362 6
1522 1442 6
1602 1522 6
1682 1602 6
1762 1682 6
1841 1842 6
1842 1762 6
1921 1841 6
2001 1921 6
2081 2001 6
2161 2081 6
2241 2161 6
2321 2241 6
2401 2321 6
2481 2401 6
2561 2481 6
2641 2561 6
2721 2641 6
2801 2721 6
2881 2801 6
2961 2881 6
3041 2961 6
3121 3041 6
3201 3121 6
6077 6157 7
6078 6077 7
6079 6078 7
6080 6079 7
6150 6230 7
6151 6150 7
6152 6151 7
6153 6152 7
6154 6153 7
6155 6154 7
6156 6155 7
6157 6156 7
6230 6310 7
6306 6386 7
6307 6306 7
6308 6307 7
6309 6308 7
6310 6309 7
6381 12781 7
6382 6381 7
6383 6382 7
6384 6383 7
6385 6384 7
6386 6385 7
12773 6373 7
12774 12773 7
12775 12774 7
12776 12775 7
12777 12776 7
12778 12777 7
12779 12778 7
12780 12779 7
12781 12780 7
148  68 8
228 148 8
308 228 8
388 308 8
468 388 8
548 468 8
628 548 8
7028 628 8
7108 7028 8
7188 7108 8
7268 7188 8
7348 7268 8
7428 7348 8
7508 7428 8
7588 7508 8
7668 7588 8
7748 7668 8
7828 7748 8
7908 7828 8
7988 7908 8
8068 7988 8
8148 8068 8
8228 8148 8
8308 8228 8
8388 8308 8
8468 8388 8
8548 8468 8
8628 8548 8
8708 8628 8
8788 8708 8
8868 8788 8
8948 8868 8
9028 8948 8
9108 9028 8
9188 9108 8
9268 9188 8
9348 9268 8
9428 9348 8
9508 9428 8
9588 9508 8
9668 9588 8
9748 9668 8
9828 9748 8
9908 9828 8
9988 9908 8
10068 9988 8
10148 10068 8
10228 10148 8
10308 10228 8
10388 10308 8
10468 10388 8
10548 10468 8
10628 10548 8
10708 10628 8
10788 10708 8
10868 10788 8
10948 10868 8
11028 10948 8
11108 11028 8
11188 11108 8
11268 11188 8
11348 11268 8
11428 11348 8
11508 11428 8
11588 11508 8
11668 11588 8
11748 11668 8
11828 11748 8
11908 11828 8
11988 11908 8
12068 11988 8
12148 12068 8
12228 12148 8
12308 12228 8
12388 12308 8
12468 12388 8
12548 12468 8
12628 12548 8
6364 12764 8
12692 12693 8
12693 12694 8
12694 12695 8
12695 12696 8
12696 12697 8
12697 12698 8
12698 12699 8
12699 12700 8
12700 12701 8
12701 12702 8
12702 12703 8
12703 12704 8
12704 12705 8
12705 12706 8
12706 12707 8
12707 12708 8
12708 12628 8
12764 12765 8
12765 12766 8
12766 12767 8
12767 12768 8
12768 12769 8
12769 12770 8
12770 12771 8
12771 12772 8
12772 12692 8
160 240 9
240 320 9
320 400 9
400 480 9
6337 6338 10
6338 6339 10
6339 6340 10
6340 6341 10
6341 6342 10
6342 6343 10
6343 6344 10
6344 6345 10
6345 6346 10
6346 6347 10
6347 6348 10
6348 6349 10
6349 6350 10
6350 6351 10
6351 6352 10
6352 6353 10
6353 6354 10
6354 6355 10
150  70 11
230 150 11
310 230 11
390 310 11
470 390 11
550 470 11
630 550 11
710 630 11
790 710 11
801 7201 11
839 840 11
840 841 11
841 842 11
842 843 11
843 844 11
844 845 11
845 846 11
846 847 11
847 848 11
848 849 11
849 850 11
850 851 11
851 852 11
852 853 11
853 854 11
854 855 11
855 856 11
856 857 11
857 858 11
858 859 11
859 860 11
860 861 11
861 862 11
862 863 11
863 864 11
864 865 11
865 866 11
866 867 11
867 868 11
868 869 11
869 870 11
870 790 11
7201 7202 11
7202 7203 11
7203 7204 11
7204 7205 11
7205 7206 11
7206 7207 11
7207 7208 11
7208 7209 11
7209 7210 11
7210 7211 11
7211 7212 11
7212 7213 11
7213 7214 11
7214 7215 11
7215 7216 11
7216 7217 11
7217 7218 11
7218 7219 11
7219 7220 11
7220 7221 11
7221 7222 11
7222 7223 11
7223 7224 11
7224 7225 11
7225 7226 11
7226 7227 11
7227 7228 11
7228 7229 11
7229 7230 11
7230 7231 11
7231 7232 11
7232 7233 11
7233 7234 11
7234 7235 11
7235 7236 11
7236 7237 11
7237 7238 11
7238 7239 11
7239 839 11
