# Cost: 1044

# Tail Head Net
 40  41 1
 41  42 1
110  40 1
 42  43 1
 43  44 1
 44  45 1
 45  46 1
 46  47 1
 47  48 1
 48  49 1
 49  50 1
 50  51 1
 51  52 1
 52  53 1
 53  54 1
 54  55 1
 55  56 1
 56  57 1
 57  58 1
 58  59 1
 59  60 1
 60  61 1
 61  62 1
 61 131 1
 62  63 1
131 201 1
 63  64 1
 64  65 1
 65  66 1
 66  67 1
179 180 1
180 110 1
201 271 1
248 249 1
249 179 1
271 341 1
316 317 1
317 318 1
318 248 1
341 411 1
351 281 1
351 352 1
352 353 1
353 354 1
354 355 1
355 356 1
356 357 1
357 358 1
358 359 1
359 360 1
360 361 1
361 362 1
362 363 1
363 364 1
364 365 1
365 366 1
366 367 1
367 368 1
368 369 1
369 370 1
370 371 1
371 372 1
372 373 1
373 374 1
374 375 1
375 376 1
376 377 1
377 378 1
378 379 1
379 380 1
380 381 1
381 382 1
382 383 1
383 384 1
384 385 1
385 386 1
386 316 1
411 481 1
421 351 1
481 551 1
491 421 1
551 621 1
561 491 1
621 691 1
631 561 1
691 761 1
701 631 1
761 831 1
771 701 1
831 901 1
841 771 1
901 971 1
911 841 1
971 1041 1
981 911 1
1041 1111 1
1051 981 1
1111 1181 1
1121 1051 1
1181 1251 1
1191 1121 1
1251 1321 1
1261 1191 1
1321 1391 1
1331 1261 1
1391 1461 1
1401 1331 1
1461 1531 1
1471 1401 1
1531 1601 1
1541 1471 1
1601 1671 1
1611 1541 1
1671 1741 1
1681 1611 1
1741 1811 1
1751 1681 1
1811 1881 1
1821 1751 1
1881 1951 1
1891 1821 1
1951 2021 1
1961 1891 1
2021 2091 1
2031 1961 1
2091 2161 1
2101 2031 1
2161 2231 1
2171 2101 1
2231 2301 1
2241 2171 1
2301 2371 1
2311 2241 1
2371 2441 1
2381 2311 1
2441 2511 1
2511 2581 1
2581 2651 1
2651 2721 1
2721 2791 1
2791 2861 1
2861 2931 1
2931 3001 1
3001 3071 1
3071 3141 1
3141 3211 1
3211 3281 1
3281 3351 1
3351 3421 1
3421 3491 1
3491 3561 1
3561 3631 1
3631 3701 1
3701 3771 1
3771 3841 1
3841 3911 1
3911 3981 1
3981 4051 1
4051 4121 1
4121 4191 1
4191 4261 1
4261 4331 1
4331 4401 1
4401 4471 1
4471 4541 1
4541 4611 1
4611 4681 1
4681 4751 1
4751 4821 1
4821 4891 1
4062 4061 2
4063 4062 2
4064 4063 2
4065 4064 2
4066 4065 2
4067 4066 2
4068 4067 2
4069 4068 2
4070 4069 2
4071 4070 2
4072 4071 2
4073 4072 2
4074 4073 2
4075 4074 2
4076 4075 2
4077 4076 2
4078 4077 2
4079 4078 2
4080 4079 2
4081 4080 2
4082 4081 2
4083 4082 2
4084 4083 2
4085 4084 2
4086 4085 2
4087 4086 2
4088 4087 2
4089 4088 2
4090 4089 2
4091 4090 2
4092 4091 2
4093 4092 2
4094 4093 2
4095 4094 2
4096 4095 2
4097 4096 2
4098 4097 2
4099 4098 2
4100 4099 2
4101 4100 2
4102 4101 2
4103 4102 2
4104 4103 2
4105 4104 2
4106 4105 2
4107 4106 2
4108 4107 2
4109 4108 2
4110 4109 2
4111 4110 2
4112 4111 2
4113 4112 2
4114 4113 2
4115 4114 2
4116 4115 2
4117 4116 2
4118 4117 2
4119 4118 2
4189 4119 2
9089 4189 2
9090 9089 2
4262 9162 2
4263 4262 2
4264 4263 2
4265 4264 2
4266 4265 2
4267 4266 2
4268 4267 2
4269 4268 2
4270 4269 2
9160 9090 2
9161 9160 2
9162 9161 2
4340 4270 2
4410 4340 2
4480 4410 2
4550 4480 2
4620 4550 2
4690 4620 2
4760 4690 2
  7   8 3
  8   9 3
 77   7 3
  9  10 3
 10  11 3
 11  12 3
 12  13 3
 13  14 3
147  77 3
217 147 3
287 217 3
5187 287 3
5257 5187 3
5327 5257 3
5397 5327 3
5467 5397 3
5537 5467 3
5607 5537 3
5677 5607 3
5747 5677 3
5817 5747 3
5887 5817 3
5957 5887 3
6027 5957 3
6097 6027 3
6167 6097 3
6237 6167 3
6307 6237 3
6377 6307 3
6447 6377 3
6517 6447 3
6587 6517 3
6657 6587 3
6727 6657 3
6797 6727 3
6867 6797 3
6937 6867 3
7007 6937 3
7077 7007 3
7147 7077 3
7217 7147 3
7287 7217 3
7357 7287 3
7427 7357 3
7497 7427 3
7567 7497 3
7637 7567 3
7707 7637 3
7777 7707 3
7847 7777 3
7917 7847 3
7987 7917 3
8057 7987 3
8127 8057 3
8197 8127 3
8267 8197 3
8337 8267 3
8407 8337 3
8477 8407 3
8547 8477 3
8617 8547 3
8687 8617 3
8757 8687 3
8827 8757 3
8896 8897 3
8897 8827 3
8962 8963 3
8963 8964 3
8964 8965 3
8965 8966 3
8966 8896 3
4202 9102 3
9032 8962 3
4272 4202 3
9102 9032 3
4342 4272 3
4412 4342 3
4482 4412 3
4552 4482 3
4622 4552 3
4691 4692 3
4692 4622 3
4761 4691 3
107  37 4
177 107 4
247 177 4
5147 247 4
5217 5147 4
5287 5217 4
5357 5287 4
5427 5357 4
5497 5427 4
5567 5497 4
5637 5567 4
5707 5637 4
5777 5707 4
973 5873 4
974 973 4
975 974 4
976 975 4
977 976 4
978 977 4
979 978 4
980 979 4
5847 5777 4
5847 5917 4
5848 5847 4
5849 5848 4
5850 5849 4
5851 5850 4
5852 5851 4
5853 5852 4
5854 5853 4
5855 5854 4
5856 5855 4
5857 5856 4
5858 5857 4
5859 5858 4
5860 5859 4
5861 5860 4
5862 5861 4
5863 5862 4
5864 5863 4
5865 5864 4
5866 5865 4
5867 5866 4
5868 5867 4
5869 5868 4
5870 5869 4
5871 5870 4
5872 5871 4
5873 5872 4
5917 5987 4
5987 6057 4
6057 6127 4
6127 6197 4
6197 6267 4
6267 6337 4
6337 6407 4
6407 6477 4
6477 6547 4
6547 6617 4
6617 6687 4
6687 6757 4
6757 6827 4
6827 6897 4
6897 6967 4
6967 7037 4
7037 7107 4
7107 7177 4
7177 7247 4
7247 7317 4
7317 7387 4
7387 7457 4
7457 7527 4
7527 7597 4
7597 7667 4
7667 7737 4
7737 7807 4
7807 7877 4
7877 7947 4
7947 8017 4
8015 8085 4
8016 8015 4
8017 8016 4
8085 8155 4
8155 8225 4
8225 8295 4
8293 8363 4
8294 8293 4
8295 8294 4
8363 8433 4
8429 8499 4
8430 8429 4
8431 8430 4
8432 8431 4
8433 8432 4
3642 3641 4
3643 3642 4
3644 3643 4
3645 3644 4
3646 3645 4
3647 3646 4
3648 3647 4
3649 3648 4
3650 3649 4
3651 3650 4
3652 3651 4
3653 3652 4
3654 3653 4
3655 3654 4
3656 3655 4
3657 3656 4
3658 3657 4
3659 3658 4
3660 3659 4
3661 3660 4
3662 3661 4
3663 3662 4
3664 3663 4
8497 8567 4
8498 8497 4
8499 8498 4
8564 3664 4
8565 8564 4
8566 8565 4
8567 8566 4
 72   2 5
4972  72 5
5042 4972 5
5112 5042 5
5182 5112 5
5252 5182 5
5322 5252 5
5392 5322 5
5462 5392 5
5532 5462 5
5602 5532 5
5672 5602 5
5742 5672 5
5812 5742 5
5882 5812 5
5952 5882 5
6022 5952 5
6092 6022 5
6162 6092 5
6232 6162 5
6302 6232 5
6372 6302 5
6442 6372 5
6512 6442 5
6582 6512 5
6652 6582 5
6722 6652 5
6792 6722 5
6862 6792 5
6932 6862 5
7002 6932 5
7072 7002 5
7142 7072 5
7212 7142 5
7282 7212 5
7352 7282 5
7422 7352 5
7492 7422 5
7562 7492 5
7632 7562 5
7702 7632 5
7772 7702 5
7842 7772 5
7912 7842 5
7982 7912 5
8052 7982 5
8122 8052 5
8192 8122 5
8262 8192 5
8332 8262 5
8402 8332 5
8472 8402 5
8542 8472 5
8612 8542 5
8682 8612 5
8752 8682 5
8822 8752 5
8891 8892 5
8892 8822 5
8961 8891 5
9031 8961 5
9101 9031 5
4274 9174 5
9171 4271 5
9171 9101 5
9172 9171 5
9173 9172 5
4344 4274 5
9174 9173 5
4414 4344 5
4484 4414 5
4485 4484 5
4486 4485 5
4487 4486 5
4488 4487 5
4489 4488 5
4490 4489 5
4560 4490 5
4561 4560 5
4562 4561 5
4563 4562 5
4564 4563 5
4565 4564 5
4635 4565 5
4636 4635 5
4706 4636 5
4707 4706 5
4777 4707 5
4778 4777 5
4848 4778 5
4849 4848 5
6088 6089 6
6089 6090 6
6090 1190 6
6157 6158 6
6158 6088 6
6227 6157 6
6296 6297 6
6297 6227 6
6366 6296 6
6436 6366 6
6506 6436 6
6576 6506 6
6646 6576 6
6716 6646 6
6786 6716 6
6856 6786 6
6926 6856 6
6996 6926 6
7066 6996 6
7136 7066 6
7206 7136 6
7276 7206 6
7346 7276 6
7416 7346 6
7486 7416 6
7556 7486 6
7626 7556 6
7696 7626 6
7766 7696 6
7836 7766 6
7905 7906 6
7906 7836 6
7974 7975 6
7975 7905 6
8044 7974 6
8114 8044 6
8184 8114 6
8251 8252 6
8252 8253 6
8253 8254 6
8254 8184 6
8320 8321 6
8321 8251 6
8378 8379 6
8379 8380 6
8380 8381 6
8381 8382 6
8382 8383 6
8383 8384 6
8384 8385 6
8385 8386 6
8386 8387 6
8387 8388 6
8388 8389 6
8389 8390 6
8390 8320 6
8447 8448 6
8448 8378 6
8514 8515 6
8515 8516 6
8516 8517 6
8517 8447 6
8584 8514 6
8654 8584 6
8724 8654 6
8793 8794 6
8794 8724 6
8862 8863 6
8863 8793 6
8932 8862 6
9001 9002 6
9002 8932 6
9068 9069 6
9069 9070 6
9070 9071 6
9071 9001 6
9138 9068 6
9184 9185 6
9185 9186 6
9186 9187 6
9187 9188 6
9188 9189 6
9189 9190 6
9190 9191 6
9191 9192 6
9192 9193 6
9193 9194 6
9194 9195 6
9195 9196 6
9196 9197 6
9197 9198 6
9198 9199 6
9199 9200 6
9200 9201 6
9201 9202 6
9202 9203 6
9203 9204 6
9204 9205 6
9205 9206 6
9206 9207 6
9207 9208 6
9208 9138 6
9254 9184 6
9324 9254 6
9393 9394 6
9394 9324 6
9463 9393 6
9531 9532 6
9532 9533 6
9533 9463 6
9601 9531 6
4832 4831 6
4833 4832 6
4834 4833 6
4835 4834 6
4836 4835 6
4837 4836 6
4838 4837 6
4839 4838 6
4839 9739 6
9670 9671 6
9671 9601 6
9739 9740 6
9740 9670 6
 87  17 7
157  87 7
227 157 7
297 227 7
5197 297 7
5267 5197 7
507 5407 7
5337 5267 7
577 507 7
5407 5337 7
647 577 7
717 647 7
787 717 7
857 787 7
927 857 7
997 927 7
1067 997 7
1137 1067 7
1207 1137 7
1277 1207 7
1347 1277 7
1347 1417 7
1348 1347 7
1349 1348 7
1350 1349 7
1351 1350 7
1352 1351 7
1353 1352 7
1354 1353 7
1355 1354 7
1356 1355 7
1357 1356 7
1358 1357 7
1359 1358 7
1360 1359 7
1361 1360 7
1362 1361 7
1363 1362 7
1364 1363 7
1365 1364 7
1366 1365 7
1367 1366 7
1368 1367 7
1392 6292 7
1393 1392 7
1394 1393 7
1395 1394 7
1396 1395 7
1397 1396 7
1398 1397 7
1399 1398 7
1400 1399 7
1417 1487 7
6268 1368 7
6269 6268 7
6270 6269 7
6271 6270 7
6272 6271 7
6273 6272 7
6274 6273 7
6275 6274 7
6276 6275 7
6277 6276 7
6278 6277 7
6279 6278 7
6280 6279 7
6281 6280 7
6282 6281 7
6283 6282 7
6284 6283 7
6285 6284 7
6286 6285 7
6287 6286 7
6288 6287 7
6289 6288 7
6290 6289 7
6291 6290 7
6292 6291 7
1487 1557 7
1557 1627 7
1627 1697 7
1697 1767 7
1767 1837 7
1837 1907 7
1907 1977 7
1977 2047 7
2047 2117 7
2117 2187 7
2187 2257 7
2257 2327 7
2327 2397 7
2397 2467 7
2467 2537 7
2537 2607 7
2607 2677 7
2677 2747 7
2747 2817 7
2817 2887 7
2887 2957 7
2957 3027 7
3027 3097 7
3097 3167 7
3167 3237 7
3237 3307 7
3307 3377 7
3377 3447 7
3438 3508 7
3439 3438 7
3440 3439 7
3441 3440 7
3442 3441 7
3443 3442 7
3444 3443 7
3445 3444 7
3446 3445 7
3447 3446 7
3502 3501 7
3503 3502 7
3504 3503 7
3505 3504 7
3506 3505 7
3507 3506 7
3508 3507 7
 31 4931 8
4931 9831 8
4851 4850 8
4852 4851 8
4853 4852 8
4854 4853 8
4855 4854 8
4856 4855 8
4857 4856 8
4858 4857 8
4859 4858 8
4860 4859 8
4861 4860 8
4861 4862 8
9691 9761 8
4862 4863 8
4863 4864 8
4864 4865 8
4865 4866 8
4866 4867 8
4867 4868 8
4868 4869 8
4869 4870 8
4870 4871 8
4871 4872 8
4872 4873 8
4873 4874 8
4874 4875 8
4875 4876 8
4876 4877 8
4877 4878 8
4878 4879 8
4879 4880 8
4880 4881 8
4881 4882 8
4882 4883 8
4883 4884 8
4884 4885 8
9761 4861 8
9831 9901 8
9901 9971 8
9971 10041 8
10041 10111 8
10111 10181 8
10181 10251 8
10251 10321 8
10321 10391 8
10391 10461 8
10461 10531 8
10531 10601 8
10601 10671 8
10671 10741 8
10741 10811 8
10811 10881 8
10881 10951 8
10951 11021 8
11021 11091 8
11091 11161 8
11161 11231 8
11231 11301 8
11301 11371 8
11371 11441 8
11441 11511 8
11511 11581 8
11581 11651 8
11651 11721 8
11721 11791 8
11791 11861 8
11861 11931 8
11931 12001 8
12001 12071 8
12071 12141 8
12141 12211 8
12211 12281 8
12281 12351 8
12351 12421 8
12421 12491 8
12491 12561 8
12561 12631 8
12631 12701 8
12701 12771 8
12771 12841 8
12841 12911 8
12911 12981 8
12981 13051 8
13051 13121 8
13121 13191 8
13191 13261 8
13261 13331 8
13331 13401 8
13401 13471 8
13471 13541 8
13541 13611 8
13611 13681 8
13681 13751 8
13751 13821 8
13821 13891 8
13891 13961 8
13961 14031 8
14031 14101 8
14101 14171 8
14171 14241 8
14241 14311 8
14311 14381 8
14381 14451 8
14451 14521 8
14521 14591 8
14591 9691 8
4905 4906 9
4906 4907 9
4907 4908 9
4908 4909 9
4909 4910 9
4910 4911 9
4911 4912 9
4912 4913 9
4913 4914 9
4914 4915 9
4915  15 9
4974 4975 9
4975 4905 9
5044 4974 9
5114 5044 9
5183 5184 9
5184 5114 9
422 423 9
423 5323 9
5253 5183 9
492 422 9
5323 5253 9
562 492 9
632 562 9
702 632 9
772 702 9
842 772 9
912 842 9
982 912 9
1052 982 9
1122 1052 9
1192 1122 9
1262 1192 9
1332 1262 9
1402 1332 9
1472 1402 9
1542 1472 9
1612 1542 9
1682 1612 9
1752 1682 9
1822 1752 9
1892 1822 9
1962 1892 9
2032 1962 9
2102 2032 9
2172 2102 9
2242 2172 9
2312 2242 9
2382 2312 9
2452 2382 9
2522 2452 9
2592 2522 9
2661 2662 9
2662 2592 9
2731 2661 9
2801 2731 9
3782 3781 10
3783 3782 10
3784 3783 10
3785 3784 10
3786 3785 10
3787 3786 10
3857 3787 10
3858 3857 10
3859 3858 10
3860 3859 10
3861 3860 10
3862 3861 10
3863 3862 10
3864 3863 10
3865 3864 10
3866 3865 10
3867 3866 10
3868 3867 10
3869 3868 10
3870 3869 10
3871 3870 10
3872 3871 10
3873 3872 10
3874 3873 10
3875 3874 10
3876 3875 10
3877 3876 10
3878 3877 10
3879 3878 10
3880 3879 10
3881 3880 10
3882 3881 10
3883 3882 10
3884 3883 10
3885 3884 10
3886 3885 10
3887 3886 10
3888 3887 10
3889 3888 10
3890 3889 10
3891 3890 10
3892 3891 10
3893 3892 10
3894 3893 10
3964 3894 10
8864 3964 10
8865 8864 10
8866 8865 10
8867 8866 10
8868 8867 10
8869 8868 10
8870 8869 10
8871 8870 10
8872 8871 10
8873 8872 10
8874 8873 10
8875 8874 10
8876 8875 10
8877 8876 10
8878 8877 10
8879 8878 10
8880 8879 10
8881 8880 10
8882 8881 10
8883 8882 10
8884 8883 10
8885 8884 10
8886 8885 10
8887 8886 10
8888 8887 10
8889 8888 10
8959 8889 10
9029 8959 10
9099 9029 10
9169 9099 10
9170 9169 10
9240 9170 10
9310 9240 10
9380 9310 10
9450 9380 10
9520 9450 10
9590 9520 10
4830 9730 10
9660 9590 10
9730 9660 10
