# Cost: 413

# Tail Head Net
920  20 1
950 920 1
980 950 1
1010 980 1
1040 1010 1
1070 1040 1
1100 1070 1
1130 1100 1
1160 1130 1
1190 1160 1
1220 1190 1
1250 1220 1
1370 1340 1
1400 1370 1
541 542 1
542 543 1
543 544 1
544 545 1
545 546 1
546 547 1
547 548 1
548 549 1
549 550 1
550 551 1
551 552 1
552 553 1
553 554 1
554 555 1
554 584 1
555 556 1
556 557 1
557 558 1
558 559 1
559 560 1
560 1460 1
1430 1400 1
584 614 1
1460 1430 1
614 644 1
644 674 1
674 704 1
704 734 1
734 764 1
764 794 1
794 824 1
824 854 1
854 884 1
1280 1250 1
1310 1280 1
1340 1310 1
570 540 2
600 570 2
630 600 2
660 630 2
690 660 2
720 690 2
750 720 2
780 750 2
810 780 2
810 840 2
831 861 2
832 831 2
833 832 2
837 836 2
838 837 2
839 838 2
840 839 2
859 889 2
860 859 2
861 860 2
834 833 2
835 834 2
836 835 2
888 887 2
889 888 2
 34   4 3
 64  34 3
 94  64 3
124  94 3
154 124 3
184 154 3
214 184 3
244 214 3
274 244 3
304 274 3
334 304 3
364 334 3
394 364 3
424 394 3
454 424 3
484 454 3
514 484 3
1414 514 3
572 571 3
573 572 3
574 573 3
574 1474 3
1444 1414 3
575 574 3
1474 1444 3
605 575 3
635 605 3
636 635 3
666 636 3
696 666 3
697 696 3
698 697 3
699 698 3
729 699 3
759 729 3
789 759 3
819 789 3
849 819 3
879 849 3
 37   7 4
 21  22 4
 22  23 4
 51  21 4
 23  24 4
 24  25 4
 25  26 4
 67  37 4
 81  51 4
 97  67 4
111  81 4
127  97 4
141 111 4
157 127 4
157 158 4
158 159 4
159 160 4
160 161 4
161 162 4
162 163 4
163 164 4
164 165 4
165 166 4
166 167 4
171 141 4
1057 157 4
167 168 4
168 169 4
169 170 4
170 171 4
1086 1087 4
1087 1057 4
1116 1086 4
1146 1116 4
1176 1146 4
1206 1176 4
1236 1206 4
1266 1236 4
1294 1295 4
1295 1296 4
1296 1266 4
1324 1294 4
1352 1353 4
1353 1354 4
1354 1324 4
1381 1382 4
1382 1352 4
1411 1381 4
1441 1411 4
1471 1441 4
1501 1471 4
661 1561 4
1531 1501 4
1561 1531 4
1315 1316 5
1316 1317 5
1317 1318 5
1318 1319 5
1319 1320 5
1320 420 5
1372 1342 5
1402 1372 5
1432 1402 5
1462 1432 5
1492 1462 5
1522 1492 5
1552 1522 5
1582 1552 5
1612 1582 5
1642 1612 5
1672 1642 5
1702 1672 5
1732 1702 5
892 1792 5
1762 1732 5
1772 872 5
1773 1772 5
1774 1773 5
1775 1774 5
1776 1775 5
1777 1776 5
1778 1777 5
1779 1778 5
1780 1779 5
1781 1780 5
1782 1781 5
1783 1782 5
1784 1783 5
1785 1784 5
1786 1785 5
1787 1786 5
1788 1787 5
1789 1788 5
1790 1789 5
1791 1790 5
1792 1762 5
1792 1791 5
1312 1313 5
1313 1314 5
1314 1315 5
1342 1312 5
914  14 6
944 914 6
974 944 6
1004 974 6
1034 1004 6
1064 1034 6
1094 1064 6
226 1126 6
227 226 6
228 227 6
229 228 6
230 229 6
231 230 6
232 231 6
233 232 6
234 233 6
235 234 6
236 235 6
237 236 6
238 237 6
239 238 6
240 239 6
1124 1094 6
1124 1154 6
1125 1124 6
1126 1125 6
1154 1184 6
1184 1214 6
1214 1244 6
1244 1274 6
1274 1304 6
1304 1334 6
1334 1364 6
1364 1394 6
1394 1424 6
1424 1454 6
1454 1484 6
1484 1514 6
1514 1544 6
1544 1574 6
1574 1604 6
1604 1634 6
1634 1664 6
1664 1694 6
1694 1724 6
845 875 6
1723 1753 6
1724 1723 6
1745 845 6
1746 1745 6
1747 1746 6
1748 1747 6
1749 1748 6
1750 1749 6
1751 1750 6
1752 1751 6
1753 1752 6
 33   3 7
 62  63 7
 63  33 7
 91  92 7
 92  62 7
121  91 7
151 121 7
181 151 7
211 181 7
211 241 7
241 271 7
271 301 7
301 331 7
331 361 7
361 391 7
391 421 7
421 451 7
451 481 7
902   2 8
 59  29 8
932 902 8
 89  59 8
962 932 8
119  89 8
992 962 8
149 119 8
1022 992 8
179 149 8
1052 1022 8
185 1085 8
186 185 8
187 186 8
188 187 8
189 188 8
190 189 8
191 190 8
192 191 8
193 192 8
194 193 8
195 194 8
196 195 8
197 196 8
198 197 8
199 198 8
200 199 8
201 200 8
202 201 8
203 202 8
204 203 8
205 204 8
206 205 8
207 206 8
208 207 8
208 209 8
209 179 8
1082 1052 8
1083 1082 8
1084 1083 8
1085 1084 8
1108 208 8
268 1168 8
1138 1108 8
298 268 8
1168 1138 8
328 298 8
358 328 8
388 358 8
418 388 8
448 418 8
1348 448 8
1378 1348 8
1408 1378 8
1438 1408 8
1468 1438 8
1498 1468 8
1528 1498 8
1558 1528 8
1588 1558 8
1618 1588 8
1648 1618 8
1678 1648 8
1708 1678 8
1738 1708 8
898 1798 8
1768 1738 8
1798 1768 8
905 935 9
906 905 9
907 906 9
  9 909 9
908 907 9
 10   9 9
909 908 9
 11  10 9
935 965 9
961  61 9
 93 123 9
964 994 9
965 964 9
991 961 9
122 152 9
123 122 9
993  93 9
994 993 9
1021 991 9
152 182 9
1051 1021 9
182 212 9
1081 1051 9
212 1112 9
1111 1081 9
1112 1111 9
 57  27 10
957  57 10
958 957 10
959 958 10
989 959 10
120 1020 10
1019 989 10
150 120 10
1020 1019 10
692 691 11
693 692 11
694 693 11
1594 694 11
1595 1594 11
1625 1595 11
1626 1625 11
1656 1626 11
1686 1656 11
1687 1686 11
820 1720 11
1717 1687 11
1718 1717 11
1719 1718 11
850 820 11
1720 1719 11
851 850 11
881 851 11
882 881 11
 17  16 12
