# Cost: 1586

# Tail Head Net
137  67 1
207 137 1
208 207 1
5108 208 1
351 281 1
352 351 1
353 352 1
354 353 1
355 354 1
355 5255 1
5225 10125 1
424 425 1
425 355 1
5255 5256 1
5256 5257 1
5257 5258 1
5258 5259 1
5259 5260 1
5260 5261 1
5261 5262 1
5262 5263 1
5263 5264 1
5264 5265 1
5265 5266 1
5266 5267 1
5267 5268 1
5268 5269 1
5269 5270 1
5270 5271 1
5271 5272 1
5272 5273 1
5273 5274 1
5274 5275 1
5275 5276 1
5276 5277 1
5277 5278 1
5278 5279 1
5279 5280 1
5280 5281 1
5281 5282 1
5282 5283 1
5283 5284 1
5284 5285 1
5285 5286 1
5286 5287 1
5287 5288 1
5288 5289 1
5289 5290 1
5290 5291 1
5291 5292 1
5292 5293 1
5293 5294 1
5294 5295 1
5295 5225 1
5324 424 1
2381 7281 1
7281 7282 1
7282 7283 1
7283 12183 1
4819 4889 1
4889 4890 1
9719 4819 1
4890 4891 1
10006 10007 1
10007 10008 1
10008 5108 1
10073 10074 1
10074 10075 1
10075 10076 1
10076 10006 1
10125 10126 1
10126 10127 1
10127 10128 1
10128 10129 1
10129 10130 1
10130 10131 1
10131 10132 1
10132 10133 1
10133 10134 1
10134 10135 1
10135 10136 1
10136 10137 1
10137 10138 1
10138 10139 1
10139 10140 1
10140 10141 1
10141 10142 1
10142 10143 1
10143 10073 1
10143 10213 1
10213 10283 1
10223 10224 1
10224 5324 1
10283 10353 1
10293 10223 1
10353 10423 1
10363 10293 1
10423 10493 1
10433 10363 1
10493 10563 1
10503 10433 1
10563 10633 1
10573 10503 1
10633 10703 1
10643 10573 1
10703 10773 1
10713 10643 1
10773 10843 1
10783 10713 1
10843 10913 1
10853 10783 1
10913 10983 1
10923 10853 1
10983 11053 1
10993 10923 1
11053 11123 1
11063 10993 1
11123 11193 1
11133 11063 1
11193 11263 1
11203 11133 1
11263 11333 1
11273 11203 1
11333 11403 1
11343 11273 1
11403 11473 1
11413 11343 1
11473 11543 1
11483 11413 1
11543 11613 1
11553 11483 1
11613 11683 1
11623 11553 1
11683 11753 1
11693 11623 1
11753 11823 1
11763 11693 1
11823 11893 1
11833 11763 1
11893 11963 1
11903 11833 1
11963 12033 1
11973 11903 1
12033 12103 1
12103 12173 1
12173 12243 1
12183 17083 1
12243 12313 1
12313 12383 1
12383 12453 1
12453 12523 1
12523 12593 1
12593 12663 1
12663 12733 1
12733 12803 1
12803 12873 1
12873 12943 1
12943 13013 1
13013 13083 1
13083 13153 1
13153 13223 1
13223 13293 1
13293 13363 1
13363 13433 1
13433 13503 1
13503 13573 1
13573 13643 1
13643 13713 1
13713 13783 1
13783 13853 1
13853 13923 1
13923 13993 1
13993 14063 1
14063 14133 1
14133 14203 1
14203 14273 1
14273 14343 1
14343 14413 1
14413 14483 1
14483 14553 1
14553 14623 1
14619 9719 1
14620 14619 1
14621 14620 1
14622 14621 1
14623 14622 1
16873 11973 1
16943 16873 1
17013 16943 1
17083 17013 1
 34  35 2
103 104 2
104  34 2
4983 4984 2
4984 4985 2
4985 4986 2
4986 4987 2
4987 4988 2
4988 4989 2
4989 4990 2
4990 4991 2
4991 4992 2
4992 4993 2
4993 4994 2
4994 4995 2
4995 4996 2
4996 4997 2
4997 4998 2
4998 4999 2
4999 5000 2
5000 5001 2
5001 5002 2
5002 5003 2
5003 103 2
5051 5052 2
5052 5053 2
5053 4983 2
5114 5115 2
5115 5116 2
5116 5117 2
5117 5118 2
5118 5119 2
5119 5120 2
5120 5121 2
5121 5051 2
5184 5114 2
422 423 2
423 5323 2
5253 5254 2
5254 5184 2
492 422 2
5323 5253 2
561 562 2
562 492 2
562 632 2
632 702 2
702 772 2
772 842 2
842 912 2
912 982 2
982 1052 2
1052 1122 2
1122 1192 2
1192 1262 2
1262 1332 2
1332 1402 2
1402 1472 2
1472 1542 2
1542 1612 2
1612 1682 2
1682 1752 2
1752 1822 2
1822 1892 2
1892 1962 2
1962 2032 2
2032 2102 2
2102 2172 2
2172 2242 2
2242 2312 2
2312 2382 2
2382 2452 2
2452 2522 2
2522 2592 2
2592 2662 2
2662 2732 2
2732 2802 2
2802 2872 2
2872 2942 2
2942 3012 2
3012 3082 2
3082 3152 2
3152 3222 2
3222 3292 2
3292 3362 2
3362 3432 2
3432 3502 2
3502 3572 2
3572 3642 2
3642 3712 2
3712 3782 2
3782 3852 2
3852 3922 2
3922 3992 2
3992 4062 2
4062 4132 2
4132 4202 2
4202 4272 2
4272 4342 2
4342 4412 2
4412 4482 2
4482 4552 2
4552 4622 2
4622 4692 2
4692 4762 2
4762 4832 2
4832 4833 2
4833 4834 2
4834 4835 2
4835 4836 2
4836 4837 2
6301 1401 3
6371 6301 3
6441 6371 3
6511 6441 3
6581 6511 3
6651 6581 3
6721 6651 3
6791 6721 3
6861 6791 3
6931 6861 3
7001 6931 3
7071 7001 3
7141 7071 3
7142 7141 3
7143 7142 3
7144 7143 3
7145 7144 3
7215 7145 3
7285 7215 3
7355 7285 3
7425 7355 3
7495 7425 3
7565 7495 3
7635 7565 3
7705 7635 3
7775 7705 3
7845 7775 3
7915 7845 3
7985 7915 3
8055 7985 3
8125 8055 3
8195 8125 3
8265 8195 3
8335 8265 3
8405 8335 3
8475 8405 3
8545 8475 3
8615 8545 3
8685 8615 3
8755 8685 3
8825 8755 3
8895 8825 3
8965 8895 3
9035 8965 3
9105 9035 3
9175 9105 3
9245 9175 3
9315 9245 3
9385 9315 3
9386 9385 3
9456 9386 3
9457 9456 3
9458 9457 3
9528 9458 3
9529 9528 3
9599 9529 3
9600 9599 3
9601 9600 3
9602 9601 3
9603 9602 3
9604 9603 3
9605 9604 3
9606 9605 3
9607 9606 3
9677 9607 3
9678 9677 3
4850 4851 3
4850 9750 3
4851 4852 3
4852 4853 3
4853 4854 3
4854 4855 3
4855 4856 3
4856 4857 3
4857 4858 3
4858 4859 3
4859 4860 3
4860 4861 3
4861 4862 3
9748 9678 3
9749 9748 3
9750 9749 3
109  39 4
179 109 4
249 179 4
319 249 4
389 319 4
459 389 4
529 459 4
599 529 4
669 599 4
739 669 4
809 739 4
879 809 4
949 879 4
1019 949 4
1089 1019 4
1159 1089 4
1229 1159 4
1299 1229 4
1369 1299 4
1439 1369 4
1471 1541 4
1509 1439 4
1541 1611 4
1579 1509 4
1611 1681 4
1649 1579 4
1681 1751 4
1719 1649 4
1751 1821 4
1789 1719 4
1821 1891 4
1859 1789 4
1891 1961 4
1929 1859 4
1961 2031 4
1999 1929 4
2031 2101 4
2069 1999 4
2101 2171 4
2139 2069 4
2171 2241 4
2209 2139 4
2241 2311 4
2279 2209 4
2311 7211 4
2314 2315 4
2315 2316 4
2316 2317 4
2317 2318 4
2318 2319 4
2319 2320 4
2320 2321 4
2321 2322 4
2322 2323 4
2323 2324 4
2324 2325 4
2325 2326 4
2326 2327 4
2327 2328 4
2328 2329 4
2329 2330 4
2330 2331 4
2331 2332 4
2332 2333 4
2333 2334 4
2334 2335 4
2335 2336 4
2336 2337 4
2337 2338 4
2338 2339 4
2339 2340 4
2340 2341 4
2341 2342 4
2342 2343 4
2343 2344 4
2344 2345 4
2345 2346 4
2346 2347 4
2347 2348 4
2348 2349 4
2348 2418 4
2349 2279 4
7211 7212 4
7212 7213 4
7213 7214 4
7214 2314 4
2418 2488 4
2488 2558 4
2558 2628 4
2628 2698 4
2698 2768 4
2768 2838 4
2838 2908 4
2908 2978 4
2978 3048 4
3048 3118 4
3118 3188 4
3188 3258 4
3258 3328 4
3328 3398 4
3398 3468 4
3468 3538 4
3538 3608 4
3608 3678 4
3678 3748 4
3748 3818 4
3818 3888 4
3888 3958 4
3958 4028 4
4028 4098 4
4098 4168 4
4168 4238 4
4238 4308 4
4308 4378 4
4378 4448 4
4448 4518 4
4518 4588 4
4588 4658 4
4658 4728 4
4728 4798 4
4798 4868 4
115  45 5
142 141 5
143 142 5
144 143 5
145 144 5
146 145 5
147 146 5
148 147 5
149 148 5
150 149 5
151 150 5
152 151 5
153 152 5
154 153 5
155 154 5
181 5081 5
182 181 5
183 182 5
184 183 5
185 115 5
185 184 5
5055 155 5
5056 5055 5
5057 5056 5
5058 5057 5
5059 5058 5
5060 5059 5
5061 5060 5
5062 5061 5
5063 5062 5
5064 5063 5
5065 5064 5
5066 5065 5
5067 5066 5
5068 5067 5
5069 5068 5
5070 5069 5
5071 5070 5
5072 5071 5
5073 5072 5
5074 5073 5
5075 5074 5
5076 5075 5
5077 5076 5
5078 5077 5
5079 5078 5
5080 5079 5
5081 5080 5
255 185 5
256 255 5
326 256 5
396 326 5
466 396 5
536 466 5
606 536 5
676 606 5
746 676 5
747 746 5
817 747 5
887 817 5
888 887 5
889 888 5
890 889 5
891 890 5
892 891 5
893 892 5
894 893 5
895 894 5
896 895 5
897 896 5
898 897 5
899 898 5
900 899 5
901 900 5
902 901 5
903 902 5
904 903 5
905 904 5
906 905 5
907 906 5
908 907 5
909 908 5
979 909 5
1049 979 5
1119 1049 5
1189 1119 5
1259 1189 5
1329 1259 5
1399 1329 5
1469 1399 5
1539 1469 5
1609 1539 5
1679 1609 5
1749 1679 5
1819 1749 5
1889 1819 5
1959 1889 5
2029 1959 5
2099 2029 5
2169 2099 5
2239 2169 5
2309 2239 5
2379 2309 5
2449 2379 5
2519 2449 5
2520 2519 5
2590 2520 5
2660 2590 5
2730 2660 5
2800 2730 5
2870 2800 5
2940 2870 5
3010 2940 5
3080 3010 5
3150 3080 5
3220 3150 5
3290 3220 5
  6   7 6
 75  76 6
  7   8 6
 76   6 6
  8   9 6
  9  10 6
 10  11 6
 11  12 6
 12  13 6
 13  14 6
4975  75 6
7284 12184 6
7352 7353 6
7353 7354 6
7354 7284 6
7422 7352 6
7492 7422 6
7562 7492 6
7632 7562 6
7702 7632 6
7772 7702 6
7842 7772 6
7912 7842 6
7982 7912 6
8052 7982 6
8122 8052 6
8192 8122 6
8262 8192 6
8332 8262 6
8402 8332 6
8472 8402 6
8542 8472 6
8612 8542 6
8682 8612 6
8752 8682 6
8822 8752 6
8892 8822 6
8962 8892 6
9032 8962 6
9102 9032 6
9172 9102 6
9242 9172 6
9312 9242 6
9382 9312 6
9451 9452 6
9452 9382 6
4691 9591 6
9521 9451 6
4761 4691 6
9591 9521 6
9875 4975 6
9945 9875 6
10015 9945 6
10085 10015 6
10155 10085 6
10225 10155 6
10295 10225 6
10365 10295 6
10434 10435 6
10435 10365 6
10504 10434 6
10574 10504 6
10644 10574 6
10714 10644 6
10784 10714 6
10854 10784 6
10924 10854 6
10994 10924 6
11064 10994 6
11134 11064 6
11204 11134 6
11274 11204 6
11344 11274 6
11414 11344 6
11484 11414 6
11554 11484 6
11624 11554 6
11694 11624 6
11764 11694 6
11834 11764 6
11904 11834 6
11974 11904 6
12044 11974 6
12114 12044 6
12184 12114 6
 95  25 7
165  95 7
235 165 7
305 235 7
375 305 7
445 375 7
515 445 7
5415 515 7
5485 5415 7
5555 5485 7
5625 5555 7
5695 5625 7
5765 5695 7
5835 5765 7
5905 5835 7
5975 5905 7
6045 5975 7
6115 6045 7
6185 6115 7
6255 6185 7
6325 6255 7
6395 6325 7
6465 6395 7
6535 6465 7
6605 6535 7
6675 6605 7
6745 6675 7
6815 6745 7
6885 6815 7
6955 6885 7
7025 6955 7
7095 7025 7
7165 7095 7
7235 7165 7
7305 7235 7
7375 7305 7
7445 7375 7
7515 7445 7
7585 7515 7
7655 7585 7
7725 7655 7
7795 7725 7
7865 7795 7
7935 7865 7
8005 7935 7
8075 8005 7
8145 8075 7
8215 8145 7
8285 8215 7
8355 8285 7
8425 8355 7
8495 8425 7
8565 8495 7
8635 8565 7
8705 8635 7
8775 8705 7
8845 8775 7
8915 8845 7
8985 8915 7
9055 8985 7
9125 9055 7
9195 9125 7
9265 9195 7
9335 9265 7
9405 9335 7
9475 9405 7
4659 9559 7
4660 4659 7
4661 4660 7
4662 4661 7
4663 4662 7
4664 4663 7
4665 4664 7
4666 4665 7
4667 4666 7
4668 4667 7
4669 4668 7
4670 4669 7
4671 4670 7
4672 4671 7
4673 4672 7
4674 4673 7
4675 4674 7
4676 4675 7
4677 4676 7
4678 4677 7
4679 4678 7
4680 4679 7
4681 4680 7
4682 4681 7
4683 4682 7
4684 4683 7
4685 4684 7
4686 4685 7
4687 4686 7
4688 4687 7
4689 4688 7
4690 4689 7
4708 4778 7
9542 9612 7
9543 9542 7
9544 9543 7
9545 9475 7
9545 9544 7
9546 9545 7
9547 9546 7
9548 9547 7
9549 9548 7
9550 9549 7
9551 9550 7
9552 9551 7
9553 9552 7
9554 9553 7
9555 9554 7
9556 9555 7
9557 9556 7
9558 9557 7
9559 9558 7
4778 4848 7
9608 4708 7
9609 9608 7
9610 9609 7
9611 9610 7
9612 9611 7
4844 4843 7
4845 4844 7
4846 4845 7
4847 4846 7
4848 4847 7
107  37 8
177 107 8
247 177 8
317 247 8
387 317 8
457 387 8
527 457 8
597 527 8
667 597 8
737 667 8
807 737 8
877 807 8
947 877 8
980 5880 8
5847 947 8
5847 5917 8
5848 5847 8
5849 5848 8
5850 5849 8
5851 5850 8
5852 5851 8
5853 5852 8
5854 5853 8
5855 5854 8
5856 5855 8
5857 5856 8
5858 5857 8
5859 5858 8
5860 5859 8
5861 5860 8
5862 5861 8
5863 5862 8
5864 5863 8
5865 5864 8
5866 5865 8
5867 5866 8
5868 5867 8
5869 5868 8
5870 5869 8
5871 5870 8
5872 5871 8
5873 5872 8
5874 5873 8
5875 5874 8
5876 5875 8
5877 5876 8
5878 5877 8
5879 5878 8
5880 5879 8
5917 5987 8
5987 6057 8
6057 6127 8
6127 6197 8
6197 6267 8
6267 6337 8
6337 6407 8
6407 6477 8
6477 6547 8
6547 6617 8
6617 6687 8
6687 6757 8
6757 6827 8
6827 6897 8
6897 6967 8
6967 7037 8
7037 7107 8
7107 7177 8
7177 7247 8
7247 7317 8
7317 7387 8
7387 7457 8
7457 7527 8
7527 7597 8
7597 7667 8
7667 7737 8
7737 7807 8
7807 7877 8
7877 7947 8
7947 8017 8
8017 8087 8
8087 8157 8
8157 8227 8
8227 8297 8
8297 8367 8
8366 8436 8
8367 8366 8
8436 8506 8
8506 8576 8
8541 3641 8
8566 13466 8
8567 8566 8
8568 8567 8
8569 8568 8
8570 8569 8
8571 8570 8
8572 8571 8
8573 8572 8
8574 8573 8
8575 8574 8
8576 8575 8
13441 8541 8
13442 13441 8
13443 13442 8
13444 13443 8
13445 13444 8
13446 13445 8
13447 13446 8
13448 13447 8
13449 13448 8
13450 13449 8
13451 13450 8
13452 13451 8
13453 13452 8
13454 13453 8
13455 13454 8
13456 13455 8
13457 13456 8
13458 13457 8
13459 13458 8
13460 13459 8
13461 13460 8
13462 13461 8
13463 13462 8
13464 13463 8
13465 13464 8
13466 13465 8
4902   2 9
4972 4902 9
5042 4972 9
5112 5042 9
5182 5112 9
5252 5182 9
5322 5252 9
493 5393 9
5392 5322 9
563 493 9
5393 5392 9
633 563 9
703 633 9
773 703 9
843 773 9
913 843 9
983 913 9
1053 983 9
1123 1053 9
1193 1123 9
1263 1193 9
1333 1263 9
1403 1333 9
1473 1403 9
1543 1473 9
1613 1543 9
1683 1613 9
1753 1683 9
1823 1753 9
1893 1823 9
1963 1893 9
2033 1963 9
2103 2033 9
2173 2103 9
2243 2173 9
2313 2243 9
2383 2313 9
2453 2383 9
2523 2453 9
2593 2523 9
2663 2593 9
2733 2663 9
2803 2733 9
2873 2803 9
2943 2873 9
3013 2943 9
3083 3013 9
3153 3083 9
3223 3153 9
3293 3223 9
3363 3293 9
3433 3363 9
3503 3433 9
3573 3503 9
3643 3573 9
3713 3643 9
3783 3713 9
3853 3783 9
3923 3853 9
3993 3923 9
4063 3993 9
4133 4063 9
4203 4133 9
4273 4203 9
4273 9173 9
9171 4271 9
4343 4273 9
9173 14073 9
4344 4343 9
4414 4344 9
4415 4414 9
4416 4415 9
4486 4416 9
4487 4486 9
4557 4487 9
4558 4557 9
4559 4558 9
4560 4559 9
4561 4560 9
4562 4561 9
4563 4562 9
4564 4563 9
4565 4564 9
4566 4565 9
4567 4566 9
4568 4567 9
4569 4568 9
4639 4569 9
4709 4639 9
4779 4709 9
4849 4779 9
14071 9171 9
14072 14071 9
14073 14072 9
4940  40 10
4941 4940 10
4942 4941 10
4943 4942 10
4944 4943 10
4945 4944 10
4946 4945 10
4947 4946 10
4948 4947 10
4949 4948 10
4950 4949 10
4951 4950 10
4952 4951 10
4953 4952 10
4954 4953 10
4955 4954 10
4956 4955 10
4957 4956 10
4958 4957 10
4959 4958 10
4960 4959 10
4961 4960 10
4962 4961 10
4963 4962 10
4964 4963 10
4965 4964 10
4966 4965 10
4967 4966 10
4968 4967 10
4969 4968 10
4970 4969 10
5040 4970 10
5110 5040 10
5180 5110 10
5250 5180 10
5320 5250 10
5390 5320 10
5460 5390 10
5530 5460 10
5600 700 10
5600 5530 10
5670 5600 10
5740 5670 10
5810 5740 10
1120 6020 10
5950 10850 10
1190 1120 10
6020 5950 10
1260 1190 10
1330 1260 10
1400 1330 10
1470 1400 10
1540 1470 10
1610 1540 10
1680 1610 10
1750 1680 10
1820 1750 10
10710 5810 10
10780 10710 10
10850 10780 10
 88  18 11
158  88 11
228 158 11
298 228 11
368 298 11
438 368 11
508 438 11
578 508 11
648 578 11
718 648 11
788 718 11
858 788 11
928 858 11
998 928 11
1068 998 11
1138 1068 11
1208 1138 11
1278 1208 11
1348 1278 11
1418 1348 11
1488 1418 11
1558 1488 11
1628 1558 11
1698 1628 11
1768 1698 11
1838 1768 11
1908 1838 11
1978 1908 11
2048 1978 11
2118 2048 11
2188 2118 11
2258 2188 11
7158 2258 11
7228 7158 11
7298 7228 11
7368 7298 11
7438 7368 11
7508 7438 11
7578 7508 11
7648 7578 11
7718 7648 11
7788 7718 11
7858 7788 11
7928 7858 11
7998 7928 11
8068 7998 11
8138 8068 11
8208 8138 11
8278 8208 11
8348 8278 11
8418 8348 11
8488 8418 11
8558 8488 11
8628 8558 11
8698 8628 11
4411 9311 11
9311 14211 11
13598 8698 11
13668 13598 11
13738 13668 11
13808 13738 11
13878 13808 11
13948 13878 11
14018 13948 11
14088 14018 11
14158 14088 11
14211 14212 11
14212 14213 11
14213 14214 11
14214 14215 11
14215 14216 11
14216 14217 11
14217 14218 11
14218 14219 11
14219 14220 11
14220 14221 11
14221 14222 11
14222 14223 11
14223 14224 11
14224 14225 11
14225 14226 11
14226 14227 11
14227 14228 11
14228 14158 11
4119 4120 12
4120 4121 12
4121 4122 12
4122 4123 12
4123 4124 12
4124 4125 12
4125 4126 12
4126 4127 12
4127 4128 12
4128 4129 12
4129 4130 12
9019 4119 12
9086 9087 12
9087 9088 12
9088 9089 12
9089 9019 12
9156 9086 12
9226 9156 12
9296 9226 12
9365 9366 12
9366 9296 12
9435 9365 12
9502 9503 12
9503 9504 12
9504 9505 12
9505 9435 12
4738 4739 12
4739 4740 12
4740 4741 12
4741 4742 12
4742 9642 12
9572 9502 12
4807 4808 12
4808 4738 12
9642 9572 12
4872 4873 12
4873 4874 12
4874 4875 12
4875 4876 12
4876 4877 12
4877 4807 12
138  68 13
5037 5038 13
5038 138 13
5107 5037 13
5177 5107 13
5247 5177 13
5317 5247 13
5387 5317 13
5457 5387 13
5527 5457 13
5597 5527 13
5667 5597 13
5737 5667 13
5807 5737 13
5947 10847 13
6017 5947 13
6087 6017 13
6157 6087 13
6227 6157 13
6297 6227 13
6367 6297 13
6437 6367 13
6507 6437 13
6577 6507 13
6647 6577 13
6717 6647 13
6787 6717 13
6857 6787 13
6927 6857 13
6997 6927 13
7067 6997 13
7137 7067 13
7207 7137 13
7277 7207 13
7347 7277 13
7417 7347 13
7487 7417 13
7557 7487 13
7627 7557 13
7697 7627 13
7767 7697 13
7837 7767 13
7907 7837 13
7977 7907 13
8047 7977 13
8117 8047 13
8187 8117 13
8257 8187 13
8327 8257 13
8397 8327 13
8467 8397 13
8537 8467 13
8607 8537 13
8677 8607 13
8747 8677 13
8817 8747 13
8887 8817 13
8957 8887 13
9027 8957 13
9097 9027 13
9167 9097 13
9237 9167 13
9307 9237 13
9377 9307 13
9447 9377 13
9517 9447 13
9587 9517 13
9657 9587 13
4880 4881 13
4881 4882 13
4882 4883 13
4883 4884 13
4884 4885 13
4885 4886 13
4886 4887 13
4887 4888 13
4888 9788 13
9720 9721 13
9721 9722 13
9722 9723 13
9723 9724 13
9724 9725 13
9725 9726 13
9726 9727 13
9727 9657 13
9788 9789 13
9789 9790 13
9790 9720 13
10707 5807 13
10777 10707 13
10847 10777 13
140  70 14
210 140 14
280 210 14
350 280 14
420 350 14
490 420 14
560 490 14
629 630 14
630 560 14
699 629 14
769 699 14
836 837 14
837 838 14
838 839 14
839 769 14
5736 836 14
5802 5803 14
5803 5804 14
5804 5805 14
5805 5806 14
5806 5736 14
2801 7701 14
7701 12601 14
10702 5802 14
10772 10702 14
10842 10772 14
10912 10842 14
10982 10912 14
11052 10982 14
11122 11052 14
11192 11122 14
11262 11192 14
11332 11262 14
11402 11332 14
11472 11402 14
11542 11472 14
11612 11542 14
11682 11612 14
11752 11682 14
11822 11752 14
11892 11822 14
11962 11892 14
12032 11962 14
12102 12032 14
12172 12102 14
12242 12172 14
12312 12242 14
12382 12312 14
12452 12382 14
12522 12452 14
12592 12522 14
12601 12602 14
12602 12603 14
12603 12604 14
12604 12605 14
12605 12606 14
12606 12607 14
12607 12608 14
12608 12609 14
12609 12610 14
12610 12611 14
12611 12612 14
12612 12613 14
12613 12614 14
12614 12615 14
12615 12616 14
12616 12617 14
12617 12618 14
12618 12619 14
12619 12620 14
12620 12621 14
12621 12622 14
12622 12623 14
12623 12624 14
12624 12625 14
12625 12626 14
12626 12627 14
12627 12628 14
12628 12629 14
12629 12630 14
12630 12631 14
12631 12632 14
12632 12633 14
12633 12634 14
12634 12635 14
12635 12636 14
12636 12637 14
12637 12638 14
12638 12639 14
12639 12640 14
12640 12641 14
12641 12642 14
12642 12643 14
12643 12644 14
12644 12645 14
12645 12646 14
12646 12647 14
12647 12648 14
12648 12649 14
12649 12650 14
12650 12651 14
12651 12652 14
12652 12653 14
12653 12654 14
12654 12655 14
12655 12656 14
12656 12657 14
12657 12658 14
12658 12659 14
12659 12660 14
12660 12661 14
12661 12662 14
12662 12592 14
 15 4915 15
4915 4916 15
4916 4917 15
4917 4918 15
4918 4919 15
4919 4920 15
4920 4921 15
4921 4922 15
4922 4923 15
4923 4924 15
4924 4925 15
4925 4926 15
4926 4927 15
4927 4928 15
4928 4929 15
4929 4930 15
4930 4931 15
4931 4932 15
4932 4933 15
4933 4934 15
4934 4935 15
4935 5005 15
118 119 15
119 120 15
 51  52 15
120 121 15
 52  53 15
121  51 15
 53  54 15
 54  55 15
 55  56 15
 56  57 15
 57  58 15
 58  59 15
 59  60 15
 60  61 15
 61  62 15
 62  63 15
 63  64 15
 64  65 15
5005 5006 15
5006 5007 15
5007 5008 15
5008 5009 15
5009 5010 15
5010 5011 15
5011 5012 15
5012 5013 15
5013 5014 15
5014 5015 15
5015 5016 15
5016 5017 15
5017 5018 15
5018 118 15
8681 3781 16
4830 9730 16
9730 14630 16
13581 8681 16
13582 13581 16
14630 19530 16
18482 13582 16
18483 18482 16
18484 18483 16
18485 18484 16
18486 18485 16
18487 18486 16
18488 18487 16
18489 18488 16
18490 18489 16
18491 18490 16
18492 18491 16
18493 18492 16
18494 18493 16
18495 18494 16
18496 18495 16
18497 18496 16
18498 18497 16
18499 18498 16
18500 18499 16
18501 18500 16
18502 18501 16
18503 18502 16
18504 18503 16
18505 18504 16
18506 18505 16
18507 18506 16
18508 18507 16
18509 18508 16
18510 18509 16
18511 18510 16
18512 18511 16
18513 18512 16
18514 18513 16
18515 18514 16
18516 18515 16
18517 18516 16
18518 18517 16
18519 18518 16
18520 18519 16
18521 18520 16
18522 18521 16
18523 18522 16
18524 18523 16
18525 18524 16
18526 18525 16
18527 18526 16
18528 18527 16
18529 18528 16
18530 18529 16
18531 18530 16
18601 18531 16
18602 18601 16
18603 18602 16
18604 18603 16
18605 18604 16
18606 18605 16
18607 18606 16
18608 18607 16
18609 18608 16
18610 18609 16
18611 18610 16
18612 18611 16
18613 18612 16
18683 18613 16
18753 18683 16
18823 18753 16
18824 18823 16
18825 18824 16
18826 18825 16
18827 18826 16
18828 18827 16
18829 18828 16
18899 18829 16
18969 18899 16
19039 18969 16
19109 19039 16
19179 19109 16
19249 19179 16
19319 19249 16
19389 19319 16
19390 19389 16
19460 19390 16
19530 19460 16
