# Cost: 1554

# Tail Head Net
 34  35 1
 35  36 1
 94  34 1
 36  37 1
 37  38 1
 38  39 1
 39  40 1
 40  41 1
 41  42 1
 42  43 1
154  94 1
214 154 1
274 214 1
334 274 1
394 334 1
453 454 1
454 394 1
513 453 1
573 513 1
633 573 1
692 693 1
693 633 1
752 692 1
812 752 1
872 812 1
932 872 1
992 932 1
1052 992 1
1112 1052 1
1172 1112 1
1232 1172 1
1292 1232 1
1352 1292 1
1411 1412 1
1412 1352 1
1470 1471 1
1471 1411 1
1529 1530 1
1530 1470 1
1588 1589 1
1589 1529 1
1641 1642 1
1642 1643 1
1643 1644 1
1644 1645 1
1645 1646 1
1646 1647 1
1647 1648 1
1648 1588 1
1700 1701 1
1701 1641 1
1760 1700 1
1818 1819 1
1819 1820 1
1820 1760 1
1878 1818 1
1938 1878 1
1985 1986 1
1986 1987 1
1987 1988 1
1988 1989 1
1989 1990 1
1990 1991 1
1991 1992 1
1992 1993 1
1993 1994 1
1994 1995 1
1995 1996 1
1996 1997 1
1997 1998 1
1997 2057 1
1998 1938 1
2041 2042 1
2042 2043 1
2043 2044 1
2044 2045 1
2045 1985 1
2057 2117 1
2117 2118 1
2118 2119 1
2119 2179 1
2179 2239 1
2239 2299 1
2299 2359 1
2359 2419 1
2419 2479 1
2479 2539 1
2539 2599 1
2599 2600 1
2599 2659 1
2600 2601 1
2601 2602 1
2602 2603 1
2603 2604 1
2604 2605 1
2605 2606 1
2606 2607 1
2607 2608 1
2608 2609 1
2609 2610 1
2610 2611 1
2611 2612 1
2612 2613 1
2613 6213 1
2624 2625 1
2625 2626 1
2626 2627 1
2627 2628 1
2628 2629 1
2629 2630 1
2630 2631 1
2631 2632 1
2632 2633 1
2633 2634 1
2634 2635 1
2635 2636 1
2636 2637 1
2637 2638 1
2638 2639 1
2639 2640 1
2659 2719 1
6213 6214 1
6214 6215 1
6215 6216 1
6216 6217 1
6217 6218 1
6218 6219 1
6219 6220 1
6220 6221 1
6221 6222 1
6222 6223 1
6223 6224 1
6224 2624 1
2719 2779 1
2779 2839 1
2839 2899 1
2899 2959 1
2959 3019 1
3019 3079 1
3079 3139 1
3139 3199 1
3199 3259 1
3259 3319 1
3319 3379 1
3379 3439 1
3439 3499 1
3499 3559 1
540 480 2
600 540 2
660 600 2
720 660 2
780 720 2
840 780 2
900 840 2
4500 900 2
4560 4500 2
4620 4560 2
4680 4620 2
4740 4680 2
4800 4740 2
4860 4800 2
4861 1261 2
4903 8503 2
4904 4903 2
4905 4904 2
4906 4905 2
4907 4906 2
4908 4907 2
4909 4908 2
4910 4909 2
4911 4910 2
4912 4911 2
4913 4912 2
4914 4913 2
4915 4914 2
4916 4915 2
4917 4916 2
4918 4917 2
4919 4918 2
4920 4860 2
4920 4919 2
4980 4920 2
5040 4980 2
5100 5040 2
5160 5100 2
5220 5160 2
5280 5220 2
5340 5280 2
5400 5340 2
5460 5400 2
5520 5460 2
5580 5520 2
5640 5580 2
5700 5640 2
5760 5700 2
5820 5760 2
5880 5820 2
5940 5880 2
6000 5940 2
6060 6000 2
6120 6060 2
6180 6120 2
2700 6300 2
6240 6180 2
2760 2700 2
6300 6240 2
2820 2760 2
2880 2820 2
2940 2880 2
3000 2940 2
3060 3000 2
3120 3060 2
3180 3120 2
3240 3180 2
3291 3351 2
3292 3291 2
3293 3292 2
3294 3293 2
3295 3294 2
3296 3295 2
3297 3296 2
3298 3297 2
3299 3298 2
3300 3240 2
3300 3299 2
3351 3411 2
3411 3471 2
3471 3531 2
3531 3591 2
8461 4861 2
8462 8461 2
8463 8462 2
8464 8463 2
8465 8464 2
8466 8465 2
8467 8466 2
8468 8467 2
8469 8468 2
8470 8469 2
8471 8470 2
8472 8471 2
8473 8472 2
8474 8473 2
8475 8474 2
8476 8475 2
8477 8476 2
8478 8477 2
8479 8478 2
8480 8479 2
8481 8480 2
8482 8481 2
8492 8491 2
8493 8492 2
8494 8493 2
8495 8494 2
8496 8495 2
8497 8496 2
8498 8497 2
8499 8498 2
8500 8499 2
8501 8500 2
8502 8501 2
8503 8502 2
8483 8482 2
8484 8483 2
8485 8484 2
8486 8485 2
8487 8486 2
8488 8487 2
8489 8488 2
8490 8489 2
8491 8490 2
101 102 3
102 103 3
103 104 3
104 105 3
 46  47 3
105 106 3
 47  48 3
106  46 3
 48  49 3
 49  50 3
 50  51 3
 51  52 3
 52  53 3
 53  54 3
 54  55 3
 55 115 3
115 116 3
116 117 3
117 118 3
118 119 3
119  59 3
161 101 3
221 161 3
281 221 3
341 281 3
401 341 3
461 401 3
521 461 3
581 521 3
582 581 3
642 582 3
702 642 3
762 702 3
822 762 3
882 822 3
942 882 3
1002 942 3
1061 1062 3
1062 1002 3
1121 1061 3
1181 1121 3
1241 1181 3
1301 1241 3
1301 1302 3
1302 1303 3
1303 1304 3
1304 1305 3
1305 1306 3
1306 1307 3
1307 1308 3
1308 1309 3
1309 1310 3
1310 1311 3
1311 1312 3
1312 1313 3
1313 1373 3
1361 1301 3
1373 1374 3
1374 1375 3
1375 1376 3
1376 1377 3
1377 1378 3
1378 1379 3
1379 1380 3
1421 1361 3
1481 1421 3
1541 1481 3
1601 1541 3
1660 1661 3
1661 1601 3
1720 1660 3
1780 1720 3
1840 1780 3
1900 1840 3
1960 1900 3
2020 1960 3
2080 2020 3
2140 2080 3
2200 2140 3
2260 2200 3
2320 2260 3
2380 2320 3
2440 2380 3
2500 2440 3
2560 2500 3
2620 2560 3
2680 2620 3
2740 2680 3
2800 2740 3
2860 2800 3
2920 2860 3
2980 2920 3
3040 2980 3
3100 3040 3
3122 3121 3
3123 3122 3
3160 3100 3
3183 3123 3
3158 3159 3
3159 3160 3
3218 3158 3
3243 3183 3
3244 3243 3
3245 3244 3
3246 3245 3
3278 3218 3
3306 3246 3
3320 6920 3
3321 3320 3
3322 3321 3
3323 3322 3
3324 3323 3
3325 3324 3
3326 3325 3
3327 3326 3
3328 3327 3
3329 3328 3
3330 3329 3
3331 3330 3
3332 3331 3
3333 3332 3
3334 3333 3
3335 3334 3
3336 3335 3
3337 3336 3
3338 3278 3
3338 3337 3
6906 3306 3
6907 6906 3
6908 6907 3
6909 6908 3
6910 6909 3
6911 6910 3
6912 6911 3
6913 6912 3
6914 6913 3
6915 6914 3
6916 6915 3
6917 6916 3
6918 6917 3
6919 6918 3
6920 6919 3
3398 3338 3
3458 3398 3
3518 3458 3
3578 3518 3
 68  69 4
 69   9 4
128  68 4
188 128 4
248 188 4
308 248 4
368 308 4
428 368 4
488 428 4
548 488 4
608 548 4
668 608 4
728 668 4
788 728 4
848 788 4
908 848 4
961 901 4
968 908 4
1021 961 4
1022 1021 4
1023 1022 4
1024 1023 4
1025 1024 4
1026 1025 4
1027 1026 4
1028 968 4
1028 1027 4
1029 1028 4
1030 1029 4
1031 1030 4
1091 1031 4
1151 1091 4
1211 1151 4
1212 1211 4
1213 1212 4
1273 1213 4
1333 1273 4
1393 1333 4
1453 1393 4
1513 1453 4
1573 1513 4
1633 1573 4
1693 1633 4
1753 1693 4
1813 1753 4
1873 1813 4
1933 1873 4
5533 1933 4
5593 5533 4
5653 5593 4
5713 5653 4
5773 5713 4
5833 5773 4
5893 5833 4
5953 5893 4
6013 5953 4
6014 6013 4
2534 6134 4
6074 6014 4
2594 2534 4
6134 6074 4
2654 2594 4
2714 2654 4
2774 2714 4
2834 2774 4
2894 2834 4
2954 2894 4
3014 2954 4
3074 3014 4
3134 3074 4
3194 3134 4
3254 3194 4
3314 3254 4
3374 3314 4
3375 3374 4
3435 3375 4
3495 3435 4
3554 3553 4
3555 3495 4
3555 3554 4
3556 3555 4
3557 3556 4
3558 3557 4
3560 7160 4
7158 3558 4
7159 7158 4
7160 7159 4
3643 3644 5
3644 3645 5
3645  45 5
3703 3643 5
3762 3763 5
3763 3703 5
3817 3818 5
3818 3819 5
3819 3820 5
3820 3821 5
3821 3822 5
3822 3762 5
3858 3859 5
3859 3860 5
3860 3861 5
3861 3862 5
3862 3863 5
3863 3864 5
3864 3865 5
3865 3866 5
3866 3867 5
3867 3868 5
3868 3869 5
3869 3870 5
3870 3871 5
3871 3872 5
3872 3873 5
3873 3874 5
3874 3875 5
3875 3876 5
3876 3877 5
3877 3817 5
361 3961 5
3917 3918 5
3918 3858 5
3961 4021 5
3964 3965 5
3965 3966 5
3966 3967 5
3967 3968 5
3968 3969 5
3969 3970 5
3970 3971 5
3971 3972 5
3972 3973 5
3973 3974 5
3974 3975 5
3975 3976 5
3976 3977 5
3977 3917 5
4021 4022 5
4022 4023 5
4022 4082 5
4023 4024 5
4024 3964 5
4082 4142 5
4142 4202 5
4202 4262 5
4262 4322 5
4322 4382 5
4382 4442 5
4442 4502 5
4502 4562 5
4562 4622 5
4622 4682 5
4682 4742 5
4742 4802 5
4802 4862 5
4862 4922 5
4922 4982 5
4982 5042 5
5042 5102 5
5102 5162 5
5162 5222 5
5222 5282 5
5282 5342 5
5342 5402 5
5402 5462 5
5462 5522 5
5521 1921 5
5521 5581 5
5522 5521 5
5581 5641 5
5641 5701 5
5701 5761 5
2221 2281 5
5761 5821 5
2281 2341 5
5821 2221 5
2341 2401 5
3603   3 6
3604 3603 6
3605 3604 6
3606 3605 6
3607 3606 6
3608 3607 6
 10 3610 6
3609 3608 6
 11  10 6
3610 3609 6
 12  11 6
 13  12 6
 14  13 6
 14  15 6
 15  16 6
 16  17 6
 17  18 6
 18  19 6
 19  79 6
 79 139 6
139 199 6
199 259 6
259 260 6
260 320 6
320 380 6
380 440 6
440 500 6
500 560 6
560 561 6
561 562 6
562 622 6
622 623 6
623 683 6
683 684 6
684 685 6
685 686 6
686 687 6
687 688 6
688 689 6
689 749 6
749 809 6
809 810 6
810 811 6
811 4411 6
4411 4412 6
4412 4413 6
4413 4473 6
4473 4533 6
4533 4593 6
4593 4653 6
4653 4713 6
4713 4773 6
4773 4833 6
4833 4893 6
4893 4953 6
4953 5013 6
5013 5073 6
5073 5133 6
5133 5193 6
5193 5253 6
5253 5313 6
5313 5373 6
5373 5433 6
5433 5493 6
5493 5553 6
5553 5613 6
5613 5673 6
5673 5733 6
5733 5793 6
5793 5853 6
5853 5854 6
5854 5914 6
5914 5974 6
2381 2441 6
5974 5975 6
5975 5976 6
5976 5977 6
5977 5978 6
5978 5979 6
5979 5980 6
5980 5981 6
2441 2501 6
5981 2381 6
2501 2561 6
2561 2621 6
2621 2681 6
2681 2741 6
2741 2801 6
2801 2861 6
2861 2921 6
2921 2981 6
2981 3041 6
3041 3101 6
3101 3161 6
3161 3221 6
3221 3281 6
3281 3341 6
3341 3401 6
3401 3461 6
3461 3462 6
3462 3463 6
3463 3464 6
3464 3465 6
3465 3466 6
3466 3526 6
3526 3527 6
3527 3587 6
 67   7 7
127  67 7
187 127 7
247 187 7
307 247 7
367 307 7
427 367 7
4027 427 7
4087 4027 7
4147 4087 7
4147 4207 7
4148 4147 7
4149 4148 7
4150 4149 7
4151 4150 7
4152 4151 7
4153 4152 7
4207 4267 7
4213 4153 7
4214 4213 7
4215 4214 7
4216 4215 7
4217 4216 7
4218 4217 7
4219 4218 7
4220 4219 7
4221 4220 7
4222 4221 7
4223 4222 7
4224 4223 7
4267 4327 7
4284 4224 7
4285 4284 7
4286 4285 7
4287 4286 7
4288 4287 7
4289 4288 7
4290 4289 7
4291 4290 7
4292 4291 7
4327 4387 7
4352 4292 7
4353 4352 7
4354 4353 7
4355 4354 7
4387 4447 7
4415 4355 7
4447 4507 7
4475 4415 7
4476 4475 7
4507 4567 7
4536 4476 7
4567 4627 7
4596 4536 7
4627 4687 7
4656 4596 7
4687 4747 7
4716 4656 7
4747 4807 7
4776 4716 7
4807 4867 7
4836 4776 7
4867 4927 7
4896 4836 7
4927 4987 7
4956 4896 7
4957 4956 7
4958 4957 7
4987 5047 7
5018 4958 7
5019 5018 7
5020 5019 7
5021 5020 7
5022 5021 7
5023 5022 7
5024 5023 7
5025 5024 7
5026 5025 7
5046 5106 7
5047 5046 7
5086 5026 7
5106 5166 7
5146 5086 7
5147 5146 7
5165 5225 7
5166 5165 7
5207 5147 7
5208 5207 7
5209 5208 7
1670 5270 7
1671 1670 7
1672 1671 7
5225 5285 7
5269 5209 7
5270 5269 7
1732 1672 7
1733 1732 7
1734 1733 7
1735 1734 7
1736 1735 7
1737 1736 7
1738 1737 7
1739 1738 7
5285 5345 7
1799 1739 7
1800 1799 7
5345 5405 7
1860 1800 7
5405 5465 7
1920 1860 7
5463 5523 7
5464 5463 7
5465 5464 7
1980 1920 7
5523 5583 7
2040 1980 7
5583 5643 7
2100 2040 7
2103 2163 7
5643 5703 7
2160 2100 7
2163 2223 7
5703 2103 7
2220 2160 7
2223 2283 7
2280 2220 7
2280 2340 7
2282 2342 7
2283 2282 7
2340 2400 7
2342 2402 7
2400 2460 7
2402 2462 7
2460 2520 7
2461 2521 7
2462 2461 7
2519 2579 7
2520 2519 7
2521 2581 7
2579 6179 7
2581 2641 7
6179 6239 7
2641 2701 7
6239 6299 7
2701 2761 7
6297 6357 7
6298 6297 7
6299 6298 7
6357 6417 7
6417 6477 7
6477 6537 7
6537 6597 7
6597 6657 7
6657 6717 7
6717 6777 7
6777 6837 7
6837 6897 7
6897 6957 7
6957 7017 7
7017 7077 7
3536 3596 7
3537 3536 7
7077 7137 7
7137 3537 7
781 721 8
841 781 8
4441 841 8
4501 4441 8
4561 4501 8
1081 4681 8
4621 4561 8
1082 1081 8
4681 4621 8
1142 1082 8
1202 1142 8
1262 1202 8
1322 1262 8
1382 1322 8
1442 1382 8
1502 1442 8
1562 1502 8
1622 1562 8
1682 1622 8
1742 1682 8
1802 1742 8
1862 1802 8
1922 1862 8
1982 1922 8
5582 1982 8
5642 5582 8
5702 5642 8
5762 5702 8
5822 5762 8
5882 5822 8
5942 5882 8
6002 5942 8
6062 6002 8
6122 6062 8
6182 6122 8
6242 6182 8
6302 6242 8
6362 6302 8
6422 6362 8
6482 6422 8
6542 6482 8
3062 3061 8
6602 6542 8
6662 3062 8
6662 6602 8
6722 6662 8
6782 6722 8
6783 6782 8
6784 6783 8
6785 6784 8
6845 6785 8
6905 6845 8
6965 6905 8
6966 6965 8
7026 6966 8
7027 7026 8
7028 7027 8
7029 7028 8
7030 7029 8
7031 7030 8
7032 7031 8
7033 7032 8
7034 7033 8
7035 7034 8
7036 7035 8
7037 7036 8
7038 7037 8
7039 7038 8
7040 7039 8
7041 7040 8
7042 7041 8
7043 7042 8
7044 7043 8
7045 7044 8
7046 7045 8
7047 7046 8
7048 7047 8
7049 7048 8
7050 7049 8
7051 7050 8
7052 7051 8
7053 7052 8
7054 7053 8
7055 7054 8
7056 7055 8
7057 7056 8
7058 7057 8
7059 7058 8
7060 7059 8
3528 7128 8
7120 7060 8
7121 7120 8
7122 7121 8
7123 7122 8
7124 7123 8
7125 7124 8
7126 7125 8
7127 7126 8
3588 3528 8
7128 7127 8
3589 3588 8
1499 5099 9
1500 1499 9
5099 5159 9
5159 5219 9
5219 5279 9
5279 5339 9
5339 5399 9
5399 5459 9
5459 5519 9
5518 5578 9
5519 5518 9
5569 5629 9
5570 5569 9
5571 5570 9
5572 5571 9
5573 5572 9
5574 5573 9
5575 5574 9
5576 5575 9
5577 5576 9
5578 5577 9
5629 5689 9
5689 5749 9
5749 5809 9
5809 5869 9
5869 5929 9
5929 5989 9
5989 6049 9
6049 6109 9
6109 6169 9
6169 6229 9
6229 6289 9
6289 6349 9
6349 6409 9
6409 6469 9
6469 6529 9
6529 6589 9
6589 6649 9
6649 6709 9
6709 6769 9
6769 6829 9
6829 6889 9
6889 6949 9
6949 7009 9
7009 7069 9
3492 3552 9
3493 3492 9
3494 3493 9
7069 7129 9
3547 3546 9
3548 3547 9
3549 3548 9
3550 3549 9
3551 3550 9
3552 3551 9
7094 3494 9
7095 7094 9
7096 7095 9
7097 7096 9
7098 7097 9
7099 7098 9
7100 7099 9
7101 7100 9
7102 7101 9
7103 7102 9
7104 7103 9
7105 7104 9
7106 7105 9
7107 7106 9
7108 7107 9
7109 7108 9
7110 7109 9
7111 7110 9
7112 7111 9
7113 7112 9
7114 7113 9
7115 7114 9
7116 7115 9
7117 7116 9
7118 7117 9
7119 7118 9
7129 7189 9
7179 7119 9
7180 7179 9
7181 7180 9
7182 7181 9
7183 7182 9
7184 7183 9
7185 3585 9
7185 7184 9
7186 7185 9
7187 7186 9
7188 7187 9
7189 7188 9
 89  29 10
149  89 10
209 149 10
269 209 10
329 269 10
389 329 10
449 389 10
509 449 10
569 509 10
629 569 10
630 629 10
690 630 10
750 690 10
4350 750 10
4410 4350 10
4470 4410 10
4471 4470 10
4472 4471 10
4532 4472 10
4592 4532 10
4652 4592 10
4712 4652 10
4772 4712 10
4832 4772 10
4892 4832 10
4952 4892 10
5012 4952 10
1501 5101 10
5072 5012 10
5101 8701 10
5132 5072 10
1606 1607 10
1607 1608 10
1608 1609 10
1609 1610 10
1610 1611 10
1611 1612 10
1612 1613 10
1613 1614 10
1614 1615 10
1615 1616 10
1616 1617 10
1617 1618 10
1618 1619 10
1619 1620 10
5206 1606 10
8701 8702 10
8702 8703 10
8703 8704 10
8704 8705 10
8705 8706 10
8706 8707 10
8707 8708 10
8708 8709 10
8709 8710 10
8710 8711 10
8711 8712 10
8712 8713 10
8713 8714 10
8714 8715 10
8715 8716 10
8716 8717 10
8717 8718 10
8718 8719 10
8719 8720 10
8720 8721 10
8721 8722 10
8722 8723 10
8732 5132 10
8732 8792 10
8792 8793 10
8793 8794 10
8794 8795 10
8795 8796 10
8796 8797 10
8797 8798 10
8798 8799 10
8799 8800 10
8800 8801 10
8801 8802 10
8802 8803 10
8803 8804 10
8804 8805 10
8805 8806 10
8806 5206 10
8723 8724 10
8724 8725 10
8725 8726 10
8726 8727 10
8727 8728 10
8728 8729 10
8729 8730 10
8730 8731 10
8731 8732 10
 31  32 11
 32 3632 11
3632 3633 11
3633 3634 11
3634 3635 11
 95  96 11
3635 3695 11
 96  97 11
 97  98 11
 98  99 11
 99 159 11
3695  95 11
159 219 11
219 279 11
279 339 11
339 399 11
399 459 11
459 519 11
519 579 11
579 639 11
639 699 11
699 759 11
759 819 11
819 879 11
879 939 11
939 999 11
999 1059 11
1059 1119 11
1119 1179 11
1179 1239 11
1239 1299 11
1299 1359 11
1359 1419 11
1419 1479 11
1479 1539 11
1539 1599 11
1599 1659 11
1659 1719 11
1719 1779 11
1779 1839 11
1839 1899 11
1899 1959 11
1959 2019 11
2019 2079 11
2079 2139 11
2139 2199 11
2199 2259 11
2259 2319 11
2319 2379 11
2379 2439 11
2439 2499 11
2499 6099 11
6099 6159 11
6159 9759 11
6279 6339 11
6339 6399 11
6399 6459 11
6459 6519 11
6519 6579 11
6579 6639 11
6639 6699 11
6699 6759 11
3219 3220 11
6759 6819 11
3220 3280 11
6819 3219 11
3280 3340 11
3340 3400 11
3400 3460 11
3460 3520 11
3520 3580 11
9759 9819 11
9819 9879 11
9879 6279 11
121 122 12
122 182 12
182 242 12
242 302 12
302 303 12
303 304 12
304 305 12
305 306 12
306 3906 12
3906 3907 12
3907 3908 12
3908 3909 12
3909 3910 12
3910 3911 12
3911 3912 12
3912 3913 12
3913 3914 12
3914 3915 12
3915 7515 12
6113 6173 12
6173 6233 12
6233 6234 12
6234 6294 12
6294 6295 12
6295 6355 12
6355 6356 12
6356 6416 12
6416 6476 12
6476 6536 12
6536 6596 12
6596 6656 12
6656 6716 12
6716 6776 12
6776 6836 12
6836 6896 12
3356 3357 12
6896 6956 12
3357 3358 12
3358 3359 12
3359 3419 12
6956 3356 12
3419 3479 12
3479 3480 12
7515 7516 12
7516 7517 12
7517 7518 12
7518 7519 12
7519 7520 12
7520 7521 12
7521 7522 12
7522 7523 12
7523 7524 12
7524 7584 12
7584 7644 12
7644 7704 12
7704 7764 12
7764 7824 12
7824 7825 12
7825 7885 12
7885 7945 12
7945 7946 12
7946 8006 12
8006 8066 12
8066 8067 12
8067 8127 12
8312 8313 12
8313 8373 12
8373 8374 12
8374 8375 12
8375 8376 12
8376 8377 12
8377 8378 12
8378 8379 12
8379 8380 12
8380 8381 12
8381 8382 12
8382 8383 12
8383 8384 12
8384 8385 12
8385 8386 12
8386 8387 12
8387 8388 12
8388 8448 12
8448 8449 12
8449 8509 12
8509 8569 12
8569 8570 12
8570 8630 12
8630 8690 12
8690 8750 12
8750 8810 12
8810 8870 12
8870 8930 12
8930 8990 12
8990 9050 12
9050 9110 12
9110 9111 12
9111 9171 12
9171 9231 12
9231 9291 12
9291 9292 12
9292 9352 12
9352 9412 12
9412 9472 12
9472 9532 12
9532 9533 12
9533 9593 12
9593 9653 12
9653 9713 12
9713 6113 12
8127 8128 12
8128 8129 12
8129 8189 12
8189 8190 12
8190 8191 12
8191 8251 12
8251 8311 12
8311 8312 12
3565 3564 13
3566 3565 13
3567 3566 13
3568 3567 13
3569 3568 13
3570 3569 13
3571 3570 13
3572 3571 13
3573 3572 13
3574 3573 13
3601   1 14
3602 3601 14
4761 8361 14
4762 4761 14
4822 4762 14
4882 4822 14
4942 4882 14
5002 4942 14
5062 5002 14
5122 5062 14
5182 5122 14
5242 5182 14
5302 5242 14
5362 5302 14
5422 5362 14
5482 5422 14
5542 5482 14
5602 5542 14
5662 5602 14
5722 5662 14
5782 5722 14
5842 5782 14
5902 5842 14
5962 5902 14
6022 5962 14
6082 6022 14
6142 6082 14
6202 6142 14
6262 6202 14
6322 6262 14
6382 6322 14
6442 6382 14
6502 6442 14
6562 6502 14
6622 6562 14
6682 6622 14
6742 6682 14
6802 6742 14
6862 6802 14
3382 6982 14
6922 6862 14
3442 3382 14
6982 6922 14
3502 3442 14
3562 3502 14
3563 3562 14
7202 3602 14
7203 7202 14
7204 7203 14
7205 7204 14
7206 7205 14
7207 7206 14
7208 7207 14
7209 7208 14
7210 7209 14
7211 7210 14
7212 7211 14
7213 7212 14
7214 7213 14
7274 7214 14
7334 7274 14
7394 7334 14
7454 7394 14
7514 7454 14
7574 7514 14
7575 7574 14
7576 7575 14
7577 7576 14
7578 7577 14
7579 7578 14
7639 7579 14
7640 7639 14
7700 7640 14
7701 7700 14
7761 7701 14
7821 7761 14
7881 7821 14
7941 7881 14
8001 7941 14
8061 8001 14
8121 8061 14
8181 8121 14
8241 8181 14
8301 8241 14
8361 8301 14
1441 1381 15
1558 1559 16
1559 1560 16
5158 1558 16
5217 5218 16
5218 5158 16
5277 5217 16
5335 5336 16
5336 5337 16
5337 5277 16
5393 5394 16
5394 5395 16
5395 5335 16
5452 5453 16
5453 5393 16
5508 5509 16
5509 5510 16
5510 5511 16
5511 5512 16
5512 5452 16
5568 5508 16
5628 5568 16
5688 5628 16
5748 5688 16
5808 5748 16
5866 5867 16
5867 5868 16
5868 5808 16
5926 5866 16
5986 5926 16
6046 5986 16
6106 6046 16
6165 6166 16
6166 6106 16
6225 6165 16
6281 6282 16
6282 6283 16
6283 6284 16
6284 6285 16
6285 6225 16
6341 6281 16
6400 6401 16
6401 6341 16
6460 6400 16
6520 6460 16
6580 6520 16
6640 6580 16
6700 6640 16
6760 6700 16
6820 6760 16
6878 6879 16
6879 6880 16
6880 6820 16
3397 6997 16
6938 6878 16
3457 3397 16
6997 6998 16
6998 6938 16
3517 3457 16
3577 3517 16
1140 1200 17
1199 1259 17
1200 1199 17
1259 4859 17
4859 8459 17
6413 6473 17
6473 6533 17
6533 6593 17
6593 6653 17
6653 6713 17
6713 6773 17
6773 6833 17
6833 6893 17
3353 3413 17
6893 6953 17
3413 3473 17
6953 3353 17
3473 3533 17
3533 3593 17
8459 8519 17
8519 8579 17
8579 8639 17
8639 8699 17
8699 8759 17
8759 8819 17
8819 8879 17
8879 8939 17
8939 8999 17
8999 9059 17
9059 9119 17
9119 9179 17
9179 9239 17
9239 9299 17
9299 9359 17
9359 9419 17
9418 9478 17
9419 9418 17
9475 9535 17
9476 9475 17
9477 9476 17
9478 9477 17
9535 9595 17
9594 9654 17
9595 9594 17
9654 9714 17
9714 9774 17
9774 9834 17
9834 9894 17
9893 9953 17
9894 9893 17
9953 10013 17
10013 6413 17
