# Cost: 1229

# Tail Head Net
4591 4681 1
4681 4771 1
4771 4861 1
4861 4951 1
4951 5041 1
5041 5131 1
5131 5221 1
5221 5311 1
5311 5312 1
5311 5401 1
5312 5313 1
5313 5314 1
5314 5315 1
5315 5316 1
5316 5317 1
5317 5318 1
5318 5319 1
5319 5320 1
5320 5321 1
5321 5322 1
5322 5323 1
5323 5324 1
5324 5325 1
5325 5326 1
5326 5327 1
5327 5328 1
5328 5329 1
5329 5330 1
5330 5331 1
5331 5332 1
5332 5333 1
5333 5334 1
5334 5335 1
5335 5336 1
5336 5337 1
5337 5338 1
5338 5339 1
5339 5340 1
5340 5341 1
5341 5342 1
5342 5343 1
5343 5344 1
5344 5345 1
5345 5346 1
5346 5347 1
5347 5348 1
5348 5349 1
5349 5350 1
5350 5351 1
5351 5352 1
5352 5353 1
5353 5354 1
5354 5355 1
5355 5356 1
5356 5357 1
5357 5358 1
5358 5359 1
5359 5360 1
5360 5361 1
5361 5362 1
5362 5363 1
5363 5364 1
5364 5365 1
5365 5366 1
5366 5367 1
5367 5368 1
5368 5369 1
5369 5370 1
5370 5371 1
5371 5372 1
5372 5373 1
5373 5374 1
5374 5375 1
5375 5376 1
5376 5377 1
5377 5378 1
5378 5379 1
5379 5380 1
5380 5381 1
5381 5382 1
5382 5383 1
5383 5384 1
5384 5385 1
5385 5386 1
5386 5387 1
5387 5388 1
5388 5389 1
5389 5390 1
5390 5391 1
5391 5392 1
5392 5393 1
5393 5394 1
5394 5395 1
5395 5396 1
5396 5397 1
5397 5398 1
5398 5399 1
5399 5400 1
5401 5491 1
5491 5581 1
5581 5671 1
5671 5761 1
5761 5851 1
5851 5941 1
5941 6031 1
6031 6121 1
6121 6211 1
6211 6301 1
6301 6391 1
6391 6481 1
6481 6571 1
6571 6661 1
6661 6751 1
6751 6841 1
6841 6931 1
6931 7021 1
7021 7111 1
7111 7201 1
7201 7291 1
7291 7381 1
7381 7471 1
7471 7561 1
7561 7651 1
 82 172 2
172 262 2
262 352 2
352 442 2
442 532 2
532 622 2
622 712 2
712 802 2
802 892 2
892 982 2
982 1072 2
1072 1162 2
1162 1252 2
1252 1342 2
1342 1432 2
1432 1522 2
1522 1612 2
1612 1702 2
1702 1792 2
1792 1882 2
1882 1972 2
1972 2062 2
2062 2152 2
2152 2242 2
2242 2332 2
2332 2422 2
2422 2512 2
2512 2602 2
2602 2692 2
2692 2782 2
2782 2872 2
2872 2962 2
2962 3052 2
3052 3142 2
3142 3232 2
3232 3322 2
3241 3331 2
3242 3241 2
3243 3242 2
3244 3243 2
3245 3244 2
3246 3245 2
3247 3246 2
3248 3247 2
3249 3248 2
3250 3249 2
3251 3250 2
3252 3251 2
3253 3252 2
3254 3253 2
3255 3254 2
3256 3255 2
3257 3256 2
3258 3257 2
3259 3258 2
3260 3259 2
3261 3260 2
3262 3261 2
3263 3262 2
3264 3263 2
3265 3264 2
3266 3265 2
3267 3266 2
3268 3267 2
3269 3268 2
3270 3269 2
3271 3270 2
3272 3271 2
3273 3272 2
3274 3273 2
3275 3274 2
3276 3275 2
3277 3276 2
3278 3277 2
3279 3278 2
3280 3279 2
3281 3280 2
3282 3281 2
3283 3282 2
3284 3283 2
3285 3284 2
3286 3285 2
3287 3286 2
3288 3287 2
3289 3288 2
3290 3289 2
3291 3290 2
3292 3291 2
3293 3292 2
3294 3293 2
3295 3294 2
3296 3295 2
3297 3296 2
3298 3297 2
3299 3298 2
3300 3299 2
3301 3300 2
3302 3301 2
3303 3302 2
3304 3303 2
3305 3304 2
3306 3305 2
3307 3306 2
3308 3307 2
3309 3308 2
3310 3309 2
3311 3310 2
3312 3311 2
3313 3312 2
3314 3313 2
3315 3314 2
3316 3315 2
3317 3316 2
3318 3317 2
3319 3318 2
3320 3319 2
3321 3320 2
3322 3321 2
3322 3323 2
3323 3324 2
3324 3325 2
3325 3326 2
3326 3327 2
3327 3328 2
3328 3329 2
3329 3330 2
3331 3421 2
3421 3511 2
3511 3601 2
3601 3691 2
3691 3781 2
3781 3871 2
3871 3961 2
3961 4051 2
4051 4141 2
4141 4231 2
4231 4321 2
4321 4411 2
8172  72 3
8173 8172 3
8174 8173 3
8175 8174 3
8176 8175 3
8177 8176 3
8178 8177 3
8179 8178 3
8180 8179 3
8181 8180 3
8182 8181 3
8183 8182 3
8184 8183 3
8185 8184 3
8186 8185 3
 88 8188 3
8187 8186 3
 89  88 3
8188 8187 3
179  89 3
269 179 3
359 269 3
449 359 3
539 449 3
629 539 3
719 629 3
809 719 3
899 809 3
989 899 3
990 989 3
1080 990 3
1170 1080 3
1260 1170 3
1350 1260 3
1440 1350 3
1530 1440 3
1620 1530 3
1710 1620 3
1800 1710 3
1890 1800 3
1980 1890 3
2070 1980 3
2160 2070 3
2250 2160 3
2340 2250 3
2430 2340 3
2520 2430 3
2610 2520 3
2700 2610 3
2790 2700 3
2880 2790 3
9991 1891 4
9992 9991 4
9993 9992 4
9994 9993 4
9995 9994 4
9996 9995 4
9997 9996 4
9998 9997 4
9999 9998 4
10000 9999 4
10001 10000 4
10002 10001 4
10003 10002 4
10004 10003 4
10005 10004 4
10006 10005 4
10007 10006 4
10008 10007 4
10009 10008 4
10010 10009 4
10011 10010 4
10012 10011 4
10013 10012 4
10014 10013 4
10015 10014 4
10016 10015 4
10017 10016 4
10018 10017 4
10108 10018 4
10198 10108 4
10199 10198 4
10200 10199 4
10201 10200 4
10202 10201 4
10203 10202 4
10204 10203 4
10205 10204 4
10206 10205 4
10207 10206 4
10208 10207 4
10209 10208 4
10210 10209 4
10211 10210 4
10212 10211 4
10213 10212 4
10214 10213 4
10215 10214 4
10216 10215 4
10217 10216 4
10218 10217 4
10308 10218 4
10398 10308 4
10488 10398 4
10578 10488 4
10668 10578 4
10669 10668 4
10670 10669 4
10671 10670 4
10672 10671 4
10673 10672 4
10674 10673 4
10675 10674 4
10676 10675 4
10677 10676 4
10678 10677 4
10679 10678 4
10680 10679 4
10681 10680 4
10682 10681 4
10683 10682 4
10684 10683 4
10685 10684 4
10686 10685 4
10776 10686 4
10866 10776 4
10867 10866 4
10957 10867 4
11047 10957 4
11137 11047 4
11227 11137 4
11317 11227 4
11318 11317 4
11319 11318 4
11320 11319 4
11321 11320 4
11322 11321 4
11412 11322 4
11413 11412 4
11503 11413 4
11593 11503 4
11683 11593 4
11773 11683 4
11863 11773 4
11953 11863 4
12043 11953 4
12133 12043 4
12223 12133 4
12313 12223 4
12403 12313 4
12493 12403 4
12583 12493 4
12673 12583 4
12763 12673 4
12853 12763 4
12943 12853 4
13033 12943 4
13123 13033 4
13213 13123 4
13303 13213 4
13393 13303 4
13394 13393 4
13484 13394 4
13485 13484 4
13486 13485 4
13487 13486 4
13488 13487 4
13489 13488 4
13490 13489 4
13491 13490 4
13492 13491 4
13582 13492 4
13672 13582 4
13762 13672 4
13852 13762 4
13853 13852 4
13943 13853 4
14033 13943 4
14123 14033 4
14213 14123 4
14214 14213 4
14304 14214 4
14394 14304 4
14484 14394 4
14574 14484 4
14575 14574 4
14665 14575 4
14755 14665 4
14845 14755 4
14935 14845 4
15025 14935 4
15026 15025 4
15116 15026 4
15206 15116 4
15296 15206 4
15297 15296 4
15298 15297 4
15388 15298 4
15478 15388 4
15479 15478 4
15569 15479 4
15659 15569 4
7650 15750 4
15660 15659 4
7740 7650 4
15750 15660 4
7830 7740 4
7920 7830 4
8010 7920 4
8100 8010 4
 70 8170 5
8170 16270 5
11410 11500 5
11500 11590 5
11590 11680 5
11680 11770 5
11770 11860 5
3850 3851 5
11860 11950 5
3851 3852 5
3852 3853 5
3853 3854 5
3854 3855 5
3855 3856 5
3856 3857 5
3857 3858 5
3858 3859 5
3859 3860 5
3860 3861 5
3861 3862 5
3862 3863 5
3863 3864 5
3864 3865 5
3865 3866 5
3866 3867 5
3867 3868 5
3868 3869 5
3869 3870 5
11940 12030 5
11941 11940 5
11942 11941 5
11943 11942 5
11944 11943 5
11945 11944 5
11946 11945 5
11947 11946 5
11948 11947 5
11949 11948 5
11950 3850 5
11950 11949 5
12030 12120 5
12120 12210 5
12210 12300 5
12300 12390 5
12390 12480 5
12480 12570 5
12570 12660 5
12660 12750 5
12750 12840 5
12840 12930 5
12930 13020 5
13020 13110 5
13110 13200 5
13200 13290 5
13290 13380 5
13380 13470 5
13470 13560 5
13560 13650 5
13650 13740 5
13740 13830 5
13830 13920 5
13920 14010 5
14010 14100 5
14100 14190 5
14190 14280 5
14280 14370 5
14370 14460 5
14460 14550 5
14550 14640 5
14640 14730 5
14730 14820 5
14820 14910 5
14910 15000 5
15000 15090 5
15090 15180 5
15180 15270 5
15270 15360 5
15360 15450 5
15450 15540 5
15540 15630 5
15630 15720 5
15720 15810 5
15810 15900 5
7890 7980 5
15900 15990 5
7980 8070 5
15990 7890 5
16270 16360 5
16360 16450 5
16450 16540 5
16540 16630 5
16630 16720 5
16720 16810 5
16810 16900 5
16900 16990 5
16990 17080 5
17080 17170 5
17170 17260 5
17260 17350 5
17350 17440 5
17440 17530 5
17530 17620 5
17620 17710 5
17710 17800 5
17800 17890 5
17890 17980 5
17980 18070 5
18070 18160 5
18160 18250 5
18250 18340 5
18340 18430 5
18430 18520 5
18520 18610 5
18610 18700 5
18700 18790 5
18790 18880 5
18880 18970 5
18970 19060 5
19060 19150 5
19150 19240 5
19240 19330 5
19330 19420 5
19420 19510 5
19510 11410 5
8107   7 6
8197 8107 6
8198 8197 6
8199 8198 6
8200 8199 6
8201 8200 6
8202 8201 6
8203 8202 6
8204 8203 6
8205 8204 6
8206 8205 6
8207 8206 6
8208 8207 6
8209 8208 6
8210 8209 6
8211 8210 6
8212 8211 6
8213 8212 6
8214 8213 6
8215 8214 6
8216 8215 6
8217 8216 6
8218 8217 6
8219 8218 6
8220 8219 6
8221 8220 6
8222 8221 6
8223 8222 6
8224 8223 6
8225 8224 6
8226 8225 6
8227 8226 6
8228 8227 6
8229 8228 6
8230 8229 6
8231 8230 6
8232 8231 6
8233 8232 6
8234 8233 6
8235 8234 6
8236 8235 6
8237 8236 6
8238 8237 6
8239 8238 6
8240 8239 6
8241 8240 6
8242 8241 6
8243 8242 6
8244 8243 6
8245 8244 6
8246 8245 6
8247 8246 6
8248 8247 6
8249 8248 6
8250 8249 6
8251 8250 6
8252 8251 6
8253 8252 6
8254 8253 6
8255 8254 6
8256 8255 6
8257 8256 6
8258 8257 6
8259 8258 6
8260 8259 6
8261 8260 6
8262 8261 6
8263 8262 6
8264 8263 6
8265 8264 6
8266 8265 6
8267 8266 6
8268 8267 6
8269 8268 6
8270 8269 6
8271 8270 6
8272 8271 6
8273 8272 6
8274 8273 6
8275 8274 6
8276 8275 6
8277 8276 6
8278 8277 6
8279 8278 6
8280 8279 6
8370 8280 6
8460 8370 6
8550 8460 6
8640 8550 6
8730 8640 6
8820 8730 6
8910 8820 6
9000 8910 6
9090 9000 6
9180 9090 6
9270 9180 6
9360 9270 6
9450 9360 6
9540 9450 6
9630 9540 6
9720 9630 6
9810 9720 6
9900 9810 6
9990 9900 6
10080 9990 6
10170 10080 6
10260 10170 6
10350 10260 6
10440 10350 6
10530 10440 6
10620 10530 6
10710 10620 6
10800 10710 6
10890 10800 6
2970 11070 6
10980 10890 6
11070 10980 6
11070 11160 6
11160 11250 6
11250 11340 6
11340 11430 6
11430 11520 6
11520 11610 6
11610 11700 6
11700 11790 6
11790 11880 6
11880 11970 6
11970 12060 6
12060 12150 6
12150 12240 6
12240 12330 6
12330 12420 6
12420 12510 6
12510 12600 6
12600 12690 6
12690 12780 6
12780 12870 6
12870 12960 6
12960 13050 6
13050 13140 6
13140 13230 6
13230 13320 6
13320 13410 6
13410 13500 6
5490 5580 6
13500 13590 6
5580 5670 6
13590 5490 6
5670 5760 6
5760 5850 6
5850 5940 6
5940 6030 6
6030 6120 6
6120 6210 6
6210 6300 6
6300 6390 6
6390 6480 6
6480 6570 6
6570 6660 6
6660 6750 6
6750 6840 6
6840 6930 6
6930 7020 6
7020 7110 6
7110 7200 6
7200 7290 6
7290 7380 6
7380 7470 6
7470 7560 6
 14  15 7
 15  16 7
 16  17 7
 17  18 7
 18  19 7
 19  20 7
 20  21 7
 21  22 7
 22 112 7
112 113 7
113 203 7
203 293 7
293 383 7
383 473 7
473 563 7
563 653 7
653 743 7
743 833 7
833 923 7
923 1013 7
1013 1103 7
1103 1193 7
1193 1283 7
1283 1373 7
1373 1463 7
1463 1553 7
1553 1554 7
1554 1555 7
1555 1556 7
1556 1557 7
1557 1558 7
1558 1648 7
1648 1649 7
1649 1739 7
1739 1740 7
1740 1830 7
1830 1831 7
1831 1832 7
1832 1833 7
1833 1834 7
1834 1924 7
1924 1925 7
1925 1926 7
1926 1927 7
1927 1928 7
1928 1929 7
1929 1930 7
1930 1931 7
1931 1932 7
1932 1933 7
1933 1934 7
1934 1935 7
1935 1936 7
1936 1937 7
1937 1938 7
1938 2028 7
2028 2029 7
2029 2030 7
2030 2120 7
2120 2121 7
2121 2211 7
2211 2212 7
2212 2213 7
2213 2214 7
2214 2215 7
2215 2216 7
2216 2217 7
2217 2218 7
2218 2219 7
2219 2220 7
2220 2221 7
2221 2222 7
2222 2223 7
2223 2224 7
2224 2225 7
2225 2226 7
2226 2316 7
2316 2317 7
2317 2407 7
2407 2408 7
2408 2498 7
2498 2588 7
2588 2589 7
2589 2590 7
2590 2591 7
2591 2592 7
2592 2593 7
2593 2594 7
2594 2595 7
2595 2596 7
2596 2597 7
2597 2598 7
2598 2599 7
2599 2689 7
2689 2779 7
2779 2780 7
2780 2870 7
2870 2960 7
2960 3050 7
3050 3051 7
3051 3141 7
3141 11241 7
11241 11242 7
11242 11332 7
11332 11333 7
11333 11334 7
11334 11335 7
11335 11425 7
11425 11426 7
11426 11427 7
3417 3418 7
11427 11517 7
3418 3419 7
3419 3420 7
11517 3417 7
 90 180 8
180 270 8
8190  90 8
270 360 8
360 450 8
450 540 8
540 630 8
630 720 8
8024 16124 8
16124 24224 8
16290 8190 8
16380 16290 8
16470 16380 8
16560 16470 8
16650 16560 8
16740 16650 8
16830 16740 8
16920 16830 8
17010 16920 8
17100 17010 8
17190 17100 8
17280 17190 8
17370 17280 8
17460 17370 8
17550 17460 8
17640 17550 8
17730 17640 8
17820 17730 8
17910 17820 8
18000 17910 8
18090 18000 8
18180 18090 8
18270 18180 8
18360 18270 8
18450 18360 8
18540 18450 8
18630 18540 8
18720 18630 8
18810 18720 8
18900 18810 8
18990 18900 8
19080 18990 8
19170 19080 8
19260 19170 8
19350 19260 8
19440 19350 8
19530 19440 8
19620 19530 8
19710 19620 8
19800 19710 8
19890 19800 8
19980 19890 8
20070 19980 8
20160 20070 8
20250 20160 8
20340 20250 8
20430 20340 8
20520 20430 8
20610 20520 8
20700 20610 8
20790 20700 8
20880 20790 8
20970 20880 8
21060 20970 8
21150 21060 8
21240 21150 8
21330 21240 8
21420 21330 8
21510 21420 8
21600 21510 8
21690 21600 8
21780 21690 8
21870 21780 8
21960 21870 8
22050 21960 8
22140 22050 8
22230 22140 8
22320 22230 8
22410 22320 8
22500 22410 8
22590 22500 8
22680 22590 8
22770 22680 8
22860 22770 8
22950 22860 8
23040 22950 8
23130 23040 8
23220 23130 8
23310 23220 8
23400 23310 8
23490 23400 8
23580 23490 8
23670 23580 8
23760 23670 8
23850 23760 8
23940 23850 8
24030 23940 8
24120 24030 8
24210 24120 8
24224 24225 8
24225 24226 8
24226 24227 8
24227 24228 8
24228 24229 8
24229 24230 8
24230 24231 8
24231 24232 8
24232 24233 8
24233 24234 8
24234 24235 8
24235 24236 8
24236 24237 8
24237 24238 8
24238 24239 8
24239 24240 8
24240 24241 8
24241 24242 8
24242 24243 8
24243 24244 8
24244 24245 8
24245 24246 8
24246 24247 8
24247 24248 8
24248 24249 8
24249 24250 8
24250 24251 8
24251 24252 8
24252 24253 8
24253 24254 8
24254 24255 8
24255 24256 8
24256 24257 8
24257 24258 8
24258 24259 8
24259 24260 8
24260 24261 8
24261 24262 8
24262 24263 8
24263 24264 8
24264 24265 8
24265 24266 8
24266 24267 8
24267 24268 8
24268 24269 8
24269 24270 8
24270 24271 8
24271 24272 8
24272 24273 8
24273 24274 8
24274 24275 8
24275 24276 8
24276 24277 8
24277 24278 8
24278 24279 8
24279 24280 8
24280 24281 8
24281 24282 8
24282 24283 8
24283 24284 8
24284 24285 8
24285 24286 8
24286 24287 8
24287 24288 8
24288 24289 8
24289 24290 8
24290 24291 8
24291 24292 8
24292 24293 8
24293 24294 8
24294 24295 8
24295 24296 8
24296 24297 8
24297 24298 8
24298 24299 8
24299 24300 8
24300 24210 8
8056 8055 9
8057 8056 9
2161 2251 10
2251 2341 10
2341 2431 10
2431 2521 10
2521 2611 10
2611 2701 10
2701 2791 10
2791 2881 10
2881 2971 10
2971 3061 10
3061 3151 10
3151 11251 10
11251 11341 10
11341 11431 10
11431 11521 10
11521 11611 10
11611 11701 10
11701 11791 10
11791 11881 10
11881 11971 10
11971 12061 10
12061 12151 10
12151 12241 10
12241 12331 10
12331 12421 10
12421 12511 10
12511 12601 10
12601 12691 10
12691 12781 10
12781 12871 10
12871 12961 10
12961 13051 10
13051 13141 10
13141 13231 10
13231 13321 10
13321 13411 10
13411 13501 10
5402 5492 10
13501 13502 10
5492 5582 10
13502 5402 10
5582 5672 10
5672 5762 10
5762 5852 10
5852 5942 10
5942 6032 10
6032 6122 10
6122 6212 10
6212 6302 10
6302 6392 10
6392 6482 10
6482 6572 10
6572 6662 10
6662 6752 10
6752 6842 10
6842 6932 10
6932 7022 10
7022 7112 10
7112 7202 10
7202 7292 10
7292 7382 10
7382 7472 10
7472 7562 10
7562 7652 10
7652 7742 10
7742 7832 10
7832 7922 10
7922 7923 10
7923 8013 10
119  29 11
120 119 11
210 120 11
300 210 11
390 300 11
480 390 11
570 480 11
660 570 11
750 660 11
840 750 11
930 840 11
1020 930 11
1110 1020 11
1200 1110 11
1290 1200 11
1380 1290 11
1470 1380 11
1560 1470 11
1561 1560 11
1562 1561 11
1652 1562 11
1742 1652 11
1743 1742 11
1744 1743 11
1745 1744 11
1835 1745 11
1836 1835 11
1837 1836 11
1838 1837 11
1839 1838 11
1840 1839 11
1841 1840 11
1842 1841 11
1843 1842 11
1844 1843 11
1845 1844 11
1846 1845 11
1847 1846 11
1848 1847 11
1849 1848 11
1939 1849 11
1940 1939 11
1941 1940 11
2031 1941 11
2032 2031 11
2122 2032 11
2123 2122 11
2124 2123 11
2125 2124 11
2126 2125 11
2127 2126 11
2128 2127 11
2129 2128 11
2130 2129 11
2131 2130 11
2132 2131 11
2133 2132 11
2134 2133 11
2135 2134 11
2136 2135 11
2137 2136 11
2227 2137 11
2228 2227 11
2318 2228 11
2319 2318 11
2320 2319 11
2410 2320 11
2411 2410 11
2412 2411 11
2413 2412 11
2414 2413 11
2415 2414 11
2416 2415 11
2417 2416 11
2418 2417 11
2419 2418 11
2509 2419 11
2510 2509 11
2600 2510 11
2690 2600 11
2691 2690 11
2781 2691 11
2871 2781 11
2961 2871 11
11061 2961 11
11151 11061 11
11152 11151 11
11153 11152 11
11243 11153 11
11244 11243 11
11245 11244 11
11246 11245 11
11336 11246 11
11337 11336 11
11338 11337 11
11428 11338 11
11518 11428 11
11608 11518 11
11698 11608 11
3689 11789 11
3690 3689 11
11788 11698 11
11789 11788 11
