# Cost: 1286

# Tail Head Net
109 110 1
110 111 1
111 112 1
112 113 1
113 114 1
114 115 1
115 116 1
116 117 1
117 118 1
118 119 1
 20  21 1
119 120 1
 21  22 1
120  20 1
 22  23 1
 23  24 1
 24  25 1
 25  26 1
 26  27 1
 27  28 1
 28  29 1
 29  30 1
 30  31 1
 31  32 1
 32  33 1
 33  34 1
 34  35 1
 35  36 1
 36  37 1
 37  38 1
 38  39 1
 39  40 1
201 202 1
202 203 1
203 204 1
204 205 1
205 206 1
206 207 1
207 208 1
208 209 1
209 109 1
301 201 1
401 301 1
501 401 1
601 501 1
701 601 1
801 701 1
6201 6301 2
6301 6401 2
6401 6501 2
6501 6601 2
6601 6701 2
6701 6801 2
6801 6901 2
6901 7001 2
7001 7101 2
7101 7201 2
7201 7301 2
7301 7401 2
7401 7501 2
7501 7601 2
7601 7701 2
7701 7801 2
7801 7901 2
7901 8001 2
8001 8101 2
8101 8201 2
8201 8301 2
8301 8401 2
8401 8501 2
8501 8601 2
8601 8701 2
8701 8801 2
8801 8901 2
8901 9001 2
9001 9101 2
9101 9201 2
9201 9301 2
9301 9401 2
9401 9501 2
9501 9601 2
9601 9701 2
9701 9801 2
9801 9901 2
9901 9902 2
9902 9903 2
9903 9904 2
9904 9905 2
9905 9906 2
9906 9907 2
9907 9908 2
9908 9909 2
9909 9910 2
9910 9911 2
9911 9912 2
9912 9913 2
9913 9914 2
9914 9915 2
9915 9916 2
9916 9917 2
9917 9918 2
9918 9919 2
9919 9920 2
9920 9921 2
9921 9922 2
9922 9923 2
9923 9924 2
9924 9925 2
9925 9926 2
9926 9927 2
9927 9928 2
9928 9929 2
9929 9930 2
9930 9931 2
9931 9932 2
9932 9933 2
9933 9934 2
9934 9935 2
9935 9936 2
9936 9937 2
9937 9938 2
9938 9939 2
9939 9940 2
9940 9941 2
9941 9942 2
9942 9943 2
9943 9944 2
1200 1100 3
1300 1200 3
1400 1300 3
1500 1400 3
1600 1500 3
1700 1600 3
1800 1700 3
1900 1800 3
2000 1900 3
2100 2000 3
2200 2100 3
2300 2200 3
2400 2300 3
2500 2400 3
2600 2500 3
2700 2600 3
2800 2700 3
2900 2800 3
3000 2900 3
3077 3078 3
3078 3079 3
3079 3080 3
3080 3081 3
3081 3082 3
3082 3083 3
3083 3084 3
3084 3085 3
3085 3086 3
3086 3087 3
3087 3088 3
3088 3089 3
3089 3090 3
3090 3091 3
3091 3092 3
3092 3093 3
3093 3094 3
3094 3095 3
3095 3096 3
3096 3097 3
3097 3098 3
3098 3099 3
3099 3100 3
3100 3000 3
3174 3175 3
3175 3176 3
3176 3177 3
3177 3077 3
3259 3260 3
3260 3261 3
3261 3262 3
3262 3263 3
3263 3264 3
3264 3265 3
3265 3266 3
3266 3267 3
3267 3268 3
3268 3269 3
3269 3270 3
3270 3271 3
3271 3272 3
3272 3273 3
3273 3274 3
3274 3174 3
3359 3259 3
3459 3359 3
3559 3459 3
3659 3559 3
3759 3659 3
3859 3759 3
3959 3859 3
4059 3959 3
4159 4059 3
4259 4159 3
4359 4259 3
4459 4359 3
4559 4459 3
4659 4559 3
4759 4659 3
4859 4759 3
4959 4859 3
5059 4959 3
5159 5059 3
5259 5159 3
5359 5259 3
5459 5359 3
5559 5459 3
5659 5559 3
5759 5659 3
5859 5759 3
5959 5859 3
6059 5959 3
6159 6059 3
6259 6159 3
6359 6259 3
6459 6359 3
6559 6459 3
6659 6559 3
6759 6659 3
6859 6759 3
6959 6859 3
7059 6959 3
7159 7059 3
7259 7159 3
7359 7259 3
7459 7359 3
7559 7459 3
7659 7559 3
7759 7659 3
7859 7759 3
7959 7859 3
8059 7959 3
8159 8059 3
8259 8159 3
8359 8259 3
8459 8359 3
8559 8459 3
8659 8559 3
8759 8659 3
8859 8759 3
8959 8859 3
9059 8959 3
9159 9059 3
9259 9159 3
9359 9259 3
9459 9359 3
9559 9459 3
9659 9559 3
9759 9659 3
9859 9759 3
9959 9859 3
 46  47 4
 47  48 4
 48  49 4
 49  50 4
 50  51 4
 51  52 4
 52  53 4
 53  54 4
 54  55 4
 55  56 4
 56  57 4
 57  58 4
 58  59 4
 59 159 4
159 259 4
259 359 4
359 459 4
459 559 4
559 659 4
659 759 4
759 859 4
859 959 4
959 1059 4
1059 1159 4
1159 1259 4
1259 1359 4
1359 1459 4
1459 1559 4
1559 1659 4
1659 1759 4
1759 1859 4
1859 1959 4
1959 2059 4
2059 2159 4
2159 2259 4
2259 2359 4
2359 2459 4
2459 2559 4
2559 2659 4
2659 2759 4
2759 2859 4
2859 2959 4
2959 2960 4
2960 2961 4
2961 2962 4
2962 2963 4
2963 2964 4
2964 2965 4
2965 2966 4
2966 2967 4
2967 2968 4
2968 2969 4
2969 2970 4
2970 2971 4
2971 2972 4
2972 2973 4
2973 2974 4
2974 2975 4
2975 2976 4
2976 2977 4
2977 12977 4
12977 13077 4
13077 13177 4
13177 13277 4
13277 13377 4
13377 13477 4
13477 13577 4
13577 13677 4
13677 13777 4
13777 13877 4
13877 13977 4
13977 14077 4
14077 14177 4
14177 14277 4
14277 14377 4
14377 14477 4
14477 14577 4
14577 14677 4
14677 14777 4
14777 14877 4
14877 14977 4
14977 15077 4
15077 15177 4
15177 15277 4
15277 15377 4
15377 15477 4
5577 5578 4
15477 15577 4
5578 5579 4
5579 5580 4
5580 5581 4
5581 5582 4
5582 5583 4
5583 5584 4
5584 5585 4
5585 5586 4
5586 5587 4
5587 5588 4
5588 5589 4
5589 5590 4
5590 5591 4
5591 5592 4
5592 5593 4
5593 5594 4
5594 5595 4
5595 5596 4
5596 5597 4
5597 5598 4
5598 5599 4
5599 5600 4
15577 5577 4
  7 107 5
107 10107 5
10107 10207 5
10207 10307 5
10307 10407 5
10407 10507 5
10507 10607 5
10607 10707 5
10707 10807 5
10807 10907 5
10907 11007 5
11007 11107 5
11107 11207 5
11207 11307 5
11307 11407 5
11407 11507 5
11507 11607 5
11607 11707 5
11707 11807 5
11807 11907 5
11907 12007 5
12007 12107 5
12107 12207 5
12207 12307 5
12307 12407 5
12407 12507 5
12507 12607 5
12607 12707 5
12707 12807 5
2902 2901 5
12807 12907 5
12902 2902 5
12903 12902 5
12904 12903 5
12905 12904 5
12906 12905 5
12907 12906 5
12907 13007 5
13007 13107 5
13107 13207 5
13207 13307 5
13307 13407 5
13407 13507 5
13507 13607 5
13607 13707 5
13707 13807 5
13807 13907 5
13907 14007 5
14007 14107 5
14107 14207 5
14207 14307 5
14307 14407 5
14407 14507 5
14507 14607 5
14607 14707 5
14707 14807 5
14807 14907 5
14907 15007 5
15007 15107 5
15107 15207 5
15207 15307 5
15307 15407 5
15407 15507 5
15507 15607 5
15607 15707 5
15707 15807 5
15807 15907 5
15907 16007 5
16007 16107 5
16107 16207 5
16207 16307 5
16307 16407 5
16407 16507 5
16507 16607 5
16607 16707 5
16707 16807 5
16807 16907 5
16907 17007 5
17007 17107 5
17107 17207 5
17207 17307 5
17307 17407 5
17407 17507 5
17507 17607 5
17607 17707 5
17707 17807 5
17807 17907 5
17907 18007 5
18007 18107 5
18107 18207 5
18207 18307 5
18307 18407 5
18407 18507 5
18507 18607 5
18607 18707 5
18707 18807 5
18807 18907 5
18907 19007 5
19007 19107 5
19107 19207 5
19207 19307 5
19307 19407 5
19407 19507 5
19507 19607 5
19607 19608 5
19608 19708 5
19708 19808 5
19808 19809 5
19809 19810 5
19810 19811 5
19811 19812 5
19812 19813 5
19813 19814 5
19814 19815 5
19815 19816 5
19816 19817 5
19817 19818 5
19818 19819 5
19819 19820 5
19820 19920 5
9960 9961 5
9961 9962 5
9962 9963 5
9963 9964 5
9964 9965 5
9965 9966 5
9966 9967 5
9967 9968 5
9968 9969 5
9969 9970 5
9970 9971 5
9971 9972 5
9972 9973 5
9973 9974 5
9974 9975 5
9975 9976 5
9976 9977 5
9977 9978 5
9978 9979 5
9979 9980 5
9980 9981 5
9981 9982 5
9982 9983 5
9983 9984 5
9984 9985 5
19920 19921 5
19921 19922 5
19922 19923 5
19923 19924 5
19924 19925 5
19925 19926 5
19926 19927 5
19927 19928 5
19928 19929 5
19929 19930 5
19930 19931 5
19931 19932 5
19932 19933 5
19933 19934 5
19934 19935 5
19935 19936 5
19936 19937 5
19937 19938 5
19938 19939 5
19939 19940 5
19940 19941 5
19941 19942 5
19942 19943 5
19943 19944 5
19944 19945 5
19945 19946 5
19946 19947 5
19947 19948 5
19948 19949 5
19949 19950 5
19950 19951 5
19951 19952 5
19952 19953 5
19953 19954 5
19954 19955 5
19955 19956 5
19956 19957 5
19957 19958 5
19958 19959 5
19959 19960 5
19960 9960 5
 97  96 6
10097  97 6
10197 10097 6
10297 10197 6
10397 10297 6
10497 10397 6
10597 10497 6
10598 10597 6
10698 10598 6
10798 10698 6
10898 10798 6
10998 10898 6
11098 10998 6
11198 11098 6
11298 11198 6
11398 11298 6
11498 11398 6
11598 11498 6
11698 11598 6
11798 11698 6
11898 11798 6
11998 11898 6
12098 11998 6
12198 12098 6
12298 12198 6
12398 12298 6
12498 12398 6
12598 12498 6
12698 12598 6
12798 12698 6
12898 12798 6
12998 12898 6
13098 12998 6
13198 13098 6
13199 13198 6
13299 13199 6
13399 13299 6
13499 13399 6
13599 13499 6
13699 13599 6
13799 13699 6
13899 13799 6
13999 13899 6
14099 13999 6
14199 14099 6
14299 14199 6
14399 14299 6
4500 14500 6
14499 14399 6
14500 14499 6
181  81 7
10181 181 7
10281 10181 7
10381 10281 7
10481 10381 7
10581 10481 7
10681 10581 7
10781 10681 7
10881 10781 7
10981 10881 7
11081 10981 7
11181 11081 7
11281 11181 7
11381 11281 7
11481 11381 7
11581 11481 7
1702 1701 7
1703 1702 7
1704 1703 7
1705 1704 7
1706 1705 7
1707 1706 7
1708 1707 7
11681 11581 7
11708 1708 7
11709 11708 7
11710 11709 7
11711 11710 7
11712 11711 7
11713 11712 7
11714 11713 7
11715 11714 7
11716 11715 7
11717 11716 7
11718 11717 7
11719 11718 7
11720 11719 7
11721 11720 7
11722 11721 7
11723 11722 7
11724 11723 7
11725 11724 7
11726 11725 7
11727 11726 7
11728 11727 7
11729 11728 7
11730 11729 7
11731 11730 7
11732 11731 7
11733 11732 7
11734 11733 7
11735 11734 7
11736 11735 7
11737 11736 7
11738 11737 7
11739 11738 7
11740 11739 7
11741 11740 7
11742 11741 7
11743 11742 7
11744 11743 7
11745 11744 7
11746 11745 7
11747 11746 7
11748 11747 7
11749 11748 7
11750 11749 7
11751 11750 7
11752 11751 7
11753 11752 7
11754 11753 7
11779 21779 7
11780 11779 7
11781 11681 7
11781 11780 7
11782 11781 7
11882 11782 7
11883 11882 7
11884 11883 7
11885 11884 7
11886 11885 7
11887 11886 7
11987 11887 7
11988 11987 7
12088 11988 7
12089 12088 7
12189 12089 7
12190 12189 7
12191 12190 7
12192 12191 7
12193 12192 7
12194 12193 7
12294 12194 7
12394 12294 7
12494 12394 7
12594 12494 7
12694 12594 7
12695 12694 7
12795 12695 7
12895 12795 7
12995 12895 7
12996 12995 7
13096 12996 7
13196 13096 7
13296 13196 7
13396 13296 7
13496 13396 7
13497 13496 7
13597 13497 7
13697 13597 7
13797 13697 7
13897 13797 7
13997 13897 7
14097 13997 7
14197 14097 7
14297 14197 7
14397 14297 7
14497 14397 7
14597 14497 7
14697 14597 7
14797 14697 7
14897 14797 7
14997 14897 7
15097 14997 7
15197 15097 7
15297 15197 7
15397 15297 7
15497 15397 7
15597 15497 7
15598 15597 7
15698 15598 7
15798 15698 7
15898 15798 7
15998 15898 7
6198 16198 7
16098 15998 7
6298 6198 7
16198 16098 7
6398 6298 7
6498 6398 7
6598 6498 7
6698 6598 7
6798 6698 7
6898 6798 7
6998 6898 7
7098 6998 7
7099 7098 7
7100 7099 7
7200 7100 7
7300 7200 7
7400 7300 7
7500 7400 7
7600 7500 7
7700 7600 7
7800 7700 7
7900 7800 7
8000 7900 7
8100 8000 7
8200 8100 7
8300 8200 7
8400 8300 7
8500 8400 7
8600 8500 7
21754 11754 7
21755 21754 7
21756 21755 7
21757 21756 7
21758 21757 7
21759 21758 7
21760 21759 7
21761 21760 7
21762 21761 7
21763 21762 7
21764 21763 7
21765 21764 7
21766 21765 7
21767 21766 7
21768 21767 7
21769 21768 7
21770 21769 7
21771 21770 7
21772 21771 7
21773 21772 7
21774 21773 7
21775 21774 7
21776 21775 7
21777 21776 7
21778 21777 7
21779 21778 7
3201 3301 8
3301 3401 8
3401 3402 8
3402 3403 8
3403 3404 8
3404 3405 8
3405 3406 8
3406 3407 8
3407 3408 8
3408 3409 8
3409 13409 8
13409 13410 8
13410 13411 8
13411 13412 8
13412 13413 8
13413 13414 8
13414 13415 8
13415 13416 8
13416 13417 8
13417 13418 8
13418 13419 8
13419 13420 8
13420 13421 8
13421 13422 8
13422 13423 8
13423 13424 8
13424 13425 8
13425 13426 8
13426 13427 8
13427 13527 8
13527 13528 8
13528 13529 8
13529 13530 8
13530 13531 8
13531 13532 8
13532 13533 8
13533 13633 8
13633 13634 8
13634 13734 8
13734 13735 8
13735 13736 8
13736 13737 8
13737 13837 8
13837 13838 8
13838 13839 8
13839 13840 8
13840 13841 8
13841 13842 8
13842 13843 8
13843 13943 8
13943 13944 8
13944 14044 8
14044 14045 8
14045 14046 8
14046 14047 8
14047 14048 8
14048 14148 8
14148 14149 8
14149 14150 8
14150 14151 8
14151 14152 8
14152 14153 8
14153 14253 8
14253 14254 8
14254 14255 8
14255 14256 8
14256 14257 8
14257 14357 8
14357 14358 8
14358 14458 8
14458 14459 8
14459 14559 8
14559 14659 8
14659 14759 8
14759 14859 8
14859 14959 8
14959 15059 8
15059 15159 8
15159 15259 8
15259 15359 8
15359 15459 8
15459 15559 8
15559 15560 8
15560 15561 8
15561 15562 8
15562 15563 8
15563 15564 8
15564 15565 8
15565 15566 8
15566 15567 8
15567 15568 8
15568 15569 8
15569 15570 8
15570 15571 8
15571 15572 8
15572 15573 8
15573 15574 8
15574 15575 8
15575 15576 8
15576 15676 8
5697 5698 8
5698 5699 8
5699 5700 8
5700 5800 8
15676 15677 8
15677 15678 8
15678 15679 8
15679 15680 8
15680 15681 8
15681 15682 8
15682 15683 8
15683 15684 8
15684 15685 8
15685 15686 8
15686 15687 8
15687 15688 8
15688 15689 8
15689 15690 8
15690 15691 8
15691 15692 8
15692 15693 8
15693 15694 8
15694 15695 8
15695 15696 8
15696 15697 8
15697 5697 8
5800 5900 8
5900 6000 8
6000 6100 8
6100 6200 8
6200 6300 8
6300 6400 8
6400 6500 8
6500 6600 8
6600 6700 8
3699 3700 9
3799 3699 9
3899 3799 9
3999 3899 9
4099 3999 9
4199 4099 9
4299 4199 9
4399 4299 9
4499 4399 9
4599 4499 9
4600 4599 9
4700 4600 9
4800 4700 9
4900 4800 9
5000 4900 9
5100 5000 9
12801 2801 10
12901 12801 10
13001 12901 10
13101 13001 10
13201 13101 10
13301 13201 10
3501 13501 10
13401 13301 10
3601 3501 10
13501 13401 10
3701 3601 10
3801 3701 10
3901 3801 10
4001 3901 10
4101 4001 10
4201 4101 10
4301 4201 10
4401 4301 10
4501 4401 10
4601 4501 10
4701 4601 10
4801 4701 10
4901 4801 10
5001 4901 10
5101 5001 10
5201 5101 10
5301 5201 10
5401 5301 10
5501 5401 10
5601 5501 10
5701 5601 10
5801 5701 10
1301 1302 11
1302 1303 11
1303 1304 11
1304 1305 11
1305 1306 11
1306 1307 11
1307 1308 11
1308 1309 11
1309 1310 11
1310 1311 11
1311 1312 11
1312 1313 11
1313 1314 11
1314 1315 11
1315 1316 11
1316 1317 11
1317 1318 11
1318 1319 11
1319 1320 11
1320 1321 11
1321 1322 11
1322 1323 11
1323 1324 11
1324 1325 11
1325 1326 11
1326 1327 11
1327 1328 11
1328 1329 11
1329 1330 11
1330 1331 11
1331 1332 11
1332 1333 11
1333 1334 11
1334 1335 11
1335 1336 11
1336 1337 11
1337 1338 11
1338 1339 11
1339 1340 11
1340 1341 11
1341 1342 11
1342 1343 11
1343 1344 11
1344 1345 11
1345 1346 11
1346 1347 11
1347 1348 11
1348 1349 11
1349 1350 11
1350 1351 11
1351 1352 11
1352 1353 11
1353 1354 11
1354 1355 11
1355 1356 11
1356 1357 11
1357 1358 11
1358 1458 11
1458 1558 11
1558 1658 11
1658 1758 11
1758 1858 11
1858 1958 11
1958 2058 11
2058 2158 11
2158 2258 11
2258 2358 11
2358 2458 11
2458 2558 11
2558 2658 11
2658 2758 11
2758 2858 11
2858 2958 11
2958 3058 11
3058 3158 11
3158 3258 11
3258 3358 11
3358 3458 11
3458 3558 11
3558 3658 11
3658 3758 11
3758 13758 11
13758 13759 11
13759 13760 11
13760 13761 11
13761 13762 11
13762 13763 11
13763 13764 11
13764 13765 11
13765 13766 11
13766 13767 11
13767 13768 11
13768 13769 11
13769 13770 11
13770 13771 11
13771 13871 11
13871 13872 11
13872 13873 11
13873 13874 11
13874 13974 11
13974 14074 11
14074 14174 11
14174 14274 11
14274 14374 11
14374 14474 11
14474 14574 11
14574 14674 11
14674 14774 11
14774 14775 11
14775 14875 11
14875 14975 11
14975 14976 11
14976 15076 11
15076 15176 11
15176 15276 11
5376 5476 11
15276 15376 11
5476 5576 11
15376 5376 11
5576 5676 11
5676 5677 11
5677 5678 11
5678 5679 11
5679 5680 11
5680 5681 11
5681 5682 11
5682 5683 11
5683 5684 11
5684 5685 11
5685 5686 11
5686 5687 11
5687 5688 11
5688 5689 11
5689 5690 11
5690 5691 11
5691 5692 11
5692 5693 11
5693 5694 11
5694 5695 11
5695 5696 11
5696 5796 11
5796 5797 11
5797 5798 11
5798 5799 11
5799 5899 11
5899 5999 11
5999 6099 11
6099 6199 11
6199 6299 11
6299 6399 11
6399 6499 11
6499 6599 11
6599 6699 11
6699 6799 11
6799 6800 11
6800 6900 11
163  63 12
263 163 12
363 263 12
463 363 12
563 463 12
663 563 12
763 663 12
863 763 12
963 863 12
1063 963 12
1163 1063 12
1263 1163 12
1363 1263 12
1463 1363 12
1563 1463 12
1663 1563 12
1763 1663 12
1863 1763 12
1963 1863 12
2063 1963 12
2163 2063 12
2263 2163 12
2363 2263 12
2463 2363 12
2563 2463 12
2663 2563 12
2763 2663 12
2863 2763 12
2864 2863 12
2865 2864 12
2866 2865 12
2867 2866 12
2868 2867 12
2869 2868 12
2870 2869 12
2871 2870 12
2872 2871 12
2873 2872 12
2874 2873 12
2875 2874 12
2876 2875 12
2877 2876 12
2878 2877 12
2978 2878 12
2979 2978 12
2980 2979 12
2981 2980 12
2982 2981 12
2983 2982 12
2984 2983 12
2985 2984 12
2986 2985 12
2987 2986 12
2988 2987 12
2989 2988 12
2990 2989 12
2991 2990 12
2992 2991 12
2993 2992 12
2994 2993 12
2995 2994 12
2996 2995 12
2997 2996 12
12997 2997 12
13097 12997 12
13197 13097 12
13297 13197 12
13397 13297 12
13398 13397 12
13498 13398 12
13598 13498 12
13698 13598 12
13798 13698 12
13898 13798 12
13998 13898 12
14098 13998 12
14198 14098 12
14298 14198 12
14398 14298 12
14498 14398 12
14598 14498 12
14698 14598 12
14798 14698 12
14898 14798 12
14998 14898 12
15098 14998 12
15198 15098 12
15298 15198 12
15398 15298 12
15498 15398 12
15499 15498 12
15599 15499 12
15699 15599 12
15799 15699 12
15899 15799 12
15999 15899 12
16099 15999 12
16199 16099 12
16299 16199 12
16399 16299 12
16499 16399 12
16599 16499 12
16699 16599 12
16799 16699 12
16899 16799 12
16900 16899 12
17000 16900 12
17100 17000 12
17200 17100 12
17300 17200 12
17400 17300 12
17500 17400 12
17600 17500 12
17700 17600 12
17800 17700 12
17900 17800 12
18000 17900 12
18100 18000 12
18200 18100 12
18300 18200 12
18400 18300 12
18500 18400 12
18600 18500 12
18700 18600 12
18800 18700 12
18900 18800 12
19000 18900 12
19100 19000 12
19200 19100 12
19300 19200 12
19400 19300 12
9600 19600 12
19500 19400 12
9700 9600 12
19600 19500 12
9800 9700 12
 80  79 13
10080  80 13
 82 10082 13
10081 10080 13
 83  82 13
10082 10081 13
 84  83 13
 85  84 13
 86  85 13
 87  86 13
 88  87 13
 89  88 13
 90  89 13
 91  90 13
 92  91 13
 93  92 13
 94  93 13
 95  94 13
