# Cost: 1100

# Tail Head Net
600 550 1
650 600 1
700 650 1
750 700 1
800 750 1
849 850 1
850 800 1
899 849 1
949 899 1
952 951 1
999 949 1
3452 952 1
3453 3452 1
1049 999 1
3503 3453 1
3504 3503 1
1099 1049 1
3554 3504 1
3555 3554 1
3556 3555 1
3557 3556 1
3558 3557 1
3559 3558 1
3560 3559 1
3561 3560 1
1139 3639 1
1140 1139 1
1141 1140 1
1142 1141 1
1143 1142 1
1144 1143 1
1145 1144 1
1146 1145 1
1147 1146 1
1148 1147 1
1148 1149 1
1149 1099 1
1149 1150 1
3611 3561 1
3612 3611 1
3613 3612 1
3614 3613 1
3615 3614 1
3616 3615 1
3617 3616 1
3618 3617 1
3619 3618 1
3620 3619 1
3621 3620 1
3622 3621 1
3623 3622 1
3624 3623 1
3625 3624 1
3626 3625 1
3627 3626 1
3628 3627 1
3629 3628 1
3630 3629 1
3631 3630 1
3632 3631 1
3633 3632 1
3634 3633 1
3635 3634 1
3636 3635 1
3637 3636 1
3638 3637 1
3639 3638 1
1198 1148 1
1248 1198 1
1298 1248 1
1348 1298 1
1398 1348 1
1448 1398 1
1495 1496 1
1496 1497 1
1497 1498 1
1498 1448 1
1545 1495 1
1595 1545 1
1643 1644 1
1644 1645 1
1645 1595 1
1691 1692 1
1692 1693 1
1693 1643 1
1741 1691 1
1791 1741 1
1840 1841 1
1841 1791 1
1890 1840 1
1940 1890 1
1990 1940 1
2040 1990 1
2090 2040 1
2140 2090 1
2190 2140 1
2240 2190 1
2290 2240 1
2339 2340 1
2340 2290 1
2386 2387 1
2387 2388 1
2388 2389 1
2389 2339 1
2431 2432 1
2432 2433 1
2433 2434 1
2434 2435 1
2435 2436 1
2436 2386 1
2474 2475 1
2475 2476 1
2476 2477 1
2477 2478 1
2478 2479 1
2479 2480 1
2480 2481 1
2481 2431 1
 42  43 2
 92  42 2
142  92 2
192 142 2
2692 192 2
2742 2692 2
2792 2742 2
2842 2792 2
2892 2842 2
2942 2892 2
2992 2942 2
3042 2992 2
3092 3042 2
3142 3092 2
3192 3142 2
3242 3192 2
3292 3242 2
3342 3292 2
3392 3342 2
3442 3392 2
3492 3442 2
3542 3492 2
3592 3542 2
3642 3592 2
3692 3642 2
3742 3692 2
3792 3742 2
3842 3792 2
3892 3842 2
3942 3892 2
3992 3942 2
3992 3993 2
3993 3994 2
3994 3995 2
3995 3996 2
3996 3997 2
3997 3998 2
3998 3999 2
3999 4000 2
4000 1500 2
4042 3992 2
4092 4042 2
4142 4092 2
4192 4142 2
1792 4292 2
4242 4192 2
1842 1792 2
4292 4242 2
1892 1842 2
1941 1942 2
1942 1892 2
1991 1941 2
2041 1991 2
2091 2041 2
2141 2091 2
2191 2141 2
2241 2191 2
2291 2241 2
2341 2291 2
2390 2391 2
2391 2341 2
2440 2390 2
2485 4985 2
2486 2485 2
2487 2486 2
2488 2487 2
2488 2489 2
2489 2490 2
2490 2440 2
4952 2452 2
4953 4952 2
4954 4953 2
4955 4954 2
4956 4955 2
4957 4956 2
4958 4957 2
4959 4958 2
4960 4959 2
4961 4960 2
4962 4961 2
4963 4962 2
4964 4963 2
4965 4964 2
4966 4965 2
4967 4966 2
4968 4967 2
4969 4968 2
4970 4969 2
4971 4970 2
4972 4971 2
4973 4972 2
4974 4973 2
4975 4974 2
4976 4975 2
4977 4976 2
4978 4977 2
4979 4978 2
4980 4979 2
4981 4980 2
4982 4981 2
4983 4982 2
4984 4983 2
4985 4984 2
 53   3 3
103  53 3
153 103 3
203 153 3
253 203 3
303 253 3
353 303 3
403 353 3
453 403 3
503 453 3
553 503 3
603 553 3
653 603 3
703 653 3
753 703 3
803 753 3
853 803 3
854 853 3
855 854 3
905 855 3
955 905 3
1005 955 3
1055 1005 3
1105 1055 3
1155 1105 3
1156 1155 3
1157 1156 3
1207 1157 3
1257 1207 3
1307 1257 3
1357 1307 3
3857 1357 3
3858 3857 3
3859 3858 3
3909 3859 3
3959 3909 3
4009 3959 3
4059 4009 3
4109 4059 3
4159 4109 3
4209 4159 3
4259 4209 3
4309 4259 3
4309 4359 3
4310 4309 3
4311 4310 3
4312 4311 3
4313 4312 3
4314 4313 3
4315 4314 3
4316 4315 3
4317 4316 3
4318 4317 3
4319 4318 3
4320 4319 3
4321 4320 3
4322 4321 3
4323 4322 3
4324 4323 3
4325 4324 3
4326 4325 3
4327 4326 3
4328 4327 3
4329 4328 3
4330 4329 3
4331 4330 3
4332 4331 3
4333 4332 3
4334 4333 3
4335 4334 3
4336 4335 3
4337 4336 3
4338 4337 3
4339 4338 3
4340 4339 3
4341 4340 3
4342 4341 3
4343 4342 3
4344 4343 3
1896 4396 3
1897 1896 3
1906 1956 3
1907 1906 3
1908 1907 3
1909 1908 3
4359 4409 3
4394 4344 3
4395 4394 3
4396 4395 3
1947 1897 3
1948 1947 3
1949 1948 3
1956 2006 3
4409 1909 3
1999 1949 3
2000 1999 3
2006 2056 3
2050 2000 3
2056 2106 3
2100 2050 3
2106 2156 3
2150 2100 3
2156 2206 3
2200 2150 3
2206 2256 3
2250 2200 3
2256 2306 3
2306 2356 3
2356 2406 3
2406 2456 3
 22  23 4
 23  24 4
 23  73 4
 24  25 4
 73 123 4
 25  26 4
 26  27 4
 27  28 4
 28  29 4
 29  30 4
 30  31 4
 31  32 4
 32  33 4
 33  34 4
 34  35 4
 35  36 4
 36  37 4
 37  38 4
123 173 4
173 223 4
223 273 4
273 323 4
323 373 4
373 423 4
423 473 4
473 523 4
523 573 4
573 623 4
623 673 4
673 723 4
723 773 4
773 823 4
823 873 4
873 923 4
923 973 4
973 1023 4
1023 1073 4
1073 1123 4
1123 1173 4
1173 1223 4
1223 1273 4
1273 1323 4
1323 1373 4
1373 1423 4
1423 1473 4
1473 1523 4
1523 1524 4
1523 1573 4
1524 1525 4
1525 1526 4
1526 1527 4
1527 1528 4
1528 1529 4
1529 1530 4
1530 1531 4
1531 1532 4
1532 1533 4
1533 1534 4
1534 1535 4
1535 1536 4
1536 1537 4
1537 1538 4
1538 1588 4
1573 1623 4
1588 1589 4
1589 1590 4
1590 1591 4
1591 1592 4
1592 1593 4
1593 4093 4
1623 1673 4
4093 4143 4
1673 1723 4
4143 4193 4
1723 1773 4
4193 4243 4
1773 1823 4
1793 1843 4
4243 4293 4
1823 1873 4
1843 1893 4
4293 1793 4
1873 1923 4
1893 1943 4
1923 1973 4
1943 1993 4
1973 2023 4
1993 2043 4
2023 2073 4
2043 2093 4
2073 2123 4
2093 2143 4
2123 2173 4
2143 2193 4
2173 2223 4
2193 2243 4
2222 2272 4
2223 2222 4
2243 2293 4
2268 2318 4
2269 2268 4
2270 2269 4
2271 2270 4
2272 2271 4
2293 2343 4
2318 2368 4
2343 2393 4
2367 2417 4
2368 2367 4
2393 2394 4
2394 2444 4
2415 2465 4
2416 2415 4
2417 2416 4
2444 2494 4
1540 1541 5
1541 1542 5
1542 1543 5
1543 4043 5
4038 4039 5
4039 4040 5
4040 1540 5
4043 4044 5
4044 4045 5
4045 4095 5
4076 4077 5
4077 4078 5
4078 4079 5
4079 4080 5
4080 4081 5
4081 4082 5
4082 4083 5
4083 4084 5
4084 4085 5
4085 4086 5
4086 4087 5
4087 4088 5
4088 4038 5
4095 4145 5
1666 1667 5
1667 1668 5
1668 1669 5
1669 1670 5
1670 1671 5
1671 4171 5
4121 4122 5
4122 4123 5
4123 4124 5
4124 4125 5
4125 4126 5
4126 4076 5
4145 4146 5
4146 4196 5
1713 1714 5
1714 1715 5
1715 1716 5
1716 1666 5
4171 4121 5
4196 4246 5
1763 1713 5
4246 4247 5
4247 4248 5
4248 4298 5
1811 1812 5
1812 1813 5
1813 1763 5
4298 4348 5
1861 1811 5
4348 4398 5
1911 1861 5
4398 4399 5
4399 4449 5
1960 1961 5
1961 1911 5
4449 4499 5
2010 1960 5
4499 4549 5
2060 2010 5
4549 4599 5
2110 2060 5
4599 4649 5
2160 2110 5
4649 4699 5
2202 2201 5
2203 2202 5
2203 2204 5
2204 4704 5
2209 2210 5
2210 2160 5
2210 2260 5
4699 4749 5
2253 2203 5
4704 4705 5
4705 4706 5
4706 4707 5
4707 4708 5
4708 4709 5
4709 2209 5
2260 2310 5
4749 4799 5
2303 2253 5
2310 2360 5
4799 4849 5
2353 2303 5
2360 2410 5
2399 2400 5
4849 4899 5
2403 2353 5
2410 2460 5
4899 2399 5
2453 2403 5
 90  40 6
140  90 6
190 140 6
240 190 6
290 240 6
340 290 6
390 340 6
440 390 6
490 440 6
540 490 6
590 540 6
640 590 6
690 640 6
740 690 6
790 740 6
840 790 6
890 840 6
3390 890 6
3440 3390 6
3490 3440 6
3540 3490 6
3590 3540 6
3640 3590 6
3690 3640 6
3740 3690 6
3790 3740 6
1350 1400 6
1363 1413 6
1364 1363 6
1390 3890 6
3840 3790 6
1391 1390 6
1392 1391 6
1393 1392 6
1394 1393 6
1395 1394 6
1396 1395 6
1397 1396 6
1399 1449 6
1399 3899 6
1400 1399 6
1413 1463 6
3864 1364 6
3865 3864 6
3866 3865 6
3867 3866 6
3868 3867 6
3869 3868 6
3870 3869 6
3871 3870 6
3872 3871 6
3873 3872 6
3874 3873 6
3875 3874 6
3876 3875 6
3877 3876 6
3878 3877 6
3879 3878 6
3880 3879 6
3881 3880 6
3882 3881 6
3883 3882 6
3884 3883 6
3885 3884 6
3886 3885 6
3887 3886 6
3888 3887 6
3889 3888 6
3890 3840 6
3890 3889 6
3897 1397 6
3898 3897 6
1449 1499 6
3899 3898 6
1452 1451 6
1453 1452 6
1454 1453 6
1455 1454 6
1456 1455 6
1457 1456 6
1458 1457 6
1459 1458 6
1460 1459 6
1461 1460 6
1462 1461 6
1463 1462 6
1499 1549 6
1549 1599 6
1599 1649 6
1649 1699 6
1699 1749 6
1749 1799 6
1799 1849 6
1849 4349 6
4349 4350 6
4350 4400 6
4400 4450 6
4450 4500 6
4500 4550 6
4550 4600 6
4600 4650 6
4650 4700 6
4700 4750 6
4750 4800 6
4800 2300 6
 16  66 7
 17  16 7
 66 116 7
115 165 7
116 115 7
165 215 7
215 265 7
263 313 7
264 263 7
265 264 7
310 360 7
311 310 7
312 311 7
313 312 7
360 410 7
408 458 7
409 408 7
410 409 7
457 507 7
458 457 7
504 3004 7
505 504 7
506 505 7
507 506 7
3004 3054 7
602 652 7
3052 3102 7
3053 3052 7
3054 3053 7
651 701 7
652 651 7
3102 602 7
701 751 7
 47  97 8
 96 146 8
 97  96 8
146 196 8
196 246 8
245 295 8
246 245 8
295 345 8
345 395 8
395 445 8
444 494 8
445 444 8
494 544 8
544 594 8
593 643 8
594 593 8
643 693 8
693 743 8
743 793 8
793 843 8
843 893 8
893 943 8
942 992 8
943 942 8
992 1042 8
1042 1092 8
1088 1138 8
1089 1088 8
1090 1089 8
1091 1090 8
1092 1091 8
1138 1188 8
1188 1238 8
1238 1288 8
1286 1336 8
1287 1286 8
1288 1287 8
1336 1386 8
1377 1427 8
1378 1377 8
1379 1378 8
1380 1379 8
1381 1380 8
1382 1381 8
1383 1382 8
1384 1383 8
1385 1384 8
1386 1385 8
1427 1477 8
1475 3975 8
1476 1475 8
1477 1476 8
3975 4025 8
4019 4069 8
4020 4019 8
4021 4020 8
4022 4021 8
4023 4022 8
4024 4023 8
4025 4024 8
4068 4118 8
4069 4068 8
4118 4168 8
1717 1767 8
1718 1717 8
4168 4218 8
1767 1817 8
4218 1718 8
1814 1864 8
1815 1814 8
1816 1815 8
1817 1816 8
1864 1914 8
1914 1964 8
1962 2012 8
1963 1962 8
1964 1963 8
2012 2062 8
2062 2112 8
2112 2162 8
2162 2212 8
2212 2262 8
2262 2312 8
2312 2362 8
2361 4861 8
2362 2361 8
2362 2412 8
4851 2351 8
4852 4851 8
4853 4852 8
4854 4853 8
4855 4854 8
4856 4855 8
4857 4856 8
4858 4857 8
4859 4858 8
4860 4859 8
4861 4860 8
2412 2462 8
1491 1492 9
1492 1493 9
1493 1494 9
1494 1544 9
3991 1491 9
1544 1594 9
4041 3991 9
1594 4094 9
1596 4096 9
4046 4047 9
4047 4048 9
4048 4049 9
4049 4050 9
4050 1550 9
4090 4091 9
4091 4041 9
4094 4144 9
1646 1596 9
4096 4046 9
1651 1652 9
1652 1653 9
1653 1654 9
1654 1655 9
1655 1705 9
4140 4090 9
4144 4194 9
1695 1696 9
1696 1646 9
1705 1755 9
1740 4240 9
4190 4140 9
4194 4195 9
4195 1695 9
1755 1805 9
1788 1789 9
1789 1790 9
1790 1740 9
4240 4190 9
1805 1806 9
1806 1807 9
1807 1808 9
1808 1809 9
1809 1810 9
1810 1860 9
1835 1836 9
1836 1837 9
1837 1838 9
1838 1788 9
1860 4360 9
1883 1884 9
1884 1885 9
1885 1835 9
4360 4361 9
4361 4362 9
4362 4363 9
4363 4364 9
4364 4365 9
4364 4414 9
4365 4366 9
4366 4367 9
4367 4368 9
4368 4369 9
4369 4370 9
4370 4371 9
4371 4372 9
4372 4373 9
4373 4374 9
4374 4375 9
4375 4376 9
4376 4377 9
4377 4378 9
4378 4379 9
4379 4380 9
4380 4381 9
4381 4382 9
4382 4383 9
4383 1883 9
4414 4464 9
2014 2064 9
4464 4514 9
2064 2114 9
4514 2014 9
2114 2164 9
2164 2214 9
2214 2264 9
2264 2314 9
2314 2364 9
2364 2414 9
2414 2464 9
 45  95 10
 95 145 10
145 2645 10
2641 2691 10
2642 2641 10
2643 2642 10
2644 2643 10
2645 2644 10
2690 2740 10
2691 2690 10
2730 2780 10
2731 2730 10
2732 2731 10
2733 2732 10
2734 2733 10
2735 2734 10
2736 2735 10
2737 2736 10
2738 2737 10
2739 2738 10
2740 2739 10
2778 2828 10
2779 2778 10
2780 2779 10
2828 2878 10
2875 2925 10
2876 2875 10
2877 2876 10
2878 2877 10
2925 2975 10
2974 3024 10
2975 2974 10
3024 3074 10
3073 3123 10
3074 3073 10
3123 3173 10
3173 3223 10
3223 3273 10
3271 3321 10
3272 3271 10
3273 3272 10
3321 3371 10
902 901 10
903 902 10
904 903 10
3371 3421 10
3404 904 10
3405 3404 10
3406 3405 10
3407 3406 10
3408 3407 10
3409 3408 10
3410 3409 10
3411 3410 10
3412 3411 10
3413 3412 10
3414 3413 10
3415 3414 10
3416 3415 10
3417 3416 10
3418 3417 10
969 1019 10
3419 3418 10
3419 3469 10
3420 3419 10
3421 3420 10
1019 1069 10
3469 969 10
1069 1119 10
1119 1169 10
1169 1219 10
1219 1269 10
1269 1319 10
1319 1369 10
1369 1419 10
1419 1469 10
1469 1519 10
1519 1569 10
1569 1619 10
1619 4119 10
4119 4169 10
4169 4219 10
1768 1818 10
4219 4269 10
1818 1868 10
4268 1768 10
4269 4268 10
1868 1918 10
1918 1968 10
1968 2018 10
2018 2068 10
2068 2118 10
2118 2168 10
2168 2218 10
2218 4718 10
4718 4768 10
4768 4818 10
4818 4868 10
2418 2468 10
4868 4918 10
2468 2467 10
4918 2418 10
 59   9 11
109  59 11
159 109 11
209 159 11
259 209 11
309 259 11
359 309 11
2859 359 11
2909 2859 11
2959 2909 11
3009 2959 11
3059 3009 11
3109 3059 11
3158 3159 11
3159 3109 11
3208 3158 11
3258 3208 11
3306 3307 11
3307 3308 11
3308 3258 11
3353 3354 11
3354 3355 11
3355 3356 11
3356 3306 11
3401 3402 11
3402 3403 11
3403 3353 11
3451 3401 11
3501 3451 11
3551 3501 11
3601 1101 11
3601 3551 11
3651 3601 11
3701 3651 11
3751 3701 11
3801 3751 11
3851 3801 11
3901 3851 11
3951 3901 11
4001 3951 11
4051 4001 11
4101 4051 11
1701 4201 11
4151 4101 11
1751 1701 11
4201 4151 11
1801 1751 11
1851 1801 11
1901 1851 11
1951 1901 11
2001 1951 11
349 350 12
391 392 12
392 393 12
393 2893 12
397 398 12
398 399 12
399 349 12
2890 2891 12
2891 391 12
2893 2894 12
2894 2895 12
2895 2896 12
2896 2897 12
2897 397 12
2940 2890 12
2987 2988 12
2988 2989 12
2989 2990 12
2990 2940 12
3033 3034 12
3034 3035 12
3035 3036 12
3036 3037 12
3037 2987 12
3077 3078 12
3078 3079 12
3079 3080 12
3080 3081 12
3081 3082 12
3082 3083 12
3083 3033 12
3127 3077 12
3177 3127 12
3227 3177 12
3277 3227 12
3327 3277 12
3377 3327 12
3426 3427 12
3427 3377 12
1015 1016 12
1016 3516 12
3470 3471 12
3471 3472 12
3472 3473 12
3473 3474 12
3474 3475 12
3475 3476 12
3476 3426 12
1065 1015 12
3516 3517 12
3517 3518 12
3518 3519 12
3519 3520 12
3520 3470 12
1115 1065 12
1165 1115 12
1215 1165 12
1265 1215 12
1315 1265 12
1365 1315 12
1414 1415 12
1415 1365 12
1464 1414 12
1501 1502 12
1502 1503 12
1503 1504 12
1504 1505 12
1505 1506 12
1506 1507 12
1507 1508 12
1508 1509 12
1509 1510 12
1510 1511 12
1511 1512 12
1512 1513 12
1513 1514 12
1514 1464 12
1551 1501 12
1601 1551 12
