# Cost: 1797

# Tail Head Net
 85   5 1
165  85 1
245 165 1
325 245 1
405 325 1
485 405 1
565 485 1
645 565 1
701 702 1
702 703 1
703 704 1
704 705 1
705 706 1
706 707 1
707 708 1
708 709 1
709 710 1
710 711 1
711 712 1
712 713 1
713 714 1
714 715 1
715 716 1
716 717 1
717 718 1
718 719 1
719 720 1
725 645 1
781 701 1
805 725 1
861 781 1
885 805 1
941 861 1
965 885 1
1021 941 1
1045 965 1
1101 1021 1
1125 1045 1
1181 1101 1
1205 1125 1
1261 1181 1
1285 1205 1
1341 1261 1
1365 1285 1
1421 1341 1
1445 1365 1
1501 1421 1
1525 1445 1
1581 1501 1
1605 1525 1
1661 1581 1
1685 1605 1
1741 1661 1
1765 1685 1
1821 1741 1
1845 1765 1
1901 1821 1
1925 1845 1
1981 1901 1
2005 1925 1
2061 1981 1
2085 2005 1
2141 2061 1
2165 2085 1
2221 2141 1
2245 2165 1
2301 2221 1
2325 2245 1
2381 2301 1
2405 2325 1
2461 2381 1
2485 2405 1
2541 2461 1
2565 2485 1
2621 2541 1
2645 2565 1
2701 2621 1
2725 2645 1
2781 2701 1
2805 2725 1
2806 2805 1
2807 2806 1
2861 2781 1
2887 2807 1
2941 2861 1
2967 2887 1
3021 2941 1
3047 2967 1
3101 3021 1
3127 3047 1
3181 3101 1
3207 3127 1
3261 3181 1
3287 3207 1
3341 3261 1
3367 3287 1
3421 3341 1
3447 3367 1
3501 3421 1
3527 3447 1
3581 3501 1
3607 3527 1
3661 3581 1
3687 3607 1
3741 3661 1
3767 3687 1
3821 3741 1
3847 3767 1
3901 3821 1
3927 3847 1
3981 3901 1
4007 3927 1
4061 3981 1
4087 4007 1
4141 4061 1
4167 4087 1
4221 4141 1
4247 4167 1
4301 4221 1
4327 4247 1
4381 4301 1
4407 4327 1
4461 4381 1
4487 4407 1
4541 4461 1
4567 4487 1
4621 4541 1
4647 4567 1
4701 4621 1
4727 4647 1
4781 4701 1
4807 4727 1
4861 4781 1
4887 4807 1
4941 4861 1
4967 4887 1
5021 4941 1
5047 4967 1
5101 5021 1
5127 5047 1
5181 5101 1
5207 5127 1
5261 5181 1
5287 5207 1
5288 5287 1
5289 5288 1
5290 5289 1
5341 5261 1
5370 5290 1
5421 5341 1
5450 5370 1
5501 5421 1
5530 5450 1
5581 5501 1
5610 5530 1
5661 5581 1
5690 5610 1
5741 5661 1
5770 5690 1
5821 5741 1
5850 5770 1
5851 5850 1
5852 5851 1
5901 5821 1
5932 5852 1
5981 5901 1
6012 5932 1
6013 6012 1
6014 6013 1
6061 5981 1
6094 6014 1
6095 6094 1
6141 6061 1
6175 6095 1
6176 6175 1
6177 6176 1
6221 6141 1
6257 6177 1
6257 6337 1
6258 6257 1
6259 6258 1
6260 6259 1
6261 6260 1
6262 6261 1
6263 6262 1
6264 6263 1
6265 6264 1
6266 6265 1
6267 6266 1
6268 6267 1
6269 6268 1
6270 6269 1
6271 6270 1
6272 6271 1
6273 6272 1
6274 6273 1
6275 6274 1
6276 6275 1
6277 6276 1
6278 6277 1
6279 6278 1
6280 6279 1
6281 6280 1
6281 6361 1
6282 6281 1
6283 6282 1
6284 6283 1
6285 6284 1
6286 6285 1
6287 6286 1
6288 6287 1
6289 6288 1
6290 6289 1
6291 6290 1
6292 6291 1
6293 6292 1
6294 6293 1
6295 6294 1
6296 6295 1
6297 6296 1
6298 6297 1
6299 6298 1
6300 6299 1
6301 6221 1
6301 6300 1
6381 6301 1
5911 5912 2
5912 5913 2
5913 5914 2
5914 5915 2
5915 5916 2
5916 5917 2
5917 5918 2
5918 5919 2
5919 5920 2
5991 5911 2
6069 6070 2
6070 6071 2
6071 5991 2
6148 6149 2
6149 6069 2
6225 6226 2
6226 6227 2
6227 6228 2
6228 6148 2
6305 6225 2
6322 6321 2
6323 6322 2
6324 6323 2
6324 6325 2
6325 6326 2
6326 6327 2
6327 6328 2
6328 6329 2
6329 6330 2
6330 6331 2
6331 12731 2
6362 6363 2
6363 6364 2
6364 6365 2
6365 6366 2
6366 6367 2
6367 6368 2
6368 6369 2
6369 6370 2
6370 6371 2
6371 6372 2
6372 12772 2
12699 12700 2
12700 12701 2
12701 12702 2
12702 12703 2
12703 12704 2
12704 12705 2
12705 6305 2
12731 12732 2
12732 12733 2
12733 12734 2
12734 12735 2
12735 12736 2
12736 12737 2
12737 12738 2
12738 12739 2
12739 12740 2
12740 12741 2
12741 12742 2
12742 12743 2
12743 12744 2
12744 12745 2
12745 12746 2
12746 12747 2
12747 12748 2
12748 12749 2
12749 12750 2
12750 12751 2
12751 12752 2
12752 12753 2
12753 12754 2
12754 12755 2
12755 12756 2
12756 12757 2
12757 12758 2
12758 12759 2
12759 12760 2
12760 12761 2
12761 12762 2
12762 6362 2
12772 19172 2
19093 19094 2
19094 19095 2
19095 19096 2
19096 19097 2
19097 19098 2
19098 19099 2
19099 12699 2
19172 19173 2
19173 19093 2
 87   7 3
 88  87 3
 89  88 3
 90  89 3
 91  90 3
 92  91 3
 14  94 3
 93  92 3
 15  14 3
 94  93 3
 16  15 3
 16  96 3
 17  16 3
 96 176 3
 18  17 3
 19  18 3
 20  19 3
 21  20 3
 22  21 3
176 256 3
256 336 3
336 416 3
416 496 3
496 576 3
576 656 3
656 736 3
736 816 3
816 896 3
896 976 3
976 1056 3
1056 1136 3
1136 1216 3
1216 1296 3
1296 1376 3
1376 1456 3
1456 1536 3
1536 1616 3
1616 1696 3
1696 1776 3
1776 1856 3
1856 1936 3
1936 2016 3
2016 2096 3
2096 2176 3
2176 2256 3
2256 2336 3
2336 2416 3
2416 2496 3
2496 2576 3
2576 2656 3
2656 2736 3
2736 2816 3
2816 2896 3
2896 2976 3
2976 3056 3
3056 3136 3
3136 3216 3
3216 3296 3
3296 3376 3
3376 3456 3
3456 3536 3
3536 3616 3
3616 3696 3
3696 3776 3
3776 3856 3
3856 3936 3
3936 4016 3
4016 4096 3
4096 4176 3
4176 4256 3
4256 4336 3
4336 4416 3
4416 4496 3
4496 4576 3
4576 4656 3
4656 4736 3
4736 4816 3
4816 4896 3
4896 4976 3
4976 5056 3
5056 5136 3
5136 5216 3
5216 5296 3
5296 5376 3
5376 5456 3
5456 5536 3
5536 5616 3
5616 5696 3
5696 5776 3
5776 5856 3
5856 5936 3
5936 6016 3
6016 6096 3
6096 12496 3
12496 12576 3
6253 6333 3
6254 6253 3
6255 6254 3
6256 6255 3
6256 6336 3
12576 12656 3
6333 6332 3
12656 6256 3
112  32 4
192 112 4
272 192 4
352 272 4
432 352 4
512 432 4
592 512 4
672 592 4
752 672 4
832 752 4
912 832 4
992 912 4
1072 992 4
1152 1072 4
1232 1152 4
1312 1232 4
1392 1312 4
1472 1392 4
1552 1472 4
1632 1552 4
1712 1632 4
1792 1712 4
1872 1792 4
1952 1872 4
2032 1952 4
2112 2032 4
2192 2112 4
2272 2192 4
2352 2272 4
2432 2352 4
2512 2432 4
2592 2512 4
2672 2592 4
2752 2672 4
2832 2752 4
2912 2832 4
2992 2912 4
3072 2992 4
3152 3072 4
3232 3152 4
3312 3232 4
3392 3312 4
3472 3392 4
3552 3472 4
3632 3552 4
3712 3632 4
3744 3824 4
10112 3712 4
10112 10113 4
10113 10114 4
10114 10115 4
10115 10116 4
10116 10117 4
10117 10118 4
10118 10119 4
10119 10120 4
10120 10121 4
10121 10122 4
10122 10123 4
10123 10124 4
10124 10125 4
10125 10126 4
10126 10127 4
10127 10128 4
10128 10129 4
10129 10130 4
10130 10131 4
10131 10132 4
10132 10133 4
10133 10134 4
10134 10135 4
10135 10136 4
10136 10137 4
10137 10138 4
10138 10139 4
10139 10140 4
10140 10141 4
10141 10142 4
10142 10143 4
10143 10144 4
3824 3904 4
10144 3744 4
10144 10145 4
10145 10146 4
10146 10147 4
10147 10148 4
10148 10149 4
10149 10150 4
10150 10151 4
10151 10152 4
10152 10153 4
10153 10154 4
10154 10155 4
10155 10235 4
3839 3840 4
10190 10191 4
10191 10192 4
10192 10112 4
3904 3984 4
10235 10236 4
10236 10237 4
10237 10238 4
10238 10239 4
10239 3839 4
10270 10190 4
3984 4064 4
10329 10330 4
10330 10331 4
10331 10332 4
10332 10333 4
10333 10334 4
10334 10335 4
10335 10336 4
10336 10337 4
10337 10338 4
10338 10339 4
10339 10340 4
10340 10341 4
10341 10342 4
10342 10343 4
10343 10344 4
10344 10345 4
10345 10346 4
10346 10347 4
10347 10348 4
10348 10349 4
10349 10350 4
10350 10270 4
4064 4144 4
4081 4082 4
4082 4083 4
4083 4084 4
4084 4085 4
4085 10485 4
10406 10407 4
10407 10408 4
10408 10409 4
10409 10329 4
4144 4224 4
4161 4081 4
10485 10486 4
10486 10406 4
4224 4304 4
4241 4161 4
4304 4384 4
4321 4241 4
4384 4464 4
4401 4321 4
4464 4544 4
4481 4401 4
4544 4624 4
4561 4481 4
4624 4704 4
4641 4561 4
4704 4784 4
4721 4641 4
4784 4864 4
4864 4944 4
4944 5024 4
5024 5104 4
5104 5184 4
5184 5264 4
5264 5344 4
5344 5424 4
5424 5504 4
5504 5584 4
5584 5664 4
5664 5744 4
5744 5824 4
5824 5904 4
5904 5984 4
5984 6064 4
6064 6144 4
6144 6224 4
6224 6304 4
6304 6384 4
 69 6469 5
6469 6549 5
6549 6629 5
6629 6709 5
6709 6789 5
6789 6869 5
6869 6949 5
6949 7029 5
7029 7109 5
7109 7189 5
7189 7269 5
7269 7349 5
7349 7429 5
7429 7509 5
7509 7589 5
7589 7669 5
7669 7749 5
7749 7829 5
7829 7909 5
7909 7989 5
7989 8069 5
8069 8149 5
8149 8229 5
8229 8309 5
8309 8389 5
8389 8469 5
8469 8549 5
8549 8629 5
8629 8709 5
8709 8789 5
2469 2470 5
8789 8869 5
2470 2471 5
2471 2472 5
2472 2473 5
2473 2474 5
2474 2475 5
2475 2476 5
2476 2477 5
2477 2478 5
2478 2479 5
2479 2480 5
8869 2469 5
8869 8949 5
8949 9029 5
9029 9109 5
9109 9189 5
9189 9269 5
9269 9349 5
9349 9429 5
9429 9509 5
9509 9589 5
9589 9669 5
9669 9749 5
9749 9829 5
9829 9909 5
9909 9989 5
9989 10069 5
10001 3601 5
10002 10001 5
10003 10002 5
10004 10003 5
10005 10004 5
10006 10005 5
10007 10006 5
10008 10007 5
10009 10008 5
10010 10009 5
10011 10010 5
10012 10011 5
10013 10012 5
10014 10013 5
10015 10014 5
10016 10015 5
10017 10016 5
10018 10017 5
10019 10018 5
10020 10019 5
10021 10020 5
10022 10021 5
10023 10022 5
10024 10023 5
10025 10024 5
10026 10025 5
10027 10026 5
10028 10027 5
10029 10028 5
10030 10029 5
10031 10030 5
10032 10031 5
10033 10032 5
10034 10033 5
10035 10034 5
10036 10035 5
10037 10036 5
10038 10037 5
10039 10038 5
10040 10039 5
10041 10040 5
10042 10041 5
10043 10042 5
10044 10043 5
10045 10044 5
10046 10045 5
10047 10046 5
10048 10047 5
10049 10048 5
10050 10049 5
10051 10050 5
10052 10051 5
10053 10052 5
10054 10053 5
10055 10054 5
10056 10055 5
10057 10056 5
10058 10057 5
10059 10058 5
10060 10059 5
10061 10060 5
10062 10061 5
10063 10062 5
10064 10063 5
10065 10064 5
10066 10065 5
10067 10066 5
10068 10067 5
10069 10068 5
2400 8800 6
8800 8880 6
8880 8960 6
8960 9040 6
9040 9120 6
9120 2720 6
9120 9200 6
9200 9280 6
9280 9360 6
9360 9440 6
9440 9520 6
9520 9600 6
9600 9680 6
9680 9760 6
9760 9840 6
9840 9920 6
9920 10000 6
10000 10080 6
10080 10160 6
10160 10240 6
10240 10320 6
10320 10400 6
10400 10480 6
10480 10560 6
10560 10640 6
10640 10720 6
10720 10800 6
10800 10880 6
10880 10960 6
10960 11040 6
11040 11120 6
11120 11200 6
11200 11280 6
11280 11360 6
11360 11440 6
11440 11520 6
11520 11600 6
11600 11680 6
11675 11755 6
11676 11675 6
11677 11676 6
11678 11677 6
11679 11678 6
11680 11679 6
11681 5281 6
11682 11681 6
11683 11682 6
11684 11683 6
11685 11684 6
11686 11685 6
11687 11686 6
11688 11687 6
11689 11688 6
11690 11689 6
11691 11690 6
11692 11691 6
11693 11692 6
11694 11693 6
11695 11694 6
11696 11695 6
11697 11696 6
11698 11697 6
11699 11698 6
11700 11699 6
11701 11700 6
11702 11701 6
11703 11702 6
11704 11703 6
11705 11704 6
11706 11705 6
11707 11706 6
11708 11707 6
11709 11708 6
11710 11709 6
11711 11710 6
11712 11711 6
11713 11712 6
11714 11713 6
11715 11714 6
11716 11715 6
11717 11716 6
11718 11717 6
11719 11718 6
11720 11719 6
11721 11720 6
11722 11721 6
11723 11722 6
11724 11723 6
11725 11724 6
11726 11725 6
11727 11726 6
11728 11727 6
11729 11728 6
11730 11729 6
11731 11730 6
11732 11731 6
11733 11732 6
11734 11733 6
11735 11734 6
11736 11735 6
11737 11736 6
11738 11737 6
11739 11738 6
11740 11739 6
11741 11740 6
11742 11741 6
11743 11742 6
11744 11743 6
11745 11744 6
11746 11745 6
11747 11746 6
11748 11747 6
11749 11748 6
11750 11749 6
11751 11750 6
11752 11751 6
11753 11752 6
11754 11753 6
11755 11754 6
8719 8720 7
8720 2320 7
8799 8719 7
8879 8799 7
8959 8879 7
9039 8959 7
9119 9039 7
9199 9119 7
9279 9199 7
9359 9279 7
9439 9359 7
9519 9439 7
9599 9519 7
9679 9599 7
9759 9679 7
9839 9759 7
3582 9982 7
3583 3582 7
3584 3583 7
3585 3584 7
3586 3585 7
3587 3586 7
3588 3587 7
3589 3588 7
3590 3589 7
3591 3590 7
3592 3591 7
3593 3592 7
3594 3593 7
3595 3594 7
3596 3595 7
3597 3596 7
3598 3597 7
3598 3599 7
3599 9999 7
9919 9839 7
9921 3521 7
9922 9921 7
9923 9922 7
9924 9923 7
9925 9924 7
9926 9925 7
9927 9926 7
9928 9927 7
9929 9928 7
9930 9929 7
9931 9930 7
9932 9931 7
9933 9932 7
9934 9933 7
9935 9934 7
9936 9935 7
9937 9936 7
9938 9937 7
9939 9938 7
9940 9939 7
9941 9940 7
9942 9941 7
9943 9942 7
9944 9943 7
9945 9944 7
9946 9945 7
9947 9946 7
9948 9947 7
9949 9948 7
9950 9949 7
9951 9950 7
9952 9951 7
9953 9952 7
9954 9953 7
9955 9954 7
9956 9955 7
9957 9956 7
9958 9957 7
9959 9958 7
9960 9959 7
9961 9960 7
9962 9961 7
9963 9962 7
9964 9963 7
9965 9964 7
9966 9965 7
9967 9966 7
9968 9967 7
9969 9968 7
9970 9969 7
9971 9970 7
9972 9971 7
9973 9972 7
9974 9973 7
9975 9974 7
9976 9975 7
9977 9976 7
9978 9977 7
9979 9978 7
9980 9979 7
9981 9980 7
9982 9981 7
3678 3598 7
9999 9919 7
3758 3678 7
3838 3758 7
3918 3838 7
3998 3918 7
4078 3998 7
4158 4078 7
4238 4158 7
4318 4238 7
4398 4318 7
4478 4398 7
4558 4478 7
4638 4558 7
4718 4638 7
4798 4718 7
4878 4798 7
4958 4878 7
5038 4958 7
5118 5038 7
5198 5118 7
5278 5198 7
5358 5278 7
5359 5358 7
5439 5359 7
5440 5439 7
5520 5440 7
125  45 8
205 125 8
285 205 8
365 285 8
445 365 8
525 445 8
605 525 8
685 605 8
765 685 8
845 765 8
925 845 8
1005 925 8
1085 1005 8
1165 1085 8
1245 1165 8
1325 1245 8
1405 1325 8
1485 1405 8
1502 1503 8
1503 1504 8
1504 1505 8
1505 1506 8
1506 1507 8
1507 1508 8
1508 1509 8
1509 1510 8
1510 1511 8
1511 1512 8
1512 1513 8
1513 1514 8
1514 1515 8
1515 1516 8
1516 1517 8
1517 1518 8
1518 1519 8
1519 1520 8
7862 7863 8
7863 7864 8
7864 7865 8
7865 7866 8
7866 7867 8
7867 7868 8
7868 7869 8
7869 7870 8
7870 7871 8
7871 7872 8
7872 7873 8
7873 7874 8
7874 7875 8
7875 7876 8
7876 7877 8
7877 7878 8
7878 7879 8
7879 7880 8
7880 7881 8
7881 7882 8
7882 7883 8
7883 7884 8
7884 7885 8
7885 1485 8
7885 7886 8
7886 7887 8
7887 7888 8
7888 7889 8
7889 7890 8
7890 7891 8
7891 7892 8
7892 7893 8
7893 7894 8
7894 7895 8
7895 7896 8
7896 7897 8
7897 7898 8
7898 7899 8
7899 7900 8
7900 7901 8
7901 7902 8
7902 1502 8
1601 8001 8
7926 7927 8
7927 7928 8
7928 7929 8
7929 7930 8
7930 7931 8
7931 7932 8
7932 7933 8
7933 7934 8
7934 7935 8
7935 7936 8
7936 7937 8
7937 7938 8
7938 7939 8
7939 7940 8
7940 7941 8
7941 7942 8
7942 7862 8
8001 8002 8
8002 8003 8
8003 8004 8
8004 8005 8
8005 8006 8
8006 7926 8
1761 1841 9
1841 1921 9
1921 2001 9
2001 2081 9
2081 2161 9
2161 2241 9
2241 2321 9
2321 2401 9
2401 2481 9
2481 2561 9
2561 2641 9
2641 2721 9
2721 2801 9
2801 2881 9
2881 2961 9
2961 3041 9
3041 3121 9
3121 3201 9
3201 3281 9
3281 3361 9
3361 3441 9
3441 3442 9
3442 3522 9
3522 3602 9
3602 3682 9
3682 3762 9
3762 3842 9
3842 3922 9
3922 4002 9
4002 4003 9
4003 4004 9
4004 4005 9
4005 4006 9
4006 4086 9
4086 4166 9
4166 4246 9
4246 4326 9
4326 4406 9
4406 4486 9
4486 4566 9
4566 4646 9
4646 4726 9
4726 4806 9
4806 4886 9
4886 4966 9
4966 5046 9
5046 5126 9
5126 5206 9
5206 5286 9
5286 5366 9
5366 11766 9
11766 11846 9
11846 11926 9
11926 12006 9
12006 12086 9
12086 12166 9
12166 12246 9
12246 12326 9
12326 12406 9
12406 12407 9
12407 12408 9
12408 12409 9
12409 12410 9
12410 12411 9
12411 12412 9
12412 12413 9
12413 12414 9
12414 12415 9
12415 12416 9
12416 12417 9
12417 12497 9
12497 12577 9
12577 12657 9
12657 12658 9
12658 12659 9
12659 12660 9
12660 12661 9
12661 12662 9
12662 12663 9
12663 12664 9
12664 12665 9
12665 12666 9
12666 12667 9
12667 12668 9
12668 12669 9
12669 12670 9
12670 12671 9
12671 12672 9
12672 12673 9
12673 12674 9
12674 12675 9
12675 12676 9
12676 12677 9
12677 12678 9
12678 12679 9
12679 12680 9
12680 12681 9
12681 12682 9
12682 12683 9
12683 12684 9
12684 12685 9
12685 12686 9
12686 12687 9
12687 12688 9
12688 12689 9
12689 12690 9
12690 12691 9
12691 12692 9
12692 12693 9
12693 12773 9
12773 12774 9
12774 12775 9
12775 12776 9
12776 12777 9
12777 12778 9
12778 12779 9
12779 12780 9
12780 12781 9
12781 12782 9
12782 12783 9
12783 12784 9
12784 12785 9
12785 12786 9
12786 12787 9
12787 12788 9
12788 12789 9
12789 12790 9
12790 12791 9
12791 12792 9
12792 12793 9
12793 12794 9
12794 12795 9
12795 12796 9
12796 12797 9
12797 12798 9
12798 12799 9
12799 6399 9
881 801 10
961 881 10
1041 961 10
1121 1041 10
1201 1121 10
1281 1201 10
1361 1281 10
7761 1361 10
5361 11761 10
5441 5361 10
11761 18161 10
5521 5441 10
5601 5521 10
5681 5601 10
5761 5681 10
5841 5761 10
5921 5841 10
6001 5921 10
14161 7761 10
14241 14161 10
14321 14241 10
14401 14321 10
14481 14401 10
14561 14481 10
14641 14561 10
14721 14641 10
14801 14721 10
14881 14801 10
14961 14881 10
15041 14961 10
15121 15041 10
15201 15121 10
15281 15201 10
15361 15281 10
15441 15361 10
15521 15441 10
15601 15521 10
15681 15601 10
15761 15681 10
15841 15761 10
15921 15841 10
16001 15921 10
16081 16001 10
16161 16081 10
16241 16161 10
16321 16241 10
16401 16321 10
16481 16401 10
16561 16481 10
16641 16561 10
16721 16641 10
16801 16721 10
16881 16801 10
16961 16881 10
17041 16961 10
17121 17041 10
17201 17121 10
17281 17201 10
17361 17281 10
17441 17361 10
17521 17441 10
17601 17521 10
17681 17601 10
17761 17681 10
17841 17761 10
17921 17841 10
18001 17921 10
18081 18001 10
18161 18081 10
2639 2719 11
2640 2639 11
2719 2799 11
2799 2879 11
2879 2959 11
2959 3039 11
3039 3119 11
3119 3199 11
3199 3279 11
3279 3359 11
3359 3439 11
3439 3519 11
3510 9910 11
3511 3510 11
3512 3511 11
3513 3512 11
3514 3513 11
3515 3514 11
3516 3515 11
3517 3516 11
3518 3517 11
3519 3518 11
9910 9990 11
3663 3743 11
3664 3663 11
3665 3664 11
3666 3665 11
3667 3666 11
3668 3667 11
3669 3668 11
3670 3669 11
9990 10070 11
3743 3823 11
10070 3670 11
3823 3903 11
3903 3983 11
3983 4063 11
4063 4143 11
4143 4223 11
4223 4303 11
4303 4383 11
4383 4463 11
4463 4543 11
4543 4623 11
4623 4703 11
4703 4783 11
4783 4863 11
4863 4943 11
4943 5023 11
5023 5103 11
5103 5183 11
5183 5263 11
5263 5343 11
5343 5423 11
5423 5503 11
5503 5583 11
5583 5663 11
5663 5743 11
5743 5823 11
5823 5903 11
5903 5983 11
5983 6063 11
6063 6143 11
6143 6223 11
6223 6303 11
6303 6383 11
6383 6382 11
4881 11281 12
4959 4960 12
4960 5040 12
11281 11282 12
11282 11283 12
11283 11284 12
11284 11285 12
11285 11286 12
11286 11287 12
11287 11288 12
11288 11289 12
11289 11290 12
11290 11291 12
11291 11292 12
11292 11293 12
11293 11294 12
11294 11295 12
11295 11296 12
11296 11297 12
11297 11298 12
11298 11299 12
11299 11300 12
11300 11301 12
11301 11302 12
11302 11303 12
11303 11304 12
11304 11305 12
11305 11306 12
11306 11307 12
11307 11308 12
11308 11309 12
11309 11310 12
11310 11311 12
11311 11312 12
11312 11313 12
11313 11314 12
11314 11315 12
11315 11316 12
11316 11317 12
11317 11318 12
11318 11319 12
11319 11320 12
11320 11321 12
11321 11322 12
11322 11323 12
11323 11324 12
11324 11325 12
11325 11326 12
11326 11327 12
11327 11328 12
11328 11329 12
11329 11330 12
11330 11331 12
11331 11332 12
11332 11333 12
11333 11334 12
11334 11335 12
11335 11336 12
11336 11337 12
11337 11338 12
11338 11339 12
11339 11340 12
11340 11341 12
11341 11342 12
11342 11343 12
11343 11344 12
11344 11345 12
11345 11346 12
11346 11347 12
11347 11348 12
11348 11349 12
11349 11350 12
11350 11351 12
11351 11352 12
11352 11353 12
11353 11354 12
11354 11355 12
11355 11356 12
11356 11357 12
11357 11358 12
11358 11359 12
11359 4959 12
5040 5120 12
5120 5200 12
5200 5280 12
5280 5360 12
 37 6437 13
6437 12837 13
2960 2880 13
3040 2960 13
3120 3040 13
3200 3120 13
3280 3200 13
3360 3280 13
3440 3360 13
3520 3440 13
3600 3520 13
3679 3680 13
3680 3600 13
10071 10072 13
10072 10073 13
10073 10074 13
10074 10075 13
10075 10076 13
10076 10077 13
10077 10078 13
10078 10079 13
10079 3679 13
12837 12917 13
12917 12997 13
12997 13077 13
13077 13157 13
13157 13237 13
13237 13317 13
13317 13397 13
13397 13477 13
13477 13557 13
13557 13637 13
13637 13717 13
13717 13797 13
13797 13877 13
13877 13957 13
13957 14037 13
14037 14117 13
14117 14197 13
14197 14277 13
14277 14357 13
14357 14437 13
14437 14517 13
14517 14597 13
14597 14677 13
14677 14757 13
14757 14837 13
14837 14917 13
14917 14997 13
14997 15077 13
15077 15157 13
15157 15237 13
15237 15317 13
15317 15397 13
15397 15477 13
15477 15557 13
15557 15637 13
15637 15717 13
15717 15797 13
15797 15877 13
15877 15957 13
15957 16037 13
16037 16117 13
16117 16197 13
16197 16277 13
16277 16357 13
16357 16437 13
16437 16438 13
16438 16439 13
16439 16440 13
16440 16441 13
16441 16442 13
16442 16443 13
16443 16444 13
16444 16445 13
16445 16446 13
16446 16447 13
16447 16448 13
16448 16449 13
16449 16450 13
16450 16451 13
16451 16452 13
16452 16453 13
16453 16454 13
16454 16455 13
16455 16456 13
16456 16457 13
16457 16458 13
16458 16459 13
16459 16460 13
16460 16461 13
16461 16462 13
16462 16463 13
16463 16464 13
16464 16465 13
16465 16466 13
16466 16467 13
16467 16468 13
16468 16469 13
16469 16470 13
16470 16471 13
16471 10071 13
 13 6413 14
6413 6414 14
6414 6415 14
6415 6416 14
6416 6417 14
6417 6418 14
6418 6419 14
6419 6420 14
6420 6421 14
6421 6422 14
6422 6423 14
6423 6424 14
6424 6425 14
6425 6426 14
6426 6427 14
6427 6428 14
6428 6429 14
6429 6430 14
6430 6431 14
6431 6432 14
6432 6433 14
6433 6434 14
6434 6435 14
6435 6436 14
6436 6516 14
129 130 14
130 131 14
131 132 14
132 133 14
133 134 14
134 135 14
135 136 14
136 137 14
137 138 14
138 139 14
139 140 14
140 141 14
141 142 14
142 143 14
143 144 14
144 145 14
145 146 14
146 147 14
147 148 14
148 149 14
 70  71 14
149 150 14
150  70 14
6516 6517 14
6517 6518 14
6518 6519 14
6519 6520 14
6520 6521 14
6521 6522 14
6522 6523 14
6523 6524 14
6524 6525 14
6525 6526 14
6526 6527 14
6527 6528 14
6528 6529 14
6529 129 14
 27 107 15
107 187 15
187 267 15
267 347 15
347 427 15
427 507 15
507 587 15
587 667 15
667 747 15
747 827 15
827 907 15
907 987 15
987 1067 15
1067 1147 15
1147 1227 15
1227 1307 15
1307 1387 15
1387 1467 15
1467 1547 15
1547 1627 15
1627 1707 15
1707 1787 15
1787 1867 15
1867 1947 15
1947 2027 15
2027 2107 15
2107 2187 15
2187 2267 15
2267 2347 15
2347 2427 15
2427 2507 15
2507 2587 15
2587 2667 15
2667 2747 15
2747 2827 15
2827 2907 15
2907 2987 15
2987 3067 15
3067 3147 15
3147 3227 15
3227 3307 15
3307 3387 15
3387 3467 15
3467 3547 15
3547 3627 15
3627 3707 15
3707 3787 15
3787 3867 15
3867 3947 15
3947 4027 15
4027 4107 15
4107 10507 15
4159 4160 15
10507 10508 15
10508 10509 15
10509 10510 15
10510 10511 15
10511 10512 15
10512 10513 15
10513 10514 15
10514 10515 15
10515 10516 15
10516 10517 15
10517 10518 15
10518 10519 15
10519 10520 15
10520 10521 15
10521 10522 15
10522 10523 15
10523 10524 15
10524 10525 15
10525 10526 15
10526 10527 15
10527 10528 15
10528 10529 15
10529 10530 15
10530 10531 15
10531 10532 15
10532 10533 15
10533 10534 15
10534 10535 15
10535 10536 15
10536 10537 15
10537 10538 15
10538 10539 15
10539 10540 15
10540 10541 15
10541 10542 15
10542 10543 15
10543 10544 15
10544 10545 15
10545 10546 15
10546 10547 15
10547 10548 15
10548 10549 15
10549 10550 15
10550 10551 15
10551 10552 15
10552 10553 15
10553 10554 15
10554 10555 15
10555 10556 15
10556 10557 15
10557 10558 15
10558 10559 15
10559 4159 15
 61  62 16
 62  63 16
 63  64 16
 64  65 16
 65  66 16
 66  67 16
 67  68 16
 68 6468 16
6468 6548 16
6548 6628 16
6628 6708 16
6708 6788 16
6788 6868 16
6868 6948 16
6948 7028 16
7028 7108 16
7108 7188 16
7188 7268 16
7268 7348 16
7348 7428 16
7428 7508 16
7508 7588 16
7588 7668 16
7668 7748 16
7748 7828 16
7828 7908 16
7908 7988 16
7988 8068 16
8068 8148 16
8148 8228 16
8228 8308 16
8308 8388 16
8388 8468 16
8468 8548 16
8548 8628 16
8628 8708 16
8708 8788 16
8788 8868 16
8868 8948 16
8948 9028 16
9028 9108 16
9108 9188 16
9188 9268 16
9268 9348 16
9348 9428 16
9428 9508 16
9508 9588 16
9588 9668 16
9668 9748 16
9748 9828 16
9828 9908 16
9908 9988 16
9988 16388 16
6312 6392 16
6392 6393 16
12712 6312 16
6393 6394 16
6394 6395 16
6395 6396 16
6396 6397 16
16388 16389 16
16389 16390 16
16390 16391 16
16391 16392 16
16392 16472 16
16472 16552 16
16552 16632 16
16632 16712 16
16712 16792 16
16792 16872 16
16872 16952 16
16952 17032 16
17032 17112 16
17112 17192 16
17192 17272 16
17272 17352 16
17352 17432 16
17432 17512 16
17512 17592 16
17592 17672 16
17672 17752 16
17752 17832 16
17832 17912 16
17912 17992 16
17992 18072 16
18072 18152 16
18152 18232 16
18232 18312 16
18312 18392 16
18392 18472 16
18472 18552 16
18552 18632 16
18632 18712 16
18712 18792 16
18792 18872 16
18872 18952 16
18952 19032 16
19032 19112 16
19112 12712 16
