# Cost: 845

# Tail Head Net
841 771 1
911 841 1
981 911 1
1051 981 1
1052 1051 1
1053 1052 1
1123 1053 1
1193 1123 1
1263 1193 1
1333 1263 1
1403 1333 1
1473 1403 1
1543 1473 1
1613 1543 1
1683 1613 1
1753 1683 1
1823 1753 1
1893 1823 1
1963 1893 1
2033 1963 1
2103 2033 1
2173 2103 1
2243 2173 1
2313 2243 1
2383 2313 1
2453 2383 1
2523 2453 1
2593 2523 1
2663 2593 1
2733 2663 1
2803 2733 1
2873 2803 1
2943 2873 1
3013 2943 1
3083 3013 1
3153 3083 1
3223 3153 1
3293 3223 1
3363 3293 1
3433 3363 1
3503 3433 1
3573 3503 1
3643 3573 1
3713 3643 1
3783 3713 1
3853 3783 1
3923 3853 1
3993 3923 1
4063 3993 1
4063 4133 1
4064 4063 1
4065 4064 1
4066 4065 1
4067 4066 1
4133 4203 1
4137 4067 1
4202 4201 1
4203 4202 1
4207 4137 1
4277 4207 1
4347 4277 1
4417 4347 1
4418 4417 1
4419 4418 1
4420 4419 1
4421 4420 1
4491 4421 1
4492 4491 1
4493 4492 1
4494 4493 1
4495 4494 1
4496 4495 1
4497 4496 1
4498 4497 1
4499 4498 1
4500 4499 1
4501 4500 1
4502 4501 1
4503 4502 1
4504 4503 1
4505 4504 1
4506 4505 1
4507 4506 1
4508 4507 1
4509 4508 1
4510 4509 1
4511 4510 1
4512 4511 1
4513 4512 1
4583 4513 1
4653 4583 1
4654 4653 1
4724 4654 1
4725 4724 1
4795 4725 1
4796 4795 1
4797 4796 1
4867 4797 1
4867 4868 1
4868 4869 1
4869 4870 1
4870 4871 1
4871 4872 1
4872 4873 1
4873 4874 1
4874 4875 1
4875 4876 1
4876 4877 1
4877 4878 1
4878 4879 1
4879 4880 1
4880 4881 1
4881 4882 1
4882 4883 1
4883 4884 1
4884 4885 1
4885 4886 1
4886 4887 1
4887 4888 1
4888 4889 1
4889 4890 1
4890 4891 1
211 141 2
212 211 2
282 212 2
352 282 2
422 352 2
492 422 2
562 492 2
632 562 2
5532 632 2
5602 5532 2
5672 5602 2
5742 5672 2
5812 5742 2
5882 5812 2
5952 5882 2
6022 5952 2
6092 6022 2
6162 6092 2
6232 6162 2
6302 6232 2
6372 6302 2
6442 6372 2
6512 6442 2
6582 6512 2
6652 6582 2
6721 1821 2
6722 6652 2
6722 6721 2
6792 6722 2
6793 6792 2
6863 6793 2
6933 6863 2
7003 6933 2
7073 7003 2
7143 7073 2
7213 7143 2
7283 7213 2
7353 7283 2
7423 7353 2
7493 7423 2
7563 7493 2
7633 7563 2
7703 7633 2
7773 7703 2
7843 7773 2
7913 7843 2
7983 7913 2
8053 7983 2
8123 8053 2
8193 8123 2
8263 8193 2
8333 8263 2
8403 8333 2
8473 8403 2
8543 8473 2
8613 8543 2
8683 8613 2
8753 8683 2
8823 8753 2
8893 8823 2
8963 8893 2
4134 9034 2
4135 4134 2
4136 4135 2
9033 8963 2
9034 9033 2
4206 4136 2
4276 4206 2
4346 4276 2
4416 4346 2
4486 4416 2
4487 4486 2
4488 4487 2
4489 4488 2
4490 4489 2
4560 4490 2
4561 4560 2
4562 4561 2
4563 4562 2
4564 4563 2
4565 4564 2
4566 4565 2
4636 4566 2
4706 4636 2
4776 4706 2
4846 4776 2
4846 4847 2
4847 4848 2
4848 4849 2
4849 4850 2
4850 4851 2
4851 4852 2
4852 4853 2
4853 4854 2
  4   3 3
  5   4 3
  6   5 3
  7   6 3
  8   7 3
  9   8 3
 10   9 3
 11  10 3
 12  11 3
 13  12 3
 14  13 3
 15  14 3
 16  15 3
 17  16 3
 87  17 3
157  87 3
227 157 3
228 227 3
229 228 3
230 229 3
231 230 3
232 231 3
233 232 3
234 233 3
235 234 3
236 235 3
237 236 3
238 237 3
239 238 3
240 239 3
241 240 3
242 241 3
243 242 3
244 243 3
245 244 3
246 245 3
247 246 3
248 247 3
249 248 3
250 249 3
251 250 3
252 251 3
253 252 3
254 253 3
255 254 3
256 255 3
257 256 3
258 257 3
259 258 3
260 259 3
261 260 3
262 261 3
263 262 3
264 263 3
265 264 3
266 265 3
267 266 3
268 267 3
269 268 3
270 269 3
271 270 3
272 271 3
273 272 3
274 273 3
275 274 3
276 275 3
277 276 3
278 277 3
348 278 3
418 348 3
488 418 3
558 488 3
628 558 3
698 628 3
768 698 3
838 768 3
908 838 3
978 908 3
1048 978 3
1118 1048 3
1188 1118 3
1258 1188 3
1328 1258 3
1398 1328 3
1468 1398 3
1538 1468 3
1608 1538 3
1678 1608 3
1748 1678 3
1818 1748 3
1888 1818 3
1958 1888 3
2028 1958 3
2098 2028 3
2168 2098 3
2238 2168 3
2308 2238 3
2378 2308 3
2448 2378 3
2518 2448 3
2588 2518 3
2658 2588 3
2728 2658 3
2798 2728 3
2868 2798 3
2938 2868 3
3008 2938 3
3078 3008 3
3148 3078 3
3218 3148 3
3288 3218 3
3358 3288 3
3428 3358 3
3498 3428 3
3499 3498 3
3569 3499 3
3570 3569 3
3640 3570 3
 22  23 4
 23  24 4
 24  25 4
 25  26 4
 26  27 4
 27  28 4
 28  29 4
 29  30 4
 30  31 4
 31  32 4
 32  33 4
 33  34 4
 34  35 4
 35  36 4
 36  37 4
 37  38 4
 38 108 4
108 178 4
178 179 4
179 180 4
180 181 4
181 182 4
182 183 4
183 184 4
184 185 4
185 186 4
186 187 4
187 188 4
188 189 4
189 190 4
190 191 4
191 192 4
192 193 4
193 194 4
194 195 4
195 196 4
196 197 4
197 198 4
198 199 4
199 200 4
200 201 4
201 202 4
202 203 4
203 204 4
204 205 4
205 206 4
206 207 4
207 208 4
208 209 4
209 279 4
279 349 4
349 419 4
419 489 4
489 559 4
559 629 4
629 699 4
699 769 4
769 839 4
839 909 4
909 979 4
979 1049 4
1049 1119 4
1119 1189 4
1189 1259 4
1259 1329 4
1329 1399 4
1399 1469 4
1469 1539 4
1539 1609 4
1609 1679 4
1679 1749 4
1749 1819 4
1819 1889 4
1889 1959 4
1959 2029 4
2029 2099 4
2099 2169 4
2169 2239 4
2239 2309 4
2309 2379 4
2379 2449 4
2449 2519 4
2519 2589 4
2589 2659 4
2659 2729 4
2729 2799 4
2799 2869 4
2869 2939 4
2939 3009 4
3009 3010 4
561 491 5
631 561 5
701 631 5
702 701 5
772 702 5
842 772 5
843 842 5
844 843 5
845 844 5
915 845 5
985 915 5
1055 985 5
1125 1055 5
1126 1125 5
1127 1126 5
1128 1127 5
1129 1128 5
1130 1129 5
1131 1130 5
1132 1131 5
1133 1132 5
1134 1133 5
1135 1134 5
1136 1135 5
1137 1136 5
1138 1137 5
1139 1138 5
1140 1139 5
1141 1140 5
1142 1141 5
1143 1142 5
1144 1143 5
1145 1144 5
1146 1145 5
1147 1146 5
1148 1147 5
1149 1148 5
1150 1149 5
1151 1150 5
1152 1151 5
1153 1152 5
1154 1153 5
1155 1154 5
1156 1155 5
1157 1156 5
1158 1157 5
1159 1158 5
1160 1159 5
1161 1160 5
1162 1161 5
1163 1162 5
1164 1163 5
1165 1164 5
1166 1165 5
1167 1166 5
1168 1167 5
1169 1168 5
1170 1169 5
1171 1170 5
1172 1171 5
1173 1172 5
1174 1173 5
1175 1174 5
1176 1175 5
1177 1176 5
1178 1177 5
1179 1178 5
1180 1179 5
1181 1180 5
1182 1181 5
1183 1182 5
1184 1183 5
1254 1184 5
1324 1254 5
1325 1324 5
1326 1325 5
1396 1326 5
1397 1396 5
6297 1397 5
6298 6297 5
6299 6298 5
1470 1540 5
1470 6370 5
6300 6299 5
1540 1610 5
6370 6300 5
1610 1680 5
1680 1750 5
1750 1820 5
1820 1890 5
1890 1960 5
1960 2030 5
421 5321 6
5321 10221 6
8611 8681 6
8681 8751 6
8751 8821 6
8821 3921 6
8821 8891 6
8891 8961 6
8961 9031 6
9031 9101 6
9101 9171 6
9171 9241 6
9241 9311 6
9311 9381 6
9381 9451 6
9451 9521 6
9521 9591 6
9591 9661 6
4798 4799 6
4799 4800 6
4800 4801 6
4801 4802 6
4802 4803 6
4803 4804 6
4804 4805 6
4805 4806 6
4806 4807 6
4807 4808 6
4808 4809 6
4809 4810 6
4810 4811 6
4811 4812 6
4812 4813 6
4813 4814 6
4814 4815 6
4815 4816 6
4816 4817 6
4817 4818 6
4818 4819 6
4819 4820 6
4820 4821 6
4821 4822 6
4822 4823 6
4823 4824 6
4824 4825 6
4825 4826 6
4826 4827 6
4827 4828 6
4828 4829 6
4829 4830 6
9661 9662 6
9662 9663 6
9663 9664 6
9664 9665 6
9665 9666 6
9666 9667 6
9667 9668 6
9668 9669 6
9669 9670 6
9670 9671 6
9671 9672 6
9672 9673 6
9673 9674 6
9674 9675 6
9675 9676 6
9676 9677 6
9677 9678 6
9678 9679 6
9679 9680 6
9680 9681 6
9681 9682 6
9682 9683 6
9683 9684 6
9684 9685 6
9685 9686 6
9686 9687 6
9687 9688 6
9688 9689 6
9689 9690 6
9690 9691 6
9691 9692 6
9692 9693 6
9693 9694 6
9694 9695 6
9695 9696 6
9696 9697 6
9697 9698 6
9698 4798 6
10221 10291 6
10291 10361 6
10361 10431 6
10431 10501 6
10501 10571 6
10571 10641 6
10641 10711 6
10711 10781 6
10781 10851 6
10851 10921 6
10921 10991 6
10991 11061 6
11061 11131 6
11131 11201 6
11201 11271 6
11271 11341 6
11341 11411 6
11411 11481 6
11481 11551 6
11551 11621 6
11621 11691 6
11691 11761 6
11761 11831 6
11831 11901 6
11901 11971 6
11971 12041 6
12041 12111 6
12111 12181 6
12181 12251 6
12251 12321 6
12321 12391 6
12391 12461 6
12461 12531 6
12531 12601 6
12601 12671 6
12671 12741 6
12741 12811 6
12811 12881 6
12881 12951 6
12951 13021 6
13021 13091 6
13091 13161 6
13161 13231 6
13231 13301 6
13301 13371 6
13371 13441 6
13441 13511 6
13511 8611 6
2800 2730 7
2870 2800 7
7766 7767 7
7767 7768 7
7768 7769 7
7769 7770 7
7770 2870 7
7833 7834 7
7834 7835 7
7835 7836 7
7836 7766 7
7902 7903 7
7903 7833 7
7968 7969 7
7969 7970 7
7970 7971 7
7971 7972 7
7972 7902 7
8037 8038 7
8038 7968 7
8103 8104 7
8104 8105 7
8105 8106 7
8106 8107 7
8107 8037 7
8172 8173 7
8173 8103 7
8241 8242 7
8242 8172 7
8310 8311 7
8311 8241 7
8347 8348 7
8348 8349 7
8349 8350 7
8350 8351 7
8351 8352 7
8352 8353 7
8353 8354 7
8354 8355 7
8355 8356 7
8356 8357 7
8357 8358 7
8358 8359 7
8359 8360 7
8360 8361 7
8361 8362 7
8362 8363 7
8363 8364 7
8364 8365 7
8365 8366 7
8366 8367 7
8367 8368 7
8368 8369 7
8369 8370 7
8370 8371 7
8371 8372 7
8372 8373 7
8373 8374 7
8374 8375 7
8375 8376 7
8376 8377 7
8377 8378 7
8378 8379 7
8379 8380 7
8380 8310 7
8417 8347 7
8487 8417 7
8557 8487 7
8627 8557 7
8696 8697 7
8697 8627 7
8765 8766 7
8766 8696 7
8835 8765 7
8905 8835 7
8975 8905 7
9045 8975 7
9115 9045 7
9185 9115 7
9255 9185 7
9325 9255 7
9395 9325 7
9464 9465 7
9465 9395 7
4704 9604 7
9534 9464 7
4772 4773 7
4773 4774 7
4774 4704 7
9604 9534 7
4841 4842 7
4842 4772 7
4865 4864 8
4866 4865 8
630 560 9
 45 4945 10
4945 9845 10
6861 6931 10
6862 6861 10
6931 7001 10
7001 7071 10
7071 7141 10
7141 7211 10
7211 7281 10
7281 7351 10
7351 7421 10
7421 7491 10
7491 7561 10
7561 7631 10
7631 7701 10
7701 7771 10
7771 7841 10
7841 7911 10
7911 7981 10
7981 8051 10
8051 8121 10
8121 8191 10
8191 8261 10
8261 8331 10
8331 8401 10
8401 3501 10
9845 9915 10
9874 9944 10
9875 9874 10
9876 9875 10
9877 9876 10
9878 9877 10
9879 9878 10
9880 9879 10
9881 9880 10
9882 9881 10
9883 9882 10
9884 9883 10
9885 9884 10
9886 9885 10
9887 9886 10
9888 9887 10
9889 9888 10
9890 9889 10
9891 9890 10
9892 9891 10
9893 9892 10
9894 9893 10
9895 9894 10
9896 9895 10
9897 9896 10
9898 9897 10
9899 9898 10
9900 9899 10
9901 9900 10
9902 9901 10
9903 9902 10
9904 9903 10
9905 9904 10
9906 9905 10
9907 9906 10
9908 9907 10
9909 9908 10
9910 9909 10
9911 9910 10
9912 9911 10
9913 9912 10
9914 9913 10
9915 9914 10
9944 10014 10
10014 10084 10
10084 10154 10
10154 10224 10
10224 10294 10
10294 10364 10
10364 10434 10
10434 10504 10
10504 10574 10
10574 10644 10
10644 10714 10
10714 10784 10
10784 10854 10
10853 10923 10
10854 10853 10
10923 10993 10
10993 11063 10
11063 11133 10
11132 11202 10
11133 11132 10
11202 11272 10
11272 11342 10
11342 11412 10
11412 11482 10
11482 11552 10
11552 11622 10
11622 11692 10
11692 11762 10
11762 6862 10
