# Cost: 1003

# Tail Head Net
545 595 1
546 545 1
547 546 1
548 547 1
549 548 1
550 549 1
582 632 1
583 582 1
584 583 1
585 584 1
586 585 1
587 586 1
588 587 1
589 588 1
590 589 1
591 590 1
592 591 1
593 592 1
594 593 1
595 594 1
631 681 1
632 631 1
680 730 1
681 680 1
730 780 1
780 830 1
830 880 1
880 930 1
929 979 1
930 929 1
952 951 1
953 952 1
954 953 1
955 954 1
956 955 1
957 956 1
958 957 1
959 958 1
960 959 1
961 960 1
962 961 1
963 962 1
964 963 1
965 964 1
966 965 1
967 966 1
968 967 1
969 968 1
970 969 1
971 970 1
972 971 1
973 972 1
974 973 1
975 974 1
976 975 1
977 976 1
978 977 1
979 978 1
979 1029 1
1029 1079 1
1079 1129 1
1129 1179 1
1179 1229 1
1229 1279 1
1279 1329 1
1329 1379 1
1379 1429 1
1429 1479 1
1479 1529 1
1529 1579 1
1579 1629 1
1629 1679 1
1679 1729 1
1729 1779 1
1779 1829 1
1829 1879 1
1879 1929 1
1929 1979 1
1979 2029 1
2029 2079 1
2079 2129 1
2129 2179 1
2179 2229 1
2229 2279 1
2279 2329 1
2329 2379 1
2379 2429 1
2429 2479 1
  6   5 2
 56   6 2
106  56 2
156 106 2
206 156 2
256 206 2
306 256 2
356 306 2
406 356 2
456 406 2
506 456 2
556 506 2
606 556 2
656 606 2
706 656 2
756 706 2
806 756 2
856 806 2
906 856 2
907 906 2
908 907 2
909 908 2
910 909 2
911 910 2
912 911 2
913 912 2
914 913 2
915 914 2
916 915 2
917 916 2
918 917 2
919 918 2
920 919 2
921 920 2
922 921 2
923 922 2
924 923 2
925 924 2
926 925 2
927 926 2
928 927 2
3428 928 2
3429 3428 2
3430 3429 2
3431 3430 2
3432 3431 2
3433 3432 2
3434 3433 2
3435 3434 2
3436 3435 2
3437 3436 2
3438 3437 2
3488 3438 2
1042 3542 2
1043 1042 2
1044 1043 2
1045 1044 2
1046 1045 2
1047 1046 2
1048 1047 2
1049 1048 2
1050 1049 2
3538 3488 2
3539 3538 2
3540 3539 2
3541 3540 2
3542 3541 2
1100 1050 2
1150 1100 2
1200 1150 2
1250 1200 2
1300 1250 2
1350 1300 2
1400 1350 2
1450 1400 2
1500 1450 2
1550 1500 2
1600 1550 2
1650 1600 2
1700 1650 2
1750 1700 2
1800 1750 2
1850 1800 2
1900 1850 2
1950 1900 2
 11  12 3
 11 2511 3
2510 2560 3
 12  13 3
2511 2510 3
 13  14 3
 14  15 3
 15  16 3
 16  17 3
 17  18 3
 18  19 3
 19  20 3
 20  21 3
 21  22 3
 22  23 3
 23  24 3
 24  25 3
 25  26 3
 26  27 3
 27  28 3
 28  29 3
 29  30 3
 30  31 3
 31  32 3
2560 2610 3
2610 2660 3
2660 2710 3
2710 2760 3
2760 2810 3
2809 2859 3
2810 2809 3
2859 2909 3
2909 2959 3
2959 3009 3
3009 3059 3
3059 3109 3
3108 3158 3
3109 3108 3
3158 3208 3
3208 3258 3
3258 3308 3
3308 3358 3
3358 3408 3
3407 3457 3
3408 3407 3
3457 3507 3
3507 3557 3
3556 3606 3
3557 3556 3
3604 3654 3
3605 3604 3
3606 3605 3
1204 1254 3
3654 3704 3
1254 1304 3
3704 1204 3
1301 1351 3
1302 1301 3
1303 1302 3
1304 1303 3
836 886 4
837 836 4
838 837 4
839 838 4
840 839 4
841 840 4
842 841 4
843 842 4
844 843 4
845 844 4
846 845 4
847 846 4
848 847 4
849 848 4
850 849 4
886 936 4
936 986 4
986 1036 4
1036 1086 4
1086 1136 4
1136 1186 4
1186 1236 4
1236 1286 4
1286 1336 4
1336 1386 4
1386 1436 4
1435 1485 4
1436 1435 4
1485 1535 4
1535 1585 4
1585 1635 4
1635 1685 4
1685 1735 4
1735 1785 4
1785 1835 4
1835 1885 4
1885 1935 4
1935 1985 4
1985 2035 4
2035 2085 4
2085 2135 4
2135 2185 4
2185 2235 4
2235 2285 4
2285 2335 4
2335 2385 4
2385 2435 4
2435 2485 4
2477 2476 4
2478 2477 4
2481 4981 4
2482 2481 4
2483 2482 4
2484 2483 4
2485 2484 4
4978 2478 4
4979 4978 4
4980 4979 4
4981 4980 4
351 401 5
401 451 5
451 501 5
501 551 5
551 601 5
601 651 5
651 701 5
701 751 5
751 801 5
801 851 5
851 901 5
901 3401 5
3401 3451 5
3451 3501 5
3501 3551 5
3551 3552 5
3552 3602 5
3602 3652 5
3652 3702 5
3702 3752 5
3752 3802 5
3802 3803 5
3803 3804 5
3804 3805 5
3805 3806 5
3806 3807 5
3807 3808 5
3808 3809 5
3809 3810 5
3810 3811 5
3811 3812 5
3812 3813 5
3813 3814 5
3814 3815 5
3815 3816 5
3816 3817 5
3817 3818 5
3818 3819 5
3819 3820 5
3820 3821 5
3821 3822 5
3822 3823 5
3823 3824 5
3824 3825 5
3825 3826 5
3826 3827 5
3827 3828 5
3828 3829 5
3829 3879 5
3879 3929 5
3929 3979 5
3979 3980 5
3980 3981 5
3981 3982 5
3982 3983 5
3983 3984 5
3984 4034 5
4034 4084 5
4084 4085 5
4085 4135 5
4135 4185 5
4185 4235 5
4235 4285 5
4285 4335 5
4335 4336 5
1886 1936 5
4336 4386 5
1936 1986 5
4386 1886 5
1986 2036 5
2036 2086 5
2086 2136 5
2136 2186 5
2186 2236 5
2236 2286 5
2286 2336 5
2336 2386 5
2386 2436 5
2436 2486 5
2486 2487 5
2487 2488 5
2050 2100 6
2100 2150 6
2150 2200 6
2200 2250 6
2250 2300 6
2300 2350 6
2342 4842 6
2343 2342 6
2344 2343 6
2345 2344 6
2346 2345 6
2347 2346 6
2348 2347 6
2349 2348 6
2350 2349 6
4829 4879 6
4830 4829 6
4831 4830 6
4832 4831 6
4833 4832 6
4842 7342 6
2407 2457 6
2408 2407 6
4858 4908 6
4859 4858 6
4860 4859 6
4861 4860 6
4862 4861 6
4863 4862 6
4864 4863 6
4865 4864 6
4866 4865 6
4867 4866 6
4868 4867 6
4869 4868 6
4870 4869 6
4871 4870 6
4872 4871 6
4873 4872 6
4874 4873 6
4875 4874 6
4876 4875 6
4877 4876 6
4878 4877 6
4879 4878 6
2457 2456 6
4908 2408 6
7333 4833 6
7334 7333 6
7335 7334 6
7336 7335 6
7337 7336 6
7338 7337 6
7339 7338 6
7340 7339 6
7341 7340 6
7342 7341 6
 88  38 7
138  88 7
188 138 7
238 188 7
288 238 7
338 288 7
388 338 7
438 388 7
488 438 7
538 488 7
3038 538 7
3088 3038 7
3138 3088 7
3188 3138 7
3238 3188 7
3288 3238 7
888 3388 7
3338 3288 7
938 888 7
3388 3338 7
988 938 7
1038 988 7
1088 1038 7
1138 1088 7
1188 1138 7
1238 1188 7
1288 1238 7
1338 1288 7
1388 1338 7
1438 1388 7
1488 1438 7
1538 1488 7
1588 1538 7
1638 1588 7
1688 1638 7
1738 1688 7
1788 1738 7
1838 1788 7
1888 1838 7
1938 1888 7
1988 1938 7
2038 1988 7
2088 2038 7
2138 2088 7
2188 2138 7
2238 2188 7
2288 2238 7
2338 2288 7
2388 2338 7
2423 2424 7
2424 4924 7
2437 2438 7
2438 2388 7
2438 2439 7
2439 2440 7
2440 2441 7
2441 2442 7
2442 2443 7
2443 2444 7
2444 2494 7
2465 2466 7
2466 2467 7
2467 2468 7
2468 2469 7
2469 2470 7
2470 2471 7
2471 2472 7
2472 2473 7
2473 2423 7
4924 4925 7
4925 4926 7
4926 4927 7
4927 7427 7
4937 2437 7
7427 7428 7
7428 7429 7
7429 7430 7
7430 7431 7
7431 7432 7
7432 7433 7
7433 7434 7
7434 7435 7
7435 7436 7
7436 7437 7
7437 4937 7
1651 1652 8
1652 1702 8
1702 1752 8
1752 1802 8
1802 1852 8
1852 1902 8
1902 1952 8
1952 2002 8
2002 2052 8
2052 2102 8
2102 2152 8
2152 2202 8
2202 2252 8
2252 2302 8
2302 2352 8
2352 2353 8
2353 2403 8
2403 2453 8
 57   7 9
107  57 9
157 107 9
207 157 9
257 207 9
258 257 9
308 258 9
358 308 9
408 358 9
458 408 9
508 458 9
558 508 9
608 558 9
658 608 9
708 658 9
758 708 9
759 758 9
3259 759 9
3309 3259 9
3359 3309 9
3409 3359 9
3459 3409 9
3509 3459 9
3559 3509 9
3609 3559 9
3659 3609 9
3709 3659 9
3759 3709 9
3760 3759 9
3761 3760 9
3762 3761 9
3763 3762 9
3764 3763 9
3765 3764 9
3766 3765 9
3767 3766 9
3768 3767 9
3769 3768 9
3770 3769 9
3771 3770 9
3772 3771 9
3773 3772 9
3774 3773 9
3775 3774 9
3776 3775 9
3777 3776 9
3778 3777 9
3779 3778 9
3780 3779 9
3830 3780 9
3880 3830 9
3930 3880 9
3931 3930 9
3932 3931 9
3933 3932 9
3934 3933 9
3935 3934 9
3985 3935 9
4035 3985 9
4036 4035 9
4086 4036 9
4136 4086 9
4186 4136 9
4236 4186 9
4286 4236 9
4287 4286 9
4337 4287 9
4338 4337 9
4339 4338 9
4340 4339 9
4341 4340 9
4342 4341 9
4343 4342 9
4393 4343 9
4443 4393 9
1995 4495 9
1996 1995 9
1997 1996 9
1998 1997 9
1999 1998 9
2000 1999 9
4493 4443 9
4493 4543 9
4494 4493 9
4495 4494 9
4543 4593 9
4593 4643 9
4643 4693 9
4693 4743 9
4743 4793 9
4793 4843 9
4843 4893 9
4893 4943 9
2492 2491 9
2493 2492 9
4943 4993 9
4993 2493 9
 46  47 10
 96  46 10
143 144 10
144 145 10
145 146 10
146  96 10
192 193 10
193 143 10
241 242 10
242 192 10
290 291 10
291 241 10
339 340 10
340 290 10
389 339 10
2888 2889 10
2889 389 10
2932 2933 10
2933 2934 10
2934 2935 10
2935 2936 10
2936 2937 10
2937 2938 10
2938 2888 10
2982 2932 10
3032 2982 10
3081 3082 10
3082 3032 10
3131 3081 10
3180 3181 10
3181 3131 10
3230 3180 10
3280 3230 10
3330 3280 10
3377 3378 10
3378 3379 10
3379 3380 10
3380 3330 10
3427 3377 10
3477 3427 10
1075 3575 10
3525 3526 10
3526 3527 10
3527 3477 10
1120 1121 10
1121 1122 10
1122 1123 10
1123 1124 10
1124 1125 10
1125 1075 10
3575 3525 10
1170 1120 10
1220 1170 10
1270 1220 10
1320 1270 10
1368 1369 10
1369 1370 10
1370 1320 10
1413 1414 10
1414 1415 10
1415 1416 10
1416 1417 10
1417 1418 10
1418 1368 10
1462 1463 10
1463 1413 10
1512 1462 10
1562 1512 10
1612 1562 10
1662 1612 10
1712 1662 10
1762 1712 10
1812 1762 10
1862 1812 10
1912 1862 10
1962 1912 10
2012 1962 10
2062 2012 10
2112 2062 10
2162 2112 10
2212 2162 10
2262 2212 10
2312 2262 10
2362 2312 10
2412 2362 10
2462 2412 10
 51  52 11
 52  53 11
 53  54 11
 54 2554 11
 59  60 11
 60  61 11
 61  62 11
 62  63 11
 63  64 11
 64  65 11
 65  66 11
 66  67 11
 67  68 11
 68  69 11
 69  70 11
 70  71 11
 71  72 11
 72  73 11
 73  74 11
 74  75 11
 75  76 11
 76  77 11
 77  78 11
 78  79 11
 79  80 11
 80  81 11
 81  82 11
 33  34 11
 82  83 11
 34  35 11
 83  33 11
 35  36 11
2554 2555 11
2555 2556 11
2556 2557 11
2557 2558 11
2558 2559 11
2559  59 11
2425 2475 12
2426 2425 12
2427 2426 12
2428 2427 12
2430 4930 12
2455 2454 12
2475 4975 12
4928 2428 12
4929 4928 12
2480 2430 12
4930 4929 12
4955 2455 12
4956 4955 12
4957 4956 12
4958 4957 12
4959 4958 12
4960 4959 12
4961 4960 12
4962 4961 12
4963 4962 12
4964 4963 12
4965 4964 12
4966 4965 12
4967 4966 12
4968 4967 12
4969 4968 12
4970 4969 12
4971 4970 12
4972 4971 12
4973 4972 12
4974 4973 12
4975 4974 12
1151 1101 13
1152 1151 13
1153 1152 13
1154 1153 13
1155 1154 13
1205 1155 13
1206 1205 13
1207 1206 13
1208 1207 13
1209 1208 13
1210 1209 13
3710 1210 13
3711 3710 13
3712 3711 13
3713 3712 13
3714 3713 13
3715 3714 13
3716 3715 13
3717 3716 13
3718 3717 13
3719 3718 13
3720 3719 13
3721 3720 13
3722 3721 13
3723 3722 13
3724 3723 13
3725 3724 13
3726 3725 13
3727 3726 13
3728 3727 13
3729 3728 13
3730 3729 13
3731 3730 13
3781 3731 13
3831 3781 13
3881 3831 13
3882 3881 13
3883 3882 13
3884 3883 13
3885 3884 13
3886 3885 13
3936 3886 13
3986 3936 13
3987 3986 13
4037 3987 13
4087 4037 13
4137 4087 13
4187 4137 13
4188 4187 13
4189 4188 13
4190 4189 13
4191 4190 13
4192 4191 13
4242 4192 13
4243 4242 13
4244 4243 13
4294 4244 13
4344 4294 13
4394 4344 13
4444 4394 13
4445 4444 13
4446 4445 13
4496 4446 13
4546 4496 13
4596 4546 13
4646 4596 13
4696 4646 13
4746 4696 13
4796 4746 13
2396 4896 13
4846 4796 13
2397 2396 13
2398 2397 13
2399 2398 13
2400 2399 13
4896 4846 13
2450 2400 13
 45  95 14
 95 2595 14
2595 2645 14
2645 2695 14
2695 2745 14
2745 2795 14
2795 2845 14
2845 2895 14
2895 2945 14
2945 2995 14
2995 3045 14
3045 3095 14
3095 3145 14
3145 3195 14
3195 3245 14
3245 3295 14
3295 3345 14
3345 3346 14
3346 3396 14
3396 3446 14
3446 3496 14
3496 3546 14
3546 3547 14
3547 3597 14
3597 3598 14
3598 3648 14
3648 3698 14
3698 3748 14
3748 3798 14
3798 3848 14
3848 3898 14
3898 3948 14
3948 3998 14
3998 4048 14
4048 4098 14
4098 4148 14
4148 4198 14
4198 4248 14
4248 4298 14
4298 4348 14
4348 4398 14
4398 4448 14
4448 4498 14
4498 4548 14
4548 4598 14
4598 4648 14
4648 4698 14
4698 4748 14
4748 4798 14
4798 4848 14
4848 4898 14
4898 4948 14
4948 4998 14
4998 2498 14
150 200 15
200 250 15
250 300 15
300 350 15
350 400 15
400 450 15
450 500 15
500 3000 15
3000 3050 15
3050 3100 15
3100 3150 15
3149 3199 15
3150 3149 15
3199 3249 15
3249 3299 15
3299 3349 15
3348 3398 15
3349 3348 15
3398 3448 15
3448 3498 15
3498 3548 15
3548 6048 15
4251 1751 15
4252 4251 15
6048 6098 15
6098 6148 15
6148 6198 15
6198 6248 15
6248 6298 15
6298 6348 15
6348 6398 15
6398 6448 15
6448 6498 15
6498 6548 15
6548 6598 15
6596 6646 15
6597 6596 15
6598 6597 15
6646 6696 15
6695 6745 15
6696 6695 15
6743 6793 15
6744 6743 15
6745 6744 15
6752 4252 15
6753 6752 15
6754 6753 15
6755 6754 15
6756 6755 15
6757 6756 15
6758 6757 15
6759 6758 15
6760 6759 15
6761 6760 15
6762 6761 15
6763 6762 15
6764 6763 15
6765 6764 15
6766 6765 15
6767 6766 15
6768 6767 15
6769 6768 15
6770 6769 15
6771 6770 15
6772 6771 15
6773 6772 15
6774 6773 15
6775 6774 15
6776 6775 15
6777 6776 15
6778 6777 15
6779 6778 15
6780 6779 15
6781 6780 15
6782 6781 15
6783 6782 15
6784 6783 15
6785 6784 15
6786 6785 15
6787 6786 15
6788 6787 15
6789 6788 15
6790 6789 15
6791 6790 15
6792 6791 15
6793 6792 15
