# Cost: 497

# Tail Head Net
441 401 1
481 441 1
521 481 1
561 521 1
601 561 1
602 601 1
603 602 1
604 603 1
644 604 1
684 644 1
685 684 1
686 685 1
687 686 1
688 687 1
689 688 1
690 689 1
691 690 1
692 691 1
693 692 1
694 693 1
695 694 1
696 695 1
697 696 1
698 697 1
699 698 1
700 699 1
701 700 1
702 701 1
703 702 1
704 703 1
705 704 1
706 705 1
707 706 1
708 707 1
709 708 1
749 709 1
789 749 1
829 789 1
869 829 1
909 869 1
910 909 1
950 910 1
951 950 1
991 951 1
1031 991 1
1071 1031 1
1072 1071 1
1073 1072 1
1113 1073 1
1113 1153 1
1114 1113 1
1115 1114 1
1116 1115 1
1117 1116 1
1118 1117 1
1119 1118 1
1120 1119 1
1153 1193 1
1193 1233 1
1233 1273 1
1273 1313 1
1313 1353 1
1353 1393 1
1393 1433 1
1433 1473 1
1473 1513 1
1513 1553 1
1553 1593 1
1583 1582 1
1584 1583 1
1585 1584 1
1586 1585 1
1587 1586 1
1588 1587 1
1589 1588 1
1590 1589 1
1591 1590 1
1592 1591 1
1593 1592 1
 73  33 2
113  73 2
153 113 2
193 153 2
233 193 2
273 233 2
313 273 2
353 313 2
393 353 2
433 393 2
473 433 2
513 473 2
553 513 2
593 553 2
633 593 2
673 633 2
713 673 2
753 713 2
793 753 2
833 793 2
873 833 2
913 873 2
953 913 2
993 953 2
1033 993 2
2633 1033 2
2673 2633 2
2713 2673 2
2753 2713 2
2793 2753 2
2833 2793 2
2873 2833 2
2913 2873 2
2953 2913 2
2993 2953 2
3033 2993 2
1481 1482 2
1482 1483 2
1483 1484 2
1484 1485 2
1485 1486 2
1486 1487 2
1487 1488 2
1487 1527 2
1488 3088 2
3073 3033 2
1514 1515 2
1515 1555 2
1527 1567 2
3088 3089 2
3089 3090 2
3090 3091 2
3091 3092 2
3092 3093 2
3093 3094 2
3094 3095 2
3095 3096 2
3096 3097 2
3097 3098 2
3098 3099 2
3099 3100 2
3100 3101 2
3101 3102 2
3102 3103 2
3103 3104 2
3104 3105 2
3105 3106 2
3106 3107 2
3107 3108 2
3108 3109 2
3109 3110 2
3110 3111 2
3111 3112 2
3112 3113 2
3113 3073 2
3113 3114 2
3114 1514 2
1555 1595 2
480 440 3
520 480 3
560 520 3
600 560 3
640 600 3
680 640 3
680 2280 3
2280 2320 3
2320 2360 3
2360 2400 3
2400 2440 3
2440 2480 3
2480 2520 3
2520 2560 3
2560 2600 3
2600 2640 3
2640 2680 3
2680 2720 3
2720 2760 3
2760 2800 3
2795 2835 3
2796 2795 3
2797 2796 3
2798 2797 3
2799 2798 3
2800 1200 3
2800 2799 3
2835 2875 3
2875 2915 3
2915 2955 3
2955 2995 3
2995 3035 3
3035 3075 3
3075 3115 3
3115 3155 3
3155 3195 3
3180 1580 3
3181 3180 3
3182 3181 3
3183 3182 3
3184 3183 3
3185 3184 3
3186 3185 3
3187 3186 3
3188 3187 3
3189 3188 3
3190 3189 3
3191 3190 3
3192 3191 3
3193 3192 3
3194 3193 3
3195 3194 3
840 800 4
880 840 4
920 880 4
960 920 4
1000 960 4
1040 1000 4
1079 1080 4
1080 1040 4
2679 1079 4
1159 2759 4
2719 2679 4
1199 1159 4
2759 2719 4
1239 1199 4
1240 1239 4
1280 1240 4
1320 1280 4
1360 1320 4
1400 1360 4
1440 1400 4
1480 1440 4
1602 1603 5
1603 1604 5
1604 1605 5
1605 1606 5
1606 1607 5
1607 1608 5
1608 1609 5
1609 1610 5
1610 1611 5
1611 1612 5
1612 1613 5
1613 1614 5
 15  16 5
1614 1615 5
 16  17 5
1615  15 5
 17  18 5
 18  19 5
 19  20 5
 20  21 5
 21  22 5
 22  23 5
1642 1602 5
1682 1642 5
1722 1682 5
1762 1722 5
1802 1762 5
1842 1802 5
1882 1842 5
1922 1882 5
1962 1922 5
2002 1962 5
2042 2002 5
2081 2082 5
2082 2042 5
2121 2081 5
2161 2121 5
2201 2161 5
2241 2201 5
2281 2241 5
2321 2281 5
2361 2321 5
2401 2361 5
2441 2401 5
2481 2441 5
2521 2481 5
2561 2521 5
2601 2561 5
2641 2601 5
2681 2641 5
2721 2681 5
1201 2801 5
2761 2721 5
2801 2761 5
2801 2841 5
2841 2881 5
2881 2921 5
2921 2961 5
2961 3001 5
3001 3041 5
3041 3081 5
3081 3121 5
3121 3161 5
3161 1561 5
  4   5 6
  5  45 6
 45  46 6
 46  86 6
 86 126 6
126 166 6
166 206 6
206 246 6
246 286 6
286 326 6
326 366 6
366 406 6
399 400 6
406 446 6
439 399 6
446 486 6
479 439 6
486 526 6
519 479 6
526 566 6
559 519 6
566 567 6
567 607 6
599 559 6
607 608 6
608 2208 6
639 599 6
2208 2248 6
679 639 6
2248 2288 6
719 679 6
719 720 6
2288 2289 6
2289 2290 6
730 770 6
2290 2291 6
2290 2330 6
2291 2292 6
2292 2293 6
2293 2294 6
2294 2295 6
2295 2296 6
2296 2297 6
2297 2298 6
2298 2299 6
2299 2300 6
2300 2301 6
2301 2302 6
2302 2303 6
2303 2304 6
2304 2305 6
2305 2306 6
2306 2307 6
2307 2308 6
2308 2309 6
2309 2310 6
2310 2311 6
2311 2312 6
2312 2313 6
2313 2314 6
2314 2315 6
2315 2316 6
2316 2317 6
2317 2318 6
2318 2319 6
2319 719 6
770 810 6
2330 730 6
810 850 6
850 890 6
890 930 6
930 970 6
970 1010 6
1010 1050 6
1050 1090 6
1090 1130 6
1130 1170 6
1170 1210 6
1210 1250 6
1250 1290 6
1290 1330 6
1330 1370 6
1370 1410 6
1410 1450 6
1450 1490 6
1490 1530 6
1530 1570 6
1041 1001 7
1081 1041 7
1082 1081 7
1122 1082 7
1162 1122 7
1202 1162 7
1242 1202 7
1282 1242 7
1283 1282 7
1323 1283 7
1363 1323 7
1364 1363 7
1404 1364 7
3004 1404 7
3044 3004 7
3084 3044 7
3085 3084 7
3125 3085 7
1572 3172 7
3165 3125 7
3166 3165 7
3167 3166 7
3168 3167 7
3169 3168 7
3170 3169 7
3171 3170 7
3172 3171 7
121 161 8
161 201 8
 49   9 9
 89  49 9
129  89 9
169 129 9
209 169 9
249 209 9
289 249 9
329 289 9
369 329 9
409 369 9
449 409 9
489 449 9
529 489 9
569 529 9
609 569 9
649 609 9
650 649 9
651 650 9
652 651 9
653 652 9
654 653 9
655 654 9
656 655 9
657 656 9
658 657 9
659 658 9
660 659 9
661 660 9
662 661 9
663 662 9
664 663 9
665 664 9
666 665 9
667 666 9
668 667 9
669 668 9
670 669 9
710 670 9
750 710 9
790 750 9
830 790 9
870 830 9
2470 870 9
2510 2470 9
2550 2510 9
2590 2550 9
2591 2590 9
2592 2591 9
2593 2592 9
2594 2593 9
2634 2594 9
2674 2634 9
2714 2674 9
2754 2714 9
2794 2754 9
2834 2794 9
2874 2834 9
2914 2874 9
2954 2914 9
2994 2954 9
1474 3074 9
3034 2994 9
1475 1474 9
1476 1475 9
3074 3034 9
1516 1476 9
1556 1516 9
1557 1556 9
1558 1557 9
1559 1558 9
1560 1559 9
321 281 10
361 321 10
362 361 10
402 362 10
442 402 10
482 442 10
522 482 10
562 522 10
2162 562 10
642 2242 10
2202 2162 10
682 642 10
2242 2202 10
722 682 10
761 762 10
762 722 10
