# Cost: 747

# Tail Head Net
 33  34 1
 82  83 1
 34  35 1
 83  33 1
 35  36 1
 36  37 1
 37  38 1
 38  39 1
 39  40 1
 40  41 1
 41  42 1
 42  43 1
132  82 1
182 132 1
231 232 1
232 182 1
280 281 1
281 231 1
330 280 1
372 373 1
373 374 1
374 375 1
375 376 1
376 377 1
377 378 1
378 379 1
379 380 1
380 330 1
421 422 1
422 372 1
470 471 1
471 421 1
518 519 1
519 520 1
520 470 1
567 568 1
568 518 1
616 617 1
617 567 1
665 666 1
666 616 1
711 712 1
712 713 1
713 714 1
714 715 1
715 665 1
760 761 1
761 711 1
809 810 1
810 760 1
858 859 1
859 809 1
904 905 1
905 906 1
906 907 1
907 908 1
908 858 1
953 954 1
954 904 1
1001 1002 1
1002 1003 1
1003 953 1
1051 1001 1
 23 2523 2
2523 2573 2
2573 2623 2
2623 2673 2
2673 2723 2
2723 2773 2
2773 2823 2
2823 5323 2
1217 1267 2
1218 1217 2
1219 1218 2
1220 1219 2
1221 1220 2
1222 1221 2
1223 1222 2
1223 1224 2
1224 1225 2
1225 1226 2
1226 1227 2
1227 1228 2
1228 1229 2
1229 1230 2
1230 1231 2
1231 1232 2
1232 1233 2
1233 1234 2
1234 1235 2
1235 1236 2
1236 1237 2
1237 1238 2
1238 1239 2
1239 1240 2
1240 1241 2
1241 1242 2
1242 1243 2
1243 1244 2
1244 1245 2
1245 1246 2
1246 1247 2
1247 1248 2
1248 1249 2
1249 1250 2
1267 1317 2
3723 1223 2
1317 1367 2
1367 1417 2
1417 1467 2
1467 1517 2
1517 1567 2
1567 1617 2
1617 1667 2
1667 1717 2
1717 1767 2
1767 1817 2
1817 1867 2
1867 1917 2
1917 1967 2
1967 2017 2
2017 2067 2
2067 2117 2
2117 2167 2
2167 2217 2
2217 2267 2
2267 2317 2
2317 2367 2
2367 2417 2
2417 2467 2
5323 5373 2
5973 6023 2
6023 6073 2
6073 6123 2
6123 6173 2
6173 6223 2
6223 3723 2
5373 5423 2
5423 5473 2
5473 5523 2
5523 5573 2
5573 5623 2
5623 5673 2
5673 5723 2
5723 5773 2
5773 5823 2
5823 5873 2
5873 5923 2
5923 5973 2
 96  46 3
2596  96 3
2646 2596 3
2696 2646 3
2746 2696 3
2796 2746 3
2846 2796 3
2896 2846 3
2946 2896 3
2996 2946 3
3046 2996 3
3096 3046 3
3146 3096 3
3196 3146 3
3246 3196 3
3296 3246 3
3346 3296 3
3396 3346 3
3446 3396 3
3496 3446 3
3546 3496 3
3596 3546 3
3646 3596 3
3696 3646 3
3746 3696 3
1346 3846 3
3796 3746 3
1396 1346 3
3846 3796 3
1446 1396 3
1496 1446 3
1546 1496 3
1596 1546 3
1646 1596 3
1696 1646 3
1746 1696 3
1796 1746 3
1846 1796 3
1896 1846 3
1946 1896 3
1996 1946 3
2046 1996 3
2096 2046 3
2146 2096 3
2196 2146 3
2246 2196 3
2296 2246 3
2346 2296 3
2396 2346 3
2446 2396 3
2494 2493 3
2495 2494 3
2496 2446 3
2496 2495 3
2497 2496 3
  7  57 4
 57  58 4
 58  59 4
 59  60 4
 60  61 4
 61  62 4
 62  63 4
 63  64 4
 64  65 4
 65  66 4
 66  67 4
 67  68 4
 68  69 4
 69  70 4
 70  71 4
 71  72 4
 72  73 4
 73  74 4
 74  75 4
 75  76 4
 76  26 4
 76 2576 4
2576 2626 4
2626 2676 4
2676 2726 4
2726 2727 4
2727 2728 4
2728 2778 4
2778 2779 4
2779 2780 4
2780 2781 4
2781 2831 4
2831 2881 4
2881 2931 4
2931 2981 4
2981 3031 4
3031 3081 4
3081 3131 4
3131 3181 4
3181 3231 4
3231 3281 4
3281 3331 4
3331 3381 4
3632 3682 4
3682 3732 4
3732 3733 4
3733 3734 4
3734 3735 4
3735 3736 4
3736 3737 4
3737 3738 4
3738 3739 4
3739 3740 4
3740 3741 4
3741 3742 4
3742 3743 4
3743 3744 4
1294 1295 4
3744 3794 4
1295 1296 4
1296 1297 4
1297 1347 4
3794 1294 4
1347 1397 4
1397 1447 4
1447 1497 4
1497 1547 4
1547 1597 4
1597 1647 4
1647 1648 4
1648 1649 4
1649 1650 4
3381 3431 4
3431 3481 4
3481 3531 4
3531 3581 4
3581 3582 4
3582 3632 4
101  51 5
151 101 5
201 151 5
251 201 5
301 251 5
351 301 5
401 351 5
451 401 5
501 451 5
502 501 5
3002 502 5
3003 3002 5
3004 3003 5
3005 3004 5
3006 3005 5
3007 3006 5
3057 3007 5
3107 3057 5
3108 3107 5
3158 3108 5
3208 3158 5
3258 3208 5
3308 3258 5
3358 3308 5
3408 3358 5
3458 3408 5
3508 3458 5
3558 3508 5
3608 3558 5
3658 3608 5
3708 3658 5
3758 3708 5
3808 3758 5
3858 3808 5
3908 3858 5
3958 3908 5
4008 3958 5
4058 4008 5
4108 4058 5
4158 4108 5
4208 4158 5
4258 4208 5
4308 4258 5
4358 4308 5
4408 4358 5
4458 4408 5
4508 4458 5
4558 4508 5
4608 4558 5
4658 4608 5
4708 4658 5
2308 4808 5
4758 4708 5
2358 2308 5
4808 4758 5
2408 2358 5
2458 2408 5
1951 1952 6
1952 2002 6
2002 2003 6
2003 2053 6
2053 2054 6
2054 2055 6
2055 2056 6
2056 2057 6
2057 2058 6
2058 2059 6
2059 2060 6
2060 2061 6
2061 2062 6
2062 2112 6
2112 2162 6
2162 2212 6
2212 2262 6
2262 2312 6
2312 2362 6
2362 2363 6
2363 2413 6
2413 2463 6
2463 2464 6
2464 2465 6
2465 2466 6
2466 4966 6
2472 2473 6
2473 2474 6
2474 2475 6
2475 2476 6
4966 4967 6
4967 4968 6
4968 4969 6
4969 4970 6
4970 4971 6
4971 4972 6
4972 2472 6
500 450 7
3000 500 7
3050 3000 7
3100 3050 7
3150 3100 7
3200 3150 7
3250 3200 7
3300 3250 7
3350 3300 7
3400 3350 7
3450 3400 7
3500 3450 7
3550 3500 7
3600 3550 7
3650 3600 7
3700 3650 7
3750 3700 7
3800 3750 7
3850 3800 7
3900 3850 7
3950 3900 7
4000 3950 7
4050 4000 7
4067 4068 7
4068 4069 7
4069 4070 7
4070 4071 7
4071 4072 7
4072 4073 7
4073 4074 7
4074 4075 7
4075 4076 7
4076 4077 7
4077 4078 7
4078 4079 7
4079 4080 7
4080 4081 7
4081 4082 7
4082 4083 7
4083 4084 7
4084 4085 7
4085 4086 7
4086 4087 7
4087 4088 7
4088 4089 7
4089 4090 7
4090 4091 7
4091 4092 7
4092 4093 7
4093 4094 7
4094 4095 7
4095 4096 7
4096 4097 7
4097 4098 7
4098 4099 7
4099 4100 7
4100 1600 7
4100 4050 7
4113 4114 7
4114 4115 7
4115 4116 7
4116 4117 7
4117 4067 7
4160 4161 7
4161 4162 7
4162 4163 7
4163 4113 7
4209 4210 7
4210 4160 7
4259 4209 7
4309 4259 7
1901 1902 7
1902 1903 7
1903 1904 7
1904 1905 7
1905 1906 7
1906 1907 7
1907 1908 7
1908 1909 7
1909 4409 7
4359 4309 7
4409 4359 7
1166 1216 8
1167 1166 8
1168 1167 8
1169 1168 8
1170 1169 8
1171 1170 8
1172 1171 8
1173 1172 8
1174 1173 8
1175 1174 8
1176 1175 8
1177 1176 8
1178 1177 8
1179 1178 8
1180 1179 8
1181 1180 8
1182 1181 8
1183 1182 8
1184 1183 8
1185 1184 8
1186 1185 8
1187 1186 8
1188 1187 8
1189 1188 8
1190 1189 8
1191 1190 8
1192 1191 8
1193 1192 8
1194 1193 8
1195 1194 8
1196 1195 8
1197 1196 8
1198 1197 8
1199 1198 8
1200 1199 8
1216 1266 8
1264 1314 8
1265 1264 8
1266 1265 8
1314 1364 8
1362 1412 8
1363 1362 8
1364 1363 8
1412 1462 8
1462 1512 8
1512 1562 8
1560 1610 8
1561 1560 8
1562 1561 8
1610 1660 8
1660 1710 8
1709 1759 8
1710 1709 8
1758 1808 8
1759 1758 8
1808 1858 8
1855 4355 8
1856 1855 8
1857 1856 8
1858 1857 8
4355 4405 8
4404 4454 8
4405 4404 8
4454 4504 8
4504 4554 8
4553 4603 8
4554 4553 8
4603 4653 8
4653 4703 8
4703 4753 8
4751 2251 8
4752 4751 8
4753 4752 8
 95  45 9
145  95 9
146 145 9
147 146 9
148 147 9
198 148 9
248 198 9
249 248 9
250 249 9
300 250 9
350 300 9
1801 1802 10
1802 1803 10
1803 1804 10
1804 4304 10
4304 4305 10
4305 4306 10
4306 4356 10
4356 4406 10
4406 4456 10
4456 4506 10
4506 4556 10
4556 4606 10
4606 4656 10
4656 4706 10
4706 4756 10
4756 4806 10
4806 4856 10
4856 4906 10
2419 2469 10
4906 4907 10
4907 4908 10
4908 4909 10
4909 4910 10
4910 4911 10
4911 4912 10
4912 4913 10
4913 4914 10
4914 4915 10
4915 4916 10
4916 4917 10
4917 4918 10
4918 4919 10
4919 2419 10
 14  15 11
 15  16 11
 16  17 11
 17  18 11
 18  19 11
 24  25 12
2524  24 12
1108 1109 12
1109 1110 12
1110 1111 12
1111 1112 12
1112 1113 12
1113 3613 12
1157 1158 12
1158 1108 12
3613 6113 12
1206 1207 12
1207 1157 12
1256 1206 12
1305 1306 12
1306 1256 12
1355 1305 12
1405 1355 12
1455 1405 12
1505 1455 12
1551 1552 12
1552 1553 12
1553 1554 12
1554 1555 12
1555 1505 12
5023 5024 12
5024 2524 12
5073 5023 12
5123 5073 12
5173 5123 12
5223 5173 12
5272 5273 12
5273 5223 12
5321 5322 12
5322 5272 12
5668 5669 12
5715 5716 12
5716 5717 12
5717 5718 12
5718 5668 12
5764 5765 12
5765 5715 12
5814 5764 12
5864 5814 12
5913 5914 12
5914 5864 12
5963 5913 12
6013 5963 12
6063 6013 12
6113 6063 12
5371 5321 12
5421 5371 12
5471 5421 12
5520 5521 12
5521 5471 12
5569 5570 12
5570 5520 12
5619 5569 12
5669 5619 12
  3   2 13
  4   3 13
  5   4 13
  6   5 13
2506   6 13
2507 2506 13
2508 2507 13
2509 2508 13
2510 2509 13
2511 2510 13
2512 2511 13
2513 2512 13
2514 2513 13
2515 2514 13
2516 2515 13
2517 2516 13
2518 2517 13
2519 2518 13
 21 2521 13
2520 2519 13
2521 2520 13
750 700 14
800 750 14
822 823 14
823 824 14
824 825 14
825 826 14
826 827 14
827 828 14
828 829 14
829 830 14
830 831 14
831 832 14
832 833 14
833 834 14
834 835 14
835 836 14
836 837 14
837 838 14
838 839 14
839 840 14
840 841 14
841 842 14
842 843 14
843 844 14
844 845 14
845 846 14
846 847 14
847 848 14
848 849 14
849 850 14
850 800 14
871 872 14
872 822 14
921 871 14
971 921 14
1021 971 14
1053 1054 14
1054 1055 14
1055 1056 14
1056 1057 14
1057 1058 14
1058 1059 14
1059 1060 14
1060 1061 14
1061 1062 14
1062 1063 14
1063 1064 14
1064 1065 14
1065 1066 14
1066 1067 14
1067 1068 14
1068 1069 14
1069 1070 14
1070 1071 14
1071 1021 14
1103 1053 14
1153 1103 14
1203 1153 14
1253 1203 14
1301 1302 14
1302 1303 14
1303 1253 14
3451 951 15
3501 3451 15
3551 3501 15
3601 3551 15
3651 3601 15
3701 3651 15
3751 3701 15
3801 3751 15
3851 3801 15
3901 3851 15
3951 3901 15
4001 3951 15
4051 4001 15
4101 4051 15
4151 4101 15
4201 4151 15
4251 4201 15
4301 4251 15
4351 4301 15
4401 4351 15
4451 4401 15
4501 4451 15
2101 4601 15
4551 4501 15
4601 4551 15
