# Cost: 1776

# Tail Head Net
 90  20 1
103  33 1
110  40 1
160  90 1
173 103 1
180 110 1
230 160 1
243 173 1
250 180 1
300 230 1
313 243 1
320 250 1
370 300 1
383 313 1
390 320 1
440 370 1
453 383 1
460 390 1
510 440 1
523 453 1
530 460 1
580 510 1
593 523 1
600 530 1
650 580 1
663 593 1
670 600 1
720 650 1
733 663 1
740 670 1
790 720 1
802 803 1
803 733 1
809 810 1
810 740 1
860 790 1
872 802 1
879 809 1
930 860 1
942 872 1
949 879 1
1000 930 1
1012 942 1
1019 949 1
1070 1000 1
1070 1071 1
1071 1072 1
1072 1073 1
1073 1074 1
1074 1075 1
1075 1076 1
1076 1077 1
1077 1078 1
1078 1079 1
1079 1080 1
1080 1081 1
1081 1082 1
1082 1012 1
1082 1083 1
1083 1084 1
1084 1085 1
1085 1086 1
1086 1087 1
1087 1088 1
1088 1089 1
1089 1019 1
1089 1090 1
1090 1091 1
1091 1092 1
1092 1093 1
1093 1094 1
1094 1095 1
1095 1096 1
1096 1097 1
1097 1098 1
1098 1099 1
1099 1100 1
1100 1101 1
1101 1102 1
1102 1103 1
1103 1104 1
1104 1105 1
1105 1106 1
1106 1107 1
1107 1108 1
1108 1109 1
1109 1110 1
1110 1111 1
1111 1112 1
1112 1113 1
1113 1114 1
1114 1115 1
1115 1116 1
1116 1117 1
1117 1187 1
1140 1070 1
1187 1188 1
1188 1189 1
1189 1190 1
1209 1210 1
1210 1140 1
1279 1209 1
1347 1348 1
1348 1349 1
1349 1279 1
1415 1416 1
1416 1417 1
1417 1347 1
1484 1485 1
1485 1415 1
1554 1484 1
1624 1554 1
1694 1624 1
1764 1694 1
1834 1764 1
1904 1834 1
1973 1974 1
1974 1904 1
2043 1973 1
2113 2043 1
2183 2113 1
2253 2183 1
2323 2253 1
2393 2323 1
2463 2393 1
2533 2463 1
2603 2533 1
2673 2603 1
2743 2673 1
2813 2743 1
2883 2813 1
2953 2883 1
3023 2953 1
3093 3023 1
3163 3093 1
3233 3163 1
3303 3233 1
3373 3303 1
3443 3373 1
3513 3443 1
3583 3513 1
3653 3583 1
3723 3653 1
3793 3723 1
3863 3793 1
3933 3863 1
4003 3933 1
4073 4003 1
4143 4073 1
4212 4213 1
4213 4143 1
4280 4281 1
4281 4282 1
4282 4212 1
4350 4280 1
4419 4420 1
4420 4350 1
4489 4419 1
4556 4557 1
4557 4558 1
4558 4559 1
4559 4489 1
4626 4556 1
4696 4626 1
4765 4766 1
4766 4696 1
4834 4835 1
4835 4765 1
 13  83 2
 14  13 2
 83 153 2
 15  14 2
 16  15 2
 16  17 2
 17  18 2
 18  19 2
 19 4919 2
4919 4920 2
4920 4921 2
4921 4922 2
4922 4923 2
4923 4924 2
4924 4925 2
4925 4926 2
4926 4927 2
4927 4928 2
4928 4929 2
4929 4930 2
4930  30 2
4930 4931 2
4931 4932 2
4932 4933 2
4933 4934 2
4934 4935 2
4935 4936 2
4936 4937 2
4937 4938 2
4938 4939 2
4939 4940 2
4940 4941 2
4941 4942 2
4942 4943 2
 44  45 2
4943 4944 2
 45  46 2
4944  44 2
 46  47 2
 47  48 2
 48  49 2
 49  50 2
 50  51 2
 51  52 2
 52  53 2
 53  54 2
 54  55 2
 55  56 2
 56  57 2
 57  58 2
 58  59 2
 59  60 2
 60  61 2
 61  62 2
 62  63 2
 63  64 2
149 219 2
150 149 2
151 150 2
152 151 2
153 152 2
216 286 2
217 216 2
218 217 2
219 218 2
282 281 2
283 282 2
283 353 2
284 283 2
285 284 2
286 285 2
353 423 2
423 493 2
493 563 2
563 633 2
633 703 2
703 773 2
773 843 2
843 913 2
913 983 2
983 1053 2
1053 1123 2
1123 1193 2
1193 1263 2
1263 1333 2
1333 1403 2
1403 1473 2
1473 1543 2
1543 1613 2
1613 1683 2
1683 1753 2
1753 1823 2
1823 1893 2
1893 1963 2
1963 2033 2
2032 2102 2
2033 2032 2
2102 2172 2
2172 2242 2
2242 2312 2
2311 2381 2
2312 2311 2
119 120 3
120 121 3
121 122 3
122 123 3
123 124 3
124 125 3
125 126 3
126 127 3
127 128 3
128 129 3
129 130 3
130 131 3
131 132 3
132 133 3
133 134 3
 65  66 3
134 135 3
 66  67 3
135  65 3
188 189 3
189 119 3
255 256 3
256 257 3
257 258 3
258 188 3
321 322 3
322 323 3
323 324 3
324 325 3
325 255 3
385 386 3
386 5286 3
5216 5217 3
5217 5218 3
5218 5219 3
5219 5220 3
5220 5221 3
5221 321 3
454 455 3
455 385 3
5286 5216 3
5325 5326 3
5326 5327 3
5327 5328 3
5328 5329 3
5329 5330 3
5330 5331 3
5331 5332 3
5332 5333 3
5333 5334 3
5334 5335 3
5335 5336 3
5336 5337 3
5337 5338 3
5338 5339 3
5339 5340 3
5340 5341 3
5341 5342 3
5342 5343 3
5343 5344 3
5344 5345 3
5345 5346 3
5346 5347 3
5347 5348 3
5348 5349 3
5349 5350 3
5350 5351 3
5351 5352 3
5352 5353 3
5353 5354 3
5354 454 3
561 562 3
561 631 3
562 5462 3
5395 5325 3
631 701 3
5462 5463 3
5463 5464 3
5464 5465 3
5465 5395 3
701 771 3
771 841 3
841 911 3
911 981 3
981 1051 3
1051 1121 3
1121 1191 3
1191 1261 3
1261 1331 3
1331 1401 3
1401 1471 3
1471 1541 3
1541 1611 3
1611 1681 3
1681 1751 3
1751 1821 3
1821 1891 3
1891 1961 3
1961 2031 3
2031 2101 3
2101 2171 3
2171 2241 3
2241 7141 3
7141 7211 3
7211 7281 3
7281 7351 3
7351 7421 3
7421 7491 3
7491 7561 3
7561 7631 3
7631 7701 3
7701 7771 3
7771 7841 3
7841 7911 3
7911 7981 3
7981 8051 3
8051 8121 3
8121 8191 3
8191 8261 3
8261 8331 3
8331 8401 3
8401 8471 3
8471 8541 3
8541 8542 3
8542 8543 3
8543 8613 3
8613 8683 3
8683 8753 3
8753 8823 3
8823 8824 3
8824 8894 3
8894 8964 3
8964 9034 3
9034 9104 3
9104 9174 3
9174 9244 3
9244 9314 3
9314 9384 3
9384 9454 3
9454 9524 3
9524 9594 3
4697 4698 3
4697 4767 3
4698 4699 3
4699 4700 3
4700 4701 3
4701 4702 3
4702 4703 3
4703 4704 3
4704 4705 3
4705 4706 3
4706 4707 3
4707 4708 3
4708 4709 3
4709 4710 3
4710 4711 3
4711 4712 3
4712 4713 3
4713 4714 3
4714 4715 3
4715 4716 3
4716 4717 3
4717 4718 3
4718 4719 3
4719 4720 3
4720 4721 3
4721 4722 3
4722 4723 3
4723 4724 3
4724 4725 3
4725 4726 3
4726 4727 3
4727 4728 3
4728 4729 3
4729 4730 3
4730 4731 3
4731 4732 3
4732 4733 3
4733 4734 3
4734 4735 3
4735 4736 3
4736 4737 3
4737 4738 3
4738 4739 3
4739 4740 3
4740 4741 3
4741 4811 3
4763 4833 3
4764 4763 3
9594 9595 3
9594 9664 3
9595 9596 3
9596 9597 3
4767 4837 3
9597 4697 3
4811 4812 3
4812 4813 3
4813 4814 3
4814 4815 3
4815 4816 3
4816 4817 3
4817 4818 3
4818 4819 3
4819 4820 3
4820 4821 3
4821 4891 3
9664 4764 3
 95  25 4
165  95 4
235 165 4
305 235 4
375 305 4
445 375 4
515 445 4
585 515 4
5485 585 4
5555 5485 4
5625 5555 4
5695 5625 4
5765 5695 4
5835 5765 4
5905 5835 4
5975 5905 4
6045 5975 4
6115 6045 4
6185 6115 4
6255 6185 4
6325 6255 4
6395 6325 4
6465 6395 4
6535 6465 4
6605 6535 4
6675 6605 4
6745 6675 4
6815 6745 4
6885 6815 4
6955 6885 4
7025 6955 4
7095 7025 4
7165 7095 4
7235 7165 4
7305 7235 4
7375 7305 4
7445 7375 4
7515 7445 4
7585 7515 4
7655 7585 4
7725 7655 4
7795 7725 4
7865 7795 4
7935 7865 4
8005 7935 4
8075 8005 4
8145 8075 4
8215 8145 4
8285 8215 4
8355 8285 4
8425 8355 4
8495 8425 4
8565 8495 4
8635 8565 4
8705 8635 4
8775 8705 4
8845 8775 4
8915 8845 4
8985 8915 4
9055 8985 4
9125 9055 4
9195 9125 4
9265 9195 4
9335 9265 4
9405 9335 4
4645 9545 4
9475 9405 4
4646 4645 4
4647 4646 4
4648 4647 4
4649 4648 4
4650 4649 4
4651 4650 4
4652 4651 4
4653 4652 4
4654 4653 4
4655 4654 4
4656 4655 4
4657 4656 4
4658 4657 4
4659 4658 4
4660 4659 4
4661 4660 4
4662 4661 4
4663 4662 4
4664 4663 4
4665 4664 4
4666 4665 4
4667 4666 4
4668 4667 4
4669 4668 4
4670 4669 4
4671 4670 4
4672 4671 4
4673 4672 4
4674 4673 4
4675 4674 4
4676 4675 4
4677 4676 4
4678 4677 4
4679 4678 4
4680 4679 4
4681 4680 4
4682 4681 4
4683 4682 4
4684 4683 4
4685 4684 4
4686 4685 4
4687 4686 4
4688 4687 4
4689 4688 4
4690 4689 4
9533 9603 4
9534 9533 4
9535 9534 4
9536 9535 4
9537 9536 4
9538 9537 4
9539 9538 4
9540 9539 4
9541 9540 4
9542 9541 4
9543 9542 4
9544 9543 4
9545 9475 4
9545 9544 4
9603 9673 4
9673 9743 4
9743 4843 4
107  37 5
177 107 5
247 177 5
317 247 5
387 317 5
457 387 5
5357 457 5
5427 5357 5
5497 5427 5
5567 5497 5
5637 5567 5
5707 5637 5
5777 5707 5
950 5850 5
951 950 5
952 951 5
953 952 5
954 953 5
955 954 5
956 955 5
957 956 5
958 957 5
959 958 5
960 959 5
961 960 5
962 961 5
963 962 5
964 963 5
965 964 5
966 965 5
967 966 5
968 967 5
969 968 5
970 969 5
971 970 5
972 971 5
973 972 5
974 973 5
975 974 5
976 975 5
977 976 5
978 977 5
979 978 5
980 979 5
5847 5777 5
5847 5917 5
5848 5847 5
5849 5848 5
5850 5849 5
5916 5986 5
5917 5916 5
5986 6056 5
6055 6125 5
6056 6055 5
6125 6195 5
6195 6265 5
6264 6334 5
6265 6264 5
6334 6404 5
6404 6474 5
6474 6544 5
6544 11444 5
8192 8262 5
3432 3502 5
8262 8332 5
3501 3571 5
3502 3501 5
8332 3432 5
3571 3641 5
11443 11513 5
11444 11443 5
11513 11583 5
11583 11653 5
11651 11721 5
11652 11651 5
11653 11652 5
11716 11786 5
11717 11716 5
11718 11717 5
11719 11718 5
11720 11719 5
11721 11720 5
11786 11856 5
11856 11926 5
11926 11996 5
11996 12066 5
12066 12136 5
12121 12191 5
12122 12121 5
12123 12122 5
12124 12123 5
12125 12124 5
12126 12125 5
12127 12126 5
12128 12127 5
12129 12128 5
12130 12129 5
12131 12130 5
12132 12131 5
12133 12132 5
12134 12133 5
12135 12134 5
12136 12135 5
12191 12261 5
12261 12331 5
12329 12399 5
12330 12329 5
12331 12330 5
12399 12469 5
12469 12539 5
12538 12608 5
12539 12538 5
12607 12677 5
12608 12607 5
12676 12746 5
12677 12676 5
12744 12814 5
12745 12744 5
12746 12745 5
12813 12883 5
12814 12813 5
12883 12953 5
12952 13022 5
12953 12952 5
13022 13092 5
13092 8192 5
4902   2 6
4903 4902 6
4973 4903 6
5043 4973 6
5113 5043 6
5183 5113 6
5184 5183 6
424 5324 6
5254 5184 6
494 424 6
5324 5254 6
564 494 6
634 564 6
704 634 6
774 704 6
844 774 6
914 844 6
984 914 6
1054 984 6
1124 1054 6
1194 1124 6
1264 1194 6
1334 1264 6
1404 1334 6
1474 1404 6
1544 1474 6
1614 1544 6
1684 1614 6
1754 1684 6
1824 1754 6
1894 1824 6
1964 1894 6
2034 1964 6
2104 2034 6
2174 2104 6
2244 2174 6
2314 2244 6
2384 2314 6
2454 2384 6
2524 2454 6
2594 2524 6
2664 2594 6
2734 2664 6
2804 2734 6
2874 2804 6
2944 2874 6
3014 2944 6
3084 3014 6
3154 3084 6
3224 3154 6
3294 3224 6
3364 3294 6
3434 3364 6
3504 3434 6
3574 3504 6
3644 3574 6
3714 3644 6
3784 3714 6
3854 3784 6
3924 3854 6
3994 3924 6
4064 3994 6
4134 4064 6
4204 4134 6
4272 4271 6
4273 4272 6
4274 4204 6
4274 4273 6
4344 4274 6
4414 4344 6
4484 4414 6
4554 4484 6
4624 4554 6
4625 4624 6
9525 4625 6
9526 9525 6
9527 9526 6
9528 9527 6
9598 9528 6
9599 9598 6
4770 9670 6
4771 4770 6
4772 4771 6
4773 4772 6
4774 4773 6
9669 9599 6
9670 9669 6
4844 4774 6
4845 4844 6
4846 4845 6
4847 4846 6
4848 4847 6
4849 4848 6
113  43 7
183 113 7
253 183 7
5153 253 7
5223 5153 7
5293 5223 7
5363 5293 7
5433 5363 7
5503 5433 7
5573 5503 7
5643 5573 7
5713 5643 7
5783 5713 7
5853 5783 7
1025 5925 7
1026 1025 7
1027 1026 7
1028 1027 7
1029 1028 7
1030 1029 7
1031 1030 7
1032 1031 7
1033 1032 7
1034 1033 7
1035 1034 7
1036 1035 7
1037 1036 7
1038 1037 7
1039 1038 7
1040 1039 7
1041 1040 7
1042 1041 7
1043 1042 7
1044 1043 7
1045 1044 7
1046 1045 7
1047 1046 7
1048 1047 7
1049 1048 7
1050 1049 7
5918 5988 7
5919 5918 7
5920 5919 7
5921 5920 7
5922 5921 7
5923 5853 7
5923 5922 7
5924 5923 7
5925 5924 7
5987 6057 7
5988 5987 7
6057 6127 7
6126 6196 7
6127 6126 7
6196 6266 7
6266 6336 7
6335 6405 7
6336 6335 7
6405 6475 7
6475 6545 7
6545 6615 7
6615 6685 7
6684 6754 7
6685 6684 7
6754 6824 7
6824 6894 7
6894 6964 7
6964 7034 7
7034 7104 7
7104 7174 7
7174 7244 7
7244 7314 7
7314 7384 7
7384 7454 7
7454 7524 7
7524 7594 7
7594 7664 7
7664 7734 7
7734 7804 7
7804 7874 7
7874 7944 7
7944 8014 7
8014 8084 7
8084 8154 7
8154 8224 7
8224 8294 7
8294 8364 7
8364 8434 7
8434 8504 7
8504 8574 7
8574 8644 7
8644 8714 7
8714 8784 7
8784 8854 7
8854 8924 7
8924 8994 7
8994 9064 7
9064 9134 7
9134 9204 7
9204 9274 7
9274 9344 7
9344 9414 7
9414 9484 7
9484 9554 7
9554 9624 7
9620 9690 7
9621 9620 7
9622 9621 7
9623 9622 7
9624 9623 7
4860 4859 7
9690 9760 7
9760 4860 7
 31 101 8
101 171 8
171 241 8
241 311 8
311 381 8
381 451 8
450 520 8
451 450 8
520 590 8
590 660 8
660 730 8
730 800 8
800 870 8
870 940 8
939 5839 8
940 939 8
5839 5909 8
5909 5979 8
5979 6049 8
6049 6119 8
6119 6189 8
6189 6259 8
6259 6329 8
6329 6399 8
6399 6469 8
6469 6539 8
6539 6609 8
6609 6679 8
6679 6749 8
6749 6819 8
6819 6889 8
6889 6959 8
6959 7029 8
7029 7099 8
7099 7169 8
7169 7239 8
7239 7309 8
7309 7379 8
7379 7449 8
7449 7519 8
7519 7589 8
7589 7659 8
7659 7729 8
7729 7799 8
7799 7869 8
7869 7939 8
7939 8009 8
8009 8079 8
8079 8149 8
8149 8219 8
8219 8289 8
8289 8359 8
8359 8429 8
8429 8499 8
8499 8569 8
8569 8639 8
8639 8709 8
8709 8779 8
8779 8849 8
8849 8919 8
8919 8989 8
8989 9059 8
9059 9129 8
9129 9199 8
9199 9269 8
9269 9339 8
9339 9409 8
9409 9479 8
9479 9549 8
9549 9619 8
9619 9689 8
4851 4850 8
4852 4851 8
9689 9759 8
9752 4852 8
9753 9752 8
9754 9753 8
9755 9754 8
9756 9755 8
9757 9756 8
9758 9757 8
9759 9758 8
4885 4886 9
4886 4887 9
4887 4888 9
4888 4889 9
4889 9789 9
4894 4895 9
4895 4896 9
4896 4897 9
4897 4898 9
9789 9790 9
9790 9791 9
9791 9792 9
9792 9793 9
9793 9794 9
9794 4894 9
4120 4121 10
4121 4122 10
4122 4123 10
4123 4124 10
4124 4125 10
4125 4126 10
4126 4127 10
4127 4128 10
4128 4129 10
4129 4130 10
4190 4120 10
4258 4259 10
4259 4260 10
4260 4190 10
9158 4258 10
9225 9226 10
9226 9227 10
9227 9228 10
9228 9158 10
9295 9225 10
9363 9364 10
9364 9365 10
9365 9295 10
9432 9433 10
9433 9363 10
9502 9432 10
9570 9571 10
9571 9572 10
9572 9502 10
9640 9570 10
4872 4873 10
4873 4874 10
4874 4875 10
4875 4876 10
4876 4877 10
4877 4878 10
4878 4879 10
4879 4880 10
4880 9780 10
9710 9640 10
9780 9710 10
4622 4621 11
4623 4622 11
4693 4623 11
9593 4693 11
9663 9593 11
4836 9736 11
9733 9663 11
9734 9733 11
9735 9734 11
9736 9735 11
840 910 12
910 5810 12
5810 5880 12
5880 5950 12
5950 6020 12
6020 1120 12
109  39 13
178 179 13
179 109 13
248 178 13
5145 5146 13
5146 5147 13
5147 5148 13
5148 248 13
5215 5145 13
5285 5215 13
5355 5285 13
5425 5355 13
5492 5493 13
5493 5494 13
5494 5495 13
5495 5425 13
5557 5558 13
5558 5559 13
5559 5560 13
5560 5561 13
5561 5562 13
5562 5492 13
5627 5557 13
5697 5627 13
5767 5697 13
5837 5767 13
5907 5837 13
5977 5907 13
6047 5977 13
6117 6047 13
6187 6117 13
6257 6187 13
6327 6257 13
6397 6327 13
6467 6397 13
6537 6467 13
6607 6537 13
6677 6607 13
6747 6677 13
6817 6747 13
6887 6817 13
6957 6887 13
7027 6957 13
7097 7027 13
7167 7097 13
7237 7167 13
7307 7237 13
7377 7307 13
7447 7377 13
7517 7447 13
7587 7517 13
7657 7587 13
7727 7657 13
7797 7727 13
7867 7797 13
7937 7867 13
8007 7937 13
8077 8007 13
8147 8077 13
8217 8147 13
8287 8217 13
8357 8287 13
8427 8357 13
8497 8427 13
8567 8497 13
8637 8567 13
8707 8637 13
8777 8707 13
8847 8777 13
8917 8847 13
8987 8917 13
9057 8987 13
9127 9057 13
9197 9127 13
9267 9197 13
9337 9267 13
9407 9337 13
9477 9407 13
9547 9477 13
4787 9687 13
9617 9547 13
4854 4855 13
4855 4856 13
4856 4857 13
4857 4787 13
9687 9617 13
4970  70 14
2801 2802 14
2802 7702 14
7702 12602 14
9869 9870 14
9870 4970 14
9939 9869 14
10008 10009 14
10009 9939 14
10078 10008 14
10145 10146 14
10146 10147 14
10147 10148 14
10148 10078 14
10215 10145 14
10285 10215 14
10353 10354 14
10354 10355 14
10355 10285 14
10423 10353 14
10491 10492 14
10492 10493 14
10493 10423 14
10561 10491 14
10627 10628 14
10628 10629 14
10629 10630 14
10630 10631 14
10631 10561 14
10697 10627 14
10765 10766 14
10766 10767 14
10767 10697 14
10835 10765 14
10903 10904 14
10904 10905 14
10905 10835 14
10972 10973 14
10973 10903 14
11041 11042 14
11042 10972 14
11110 11111 14
11111 11041 14
11179 11180 14
11180 11110 14
11246 11247 14
11247 11248 14
11248 11249 14
11249 11179 14
11313 11314 14
11314 11315 14
11315 11316 14
11316 11246 14
11372 11373 14
11373 11374 14
11374 11375 14
11375 11376 14
11376 11377 14
11377 11378 14
11378 11379 14
11379 11380 14
11380 11381 14
11381 11382 14
11382 11383 14
11383 11313 14
11442 11372 14
11512 11442 14
11580 11581 14
11581 11582 14
11582 11512 14
11645 11646 14
11646 11647 14
11647 11648 14
11648 11649 14
11649 11650 14
11650 11580 14
11715 11645 14
11785 11715 14
11855 11785 14
11925 11855 14
11979 11980 14
11980 11981 14
11981 11982 14
11982 11983 14
11983 11984 14
11984 11985 14
11985 11986 14
11986 11987 14
11987 11988 14
11988 11989 14
11989 11990 14
11990 11991 14
11991 11992 14
11992 11993 14
11993 11994 14
11994 11995 14
11995 11925 14
12049 11979 14
12119 12049 14
12189 12119 14
12258 12259 14
12259 12189 14
12328 12258 14
12398 12328 14
12467 12468 14
12468 12398 14
12536 12537 14
12537 12467 14
12602 12603 14
12603 12604 14
12604 12605 14
12605 12606 14
12606 12536 14
8681 3781 15
4830 9730 15
9730 14630 15
13581 8681 15
13582 13581 15
13583 13582 15
13584 13583 15
13585 13584 15
13586 13585 15
13587 13586 15
13588 13587 15
13589 13588 15
13659 13589 15
13729 13659 15
13730 13729 15
13731 13730 15
13732 13731 15
13733 13732 15
13734 13733 15
13735 13734 15
13736 13735 15
13737 13736 15
13738 13737 15
13739 13738 15
13740 13739 15
13741 13740 15
13742 13741 15
13743 13742 15
13744 13743 15
13745 13744 15
13746 13745 15
13747 13746 15
13748 13747 15
13749 13748 15
13750 13749 15
13751 13750 15
13752 13751 15
13753 13752 15
13754 13753 15
13824 13754 15
13825 13824 15
13826 13825 15
13827 13826 15
13828 13827 15
13829 13828 15
13830 13829 15
13831 13830 15
13832 13831 15
13833 13832 15
13834 13833 15
13835 13834 15
13836 13835 15
13837 13836 15
13838 13837 15
13839 13838 15
13840 13839 15
13841 13840 15
13842 13841 15
13843 13842 15
13844 13843 15
13845 13844 15
13846 13845 15
13847 13846 15
13848 13847 15
13849 13848 15
13850 13849 15
13851 13850 15
13852 13851 15
13922 13852 15
13923 13922 15
13924 13923 15
13925 13924 15
13926 13925 15
13927 13926 15
13928 13927 15
13998 13928 15
14068 13998 15
14138 14068 15
14208 14138 15
14278 14208 15
14348 14278 15
14418 14348 15
14488 14418 15
14489 14488 15
14490 14489 15
14560 14490 15
14630 14560 15
560 630 16
630 700 16
700 770 16
769 839 16
770 769 16
839 909 16
909 5809 16
5809 5879 16
5879 5949 16
5949 6019 16
6019 6089 16
6089 6159 16
6159 6229 16
6229 6299 16
6299 6369 16
6369 6439 16
6439 6509 16
6509 6579 16
6579 6649 16
6649 6719 16
6719 6789 16
6789 6859 16
6859 6929 16
6929 6999 16
6999 7069 16
7069 7139 16
7139 7209 16
7209 7279 16
7279 7349 16
7349 7419 16
7419 7489 16
7489 7559 16
7559 7629 16
7629 7699 16
7699 7769 16
7769 7839 16
7839 7909 16
7909 7979 16
7979 8049 16
8049 8050 16
8050 8120 16
8120 8190 16
8190 8260 16
8260 8330 16
8330 8400 16
8400 8470 16
8470 8540 16
8540 8610 16
8610 8680 16
8680 8750 16
8750 8820 16
8820 8890 16
8890 8960 16
8960 9030 16
9030 9100 16
9100 9170 16
4340 4410 16
9170 9240 16
4410 4480 16
9240 4340 16
4480 4550 16
 26  96 17
 27  26 17
 96 166 17
 28  27 17
 29  28 17
166 236 17
236 306 17
306 376 17
376 446 17
446 516 17
516 586 17
586 656 17
656 726 17
724 5624 17
725 724 17
726 725 17
5624 5694 17
5694 5764 17
5764 5834 17
5834 5904 17
5904 5974 17
5974 6044 17
6044 6114 17
6114 6184 17
6184 6254 17
6254 6324 17
6324 6394 17
6394 6464 17
6464 6534 17
6534 6604 17
6604 6674 17
6674 6744 17
6744 6814 17
6814 6884 17
6884 6954 17
6954 7024 17
7024 7094 17
7094 7164 17
7164 7234 17
7234 7304 17
7304 7374 17
7374 7444 17
7444 7514 17
7514 7584 17
7584 7654 17
7654 7724 17
7724 7794 17
7794 7864 17
7864 7934 17
7934 8004 17
8004 8074 17
8074 8144 17
3292 3291 17
3293 3292 17
8144 8214 17
8193 3293 17
8194 8193 17
8195 8194 17
8196 8195 17
8197 8196 17
8198 8197 17
8199 8198 17
8200 8199 17
8201 8200 17
8202 8201 17
8203 8202 17
8204 8203 17
8205 8204 17
8206 8205 17
8207 8206 17
8208 8207 17
8209 8208 17
8210 8209 17
8211 8210 17
8212 8211 17
8213 8212 17
8214 8213 17
 94  24 18
164  94 18
234 164 18
304 234 18
374 304 18
444 374 18
514 444 18
584 514 18
653 654 18
654 584 18
723 653 18
793 723 18
5693 793 18
5763 5693 18
5833 5763 18
5903 5833 18
5972 5973 18
5973 5903 18
6041 6042 18
6042 5972 18
6111 6041 18
6172 6173 18
6173 6174 18
6174 6175 18
6175 6176 18
6176 6177 18
6177 6178 18
6178 6179 18
6179 6180 18
6180 6181 18
6181 6111 18
6242 6172 18
6310 6311 18
6311 6312 18
6312 6242 18
6378 6379 18
6379 6380 18
6380 6310 18
6448 6378 18
6518 6448 18
6585 6586 18
6586 6587 18
6587 6588 18
6588 6518 18
6655 6585 18
6724 6725 18
6725 6655 18
6792 6793 18
6793 6794 18
6794 6724 18
6862 6792 18
6932 6862 18
7002 6932 18
7072 7002 18
7142 7072 18
7212 7142 18
2451 2452 18
2452 7352 18
7282 7212 18
7352 7282 18
351 5251 19
5251 10151 19
8762 8832 19
8832 8902 19
8902 8972 19
8972 9042 19
9042 9112 19
9112 9182 19
9182 9252 19
9252 9322 19
9322 9392 19
9392 9462 19
9462 9532 19
9532 9602 19
9602 9672 19
9672 9742 19
9742 4842 19
10151 10221 19
10221 10291 19
10291 10361 19
10361 10431 19
10431 10501 19
10501 10571 19
10571 10641 19
10641 10711 19
10711 10781 19
10781 10851 19
10851 10921 19
10921 10991 19
10991 11061 19
11061 11131 19
11131 11201 19
11201 11271 19
11271 11341 19
11341 11411 19
11411 11481 19
11481 11551 19
11551 11621 19
11621 11691 19
11691 11761 19
11761 11831 19
11831 11901 19
11901 11971 19
11971 12041 19
12041 12111 19
12111 12181 19
12181 12251 19
12251 12321 19
12321 12391 19
12391 12461 19
12461 12531 19
12531 12601 19
12601 12671 19
12671 12741 19
12741 12811 19
12811 12881 19
12881 12951 19
12951 13021 19
13021 13091 19
13091 13161 19
13161 13162 19
13162 13163 19
13163 13164 19
13164 13165 19
13165 13166 19
13166 13167 19
13167 13237 19
13237 13307 19
13307 13308 19
13308 13309 19
13309 13310 19
13310 13380 19
13380 13450 19
13450 13520 19
13520 13590 19
13590 13660 19
13660 13661 19
13661 13662 19
13662 8762 19
141 211 20
211 5111 20
5111 5181 20
5181 5182 20
5182 5252 20
5252 5322 20
5322 5392 20
5392 10292 20
2872 2871 20
7772 2872 20
10292 10362 20
10362 10432 20
10432 10502 20
10502 10572 20
10572 10642 20
10642 10712 20
10712 10782 20
10782 15682 20
12672 7772 20
15682 15752 20
15752 15822 20
15822 15892 20
15892 15962 20
15962 16032 20
16032 16102 20
16102 16172 20
16172 16242 20
16242 16312 20
16312 16382 20
16382 16452 20
16452 16522 20
16522 16592 20
16592 16662 20
16662 16732 20
16732 16802 20
16802 16872 20
16872 16942 20
16942 17012 20
17012 17082 20
17082 17152 20
17152 17222 20
17222 17292 20
17292 17362 20
17362 17432 20
17432 17502 20
17502 17572 20
17572 12672 20
2661 2731 21
2731 2732 21
2732 2733 21
2733 2803 21
2803 7703 21
2822 2892 21
7703 7704 21
7704 7705 21
7705 7706 21
7706 7707 21
7707 7708 21
7708 7709 21
7709 7710 21
7710 7711 21
7711 7712 21
7712 7713 21
7713 7714 21
7714 7715 21
7715 7716 21
7716 7717 21
7717 7718 21
7718 7719 21
7719 7720 21
7720 7721 21
7721 7722 21
2892 2893 21
7722 2822 21
2893 2894 21
2894 2895 21
2895 2896 21
2896 2897 21
2897 2898 21
2898 2899 21
2899 2900 21
2900 2901 21
2901 2902 21
2902 2903 21
2903 2904 21
2904 2905 21
2905 2906 21
2906 2907 21
2907 2908 21
2908 2909 21
2909 2910 21
2910 2911 21
2911 2912 21
2912 2913 21
2913 2914 21
2914 2915 21
2915 2916 21
2916 2917 21
2917 2918 21
2918 2919 21
2919 2920 21
2920 2921 21
2921 2922 21
2922 2923 21
2923 2924 21
2924 2925 21
2925 2926 21
2926 2927 21
2927 2928 21
2928 2929 21
2929 2930 21
2930 2931 21
2931 2932 21
2932 2933 21
2933 2934 21
2934 2935 21
2935 2936 21
2936 2937 21
2937 2938 21
2938 2939 21
2939 2940 21
