# Cost: 1811

# Tail Head Net
 67 167 1
167 267 1
267 367 1
367 467 1
467 567 1
567 667 1
667 767 1
767 867 1
867 967 1
967 1067 1
1067 1167 1
1167 1267 1
1267 1268 1
1268 1368 1
1368 1468 1
1468 1568 1
1568 1668 1
1668 1768 1
1768 1868 1
1868 1968 1
1968 2068 1
2068 2168 1
2168 2268 1
2268 2368 1
2368 2468 1
2468 2568 1
2568 2668 1
2668 2768 1
2768 2868 1
2868 2968 1
2968 3068 1
3068 3168 1
3168 3268 1
3268 3368 1
3368 3468 1
3468 3568 1
3568 3569 1
3569 3669 1
3669 3769 1
3769 3869 1
3869 3969 1
3969 4069 1
4069 4169 1
4169 4170 1
4170 4171 1
4171 4172 1
4172 4272 1
4272 4372 1
4372 4373 1
4373 4374 1
4374 4474 1
4474 4475 1
4475 4575 1
4575 4675 1
4675 4775 1
4775 4875 1
4875 4975 1
4975 5075 1
5075 5175 1
5175 5275 1
5275 5375 1
5375 5475 1
5475 5575 1
5575 5675 1
5675 5676 1
5676 5677 1
5677 5777 1
5777 5877 1
5877 5977 1
5977 6077 1
6077 6177 1
6177 6277 1
6277 6377 1
6377 6477 1
6477 6577 1
6577 6677 1
6677 6777 1
6777 6877 1
6877 6977 1
6977 7077 1
7077 7078 1
7078 7178 1
7178 7278 1
7278 7378 1
7302 7301 1
7378 7478 1
7402 7302 1
7403 7402 1
7404 7403 1
7405 7404 1
7406 7405 1
7407 7406 1
7408 7407 1
7478 7578 1
7478 17478 1
17408 7408 1
17409 17408 1
17410 17409 1
17411 17410 1
17412 17411 1
17413 17412 1
17414 17413 1
17415 17414 1
17416 17415 1
17417 17416 1
17418 17417 1
17419 17418 1
17420 17419 1
17421 17420 1
17422 17421 1
17423 17422 1
17424 17423 1
17425 17424 1
17426 17425 1
17427 17426 1
17428 17427 1
17429 17428 1
17430 17429 1
17431 17430 1
17432 17431 1
17433 17432 1
17434 17433 1
17435 17434 1
17436 17435 1
17437 17436 1
17438 17437 1
17439 17438 1
17440 17439 1
17441 17440 1
17442 17441 1
17443 17442 1
17444 17443 1
17445 17444 1
17446 17445 1
17447 17446 1
17448 17447 1
17449 17448 1
17450 17449 1
17451 17450 1
17452 17451 1
17453 17452 1
17454 17453 1
17455 17454 1
17456 17455 1
17457 17456 1
17458 17457 1
17459 17458 1
17460 17459 1
17461 17460 1
17462 17461 1
17463 17462 1
17464 17463 1
17465 17464 1
17466 17465 1
17467 17466 1
17468 17467 1
17469 17468 1
17470 17469 1
17471 17470 1
17472 17471 1
17473 17472 1
17474 17473 1
17475 17474 1
17476 17475 1
17477 17476 1
7578 7678 1
17478 17477 1
7678 7778 1
7778 7878 1
7878 7978 1
7978 7979 1
7979 7980 1
7980 8080 1
8080 8081 1
8081 8181 1
8181 8182 1
8182 8282 1
8282 8382 1
8382 8482 1
8482 8582 1
8582 8583 1
8583 8683 1
8683 8783 1
8783 8883 1
8883 8983 1
8983 9083 1
9083 9183 1
9183 9184 1
9184 9284 1
9284 19284 1
19284 19285 1
19285 19286 1
19286 19287 1
19287 19288 1
19288 19289 1
19289 19290 1
19290 19390 1
19390 19391 1
19391 19491 1
19491 19591 1
19591 19691 1
19691 19791 1
9792 9793 1
9793 9794 1
9794 9795 1
9795 9796 1
9796 9797 1
9797 9798 1
9798 9898 1
19791 19891 1
9892 9792 1
9898 9899 1
9899 9900 1
9991 9992 1
19891 19991 1
9992 9892 1
19991 9991 1
10501 501 2
10601 10501 2
10602 10601 2
13577 23577 2
13578 13577 2
13579 13578 2
13580 13579 2
13581 13580 2
13681 13581 2
13781 13681 2
13782 13781 2
13783 13782 2
13784 13783 2
13785 13784 2
13786 13785 2
13787 13786 2
3891 13891 2
3892 3891 2
13887 13787 2
13888 13887 2
13889 13888 2
13890 13889 2
13891 13890 2
3992 3892 2
4092 3992 2
4093 4092 2
4094 4093 2
4095 4094 2
4096 4095 2
4097 4096 2
4098 4097 2
4099 4098 2
4100 4099 2
19918 9918 2
19982 9982 2
20602 10602 2
20702 20602 2
20703 20702 2
20704 20703 2
20804 20704 2
20904 20804 2
20905 20904 2
20906 20905 2
20907 20906 2
20908 20907 2
20909 20908 2
20910 20909 2
20911 20910 2
20912 20911 2
21012 20912 2
21112 21012 2
21113 21112 2
21114 21113 2
21214 21114 2
21215 21214 2
21315 21215 2
21415 21315 2
21416 21415 2
21417 21416 2
21517 21417 2
21518 21517 2
21519 21518 2
21520 21519 2
21620 21520 2
21621 21620 2
21622 21621 2
21623 21622 2
21624 21623 2
21625 21624 2
21626 21625 2
21627 21626 2
21628 21627 2
21629 21628 2
21630 21629 2
21631 21630 2
21632 21631 2
21633 21632 2
21634 21633 2
21635 21634 2
21636 21635 2
21637 21636 2
21638 21637 2
21639 21638 2
21640 21639 2
21641 21640 2
21741 21641 2
21742 21741 2
21842 21742 2
21843 21842 2
21943 21843 2
21944 21943 2
22044 21944 2
22045 22044 2
22145 22045 2
22146 22145 2
22246 22146 2
22247 22246 2
22347 22247 2
22348 22347 2
22448 22348 2
22449 22448 2
22549 22449 2
22649 22549 2
22749 22649 2
22750 22749 2
22850 22750 2
22851 22850 2
22951 22851 2
22952 22951 2
23052 22952 2
23152 23052 2
23153 23152 2
23154 23153 2
23155 23154 2
23156 23155 2
23157 23156 2
23158 23157 2
23159 23158 2
23160 23159 2
23161 23160 2
23261 23161 2
23262 23261 2
23263 23262 2
23264 23263 2
23265 23264 2
23266 23265 2
23267 23266 2
23268 23267 2
23269 23268 2
23369 23269 2
23370 23369 2
23371 23370 2
23372 23371 2
23472 23372 2
23473 23472 2
23474 23473 2
23574 23474 2
23575 23574 2
23576 23575 2
23577 23576 2
23577 23677 2
23677 23678 2
23678 23778 2
23778 23878 2
23878 23978 2
23978 24078 2
24078 24178 2
24178 24278 2
24278 24378 2
24378 24379 2
24379 24479 2
24479 24579 2
24579 24679 2
24679 24680 2
24680 24780 2
24780 24880 2
24880 24980 2
24980 25080 2
25080 25180 2
25180 25181 2
25181 25281 2
25281 25282 2
25282 25382 2
25382 25482 2
25482 25582 2
25582 25682 2
25682 25782 2
25782 25882 2
25882 25982 2
25982 26082 2
26082 26182 2
26182 26282 2
26282 26382 2
26382 26482 2
26482 26582 2
26582 26682 2
26682 26782 2
26782 26882 2
26882 26982 2
26982 27082 2
27082 27182 2
27182 27282 2
27282 27382 2
27382 27482 2
27482 27582 2
27582 27682 2
27682 27782 2
27782 27882 2
27882 27982 2
27982 28082 2
28082 28182 2
28182 28282 2
28282 28382 2
28382 28482 2
28482 28582 2
28582 28682 2
28682 28782 2
28782 28882 2
28882 28982 2
28982 29082 2
29082 29182 2
29182 29282 2
29282 29382 2
29382 29482 2
29482 29582 2
29582 29682 2
29682 29782 2
29782 29882 2
29882 29982 2
29918 19918 2
29919 29918 2
29920 29919 2
29921 29920 2
29922 29921 2
29923 29922 2
29924 29923 2
29925 29924 2
29926 29925 2
29927 29926 2
29928 29927 2
29929 29928 2
29930 29929 2
29931 29930 2
29932 29931 2
29933 29932 2
29934 29933 2
29935 29934 2
29936 29935 2
29937 29936 2
29938 29937 2
29939 29938 2
29940 29939 2
29941 29940 2
29942 29941 2
29943 29942 2
29944 29943 2
29945 29944 2
29946 29945 2
29947 29946 2
29948 29947 2
29949 29948 2
29950 29949 2
29951 29950 2
29952 29951 2
29953 29952 2
29954 29953 2
29955 29954 2
29956 29955 2
29957 29956 2
29958 29957 2
29959 29958 2
29960 29959 2
29961 29960 2
29962 29961 2
29963 29962 2
29964 29963 2
29965 29964 2
29966 29965 2
29967 29966 2
29968 29967 2
29969 29968 2
29970 29969 2
29971 29970 2
29972 29971 2
29973 29972 2
29974 29973 2
29975 29974 2
29976 29975 2
29977 29976 2
29978 29977 2
29979 29978 2
29980 29979 2
29981 29980 2
29982 19982 2
29982 29981 2
1099 1100 3
11099 1099 3
11199 11099 3
11299 11199 3
11399 11299 3
11499 11399 3
11599 11499 3
11699 11599 3
11799 11699 3
11899 11799 3
11999 11899 3
12099 11999 3
12199 12099 3
2399 2400 3
12299 12199 3
12399 2399 3
12399 12299 3
12499 12399 3
12599 12499 3
12699 12599 3
12799 12699 3
12899 12799 3
12999 12899 3
13099 12999 3
13199 13099 3
13299 13199 3
13399 13299 3
13499 13399 3
13599 13499 3
13699 13599 3
13799 13699 3
13899 13799 3
13999 13899 3
14099 13999 3
14199 14099 3
14299 14199 3
14399 14299 3
14499 14399 3
14599 14499 3
14699 14599 3
14799 14699 3
14899 14799 3
14999 14899 3
15099 14999 3
15199 15099 3
15299 15199 3
15399 15299 3
15499 15399 3
15599 15499 3
15699 15599 3
15799 15699 3
15899 15799 3
15999 15899 3
16099 15999 3
16199 16099 3
16299 16199 3
16399 16299 3
16499 16399 3
16599 16499 3
16699 16599 3
16799 16699 3
16899 16799 3
16999 16899 3
17099 16999 3
17199 17099 3
17299 17199 3
17399 17299 3
17499 17399 3
17599 17499 3
7798 7799 3
7799 7800 3
7799 17799 3
17699 17599 3
7896 7897 3
7897 7898 3
7898 7798 3
17799 17699 3
7996 7896 3
8096 7996 3
8196 8096 3
8296 8196 3
8396 8296 3
8496 8396 3
8596 8496 3
8696 8596 3
8796 8696 3
8895 8896 3
8896 8796 3
8995 8895 3
9095 8995 3
9195 9095 3
9294 9295 3
9295 9195 3
9394 9294 3
9494 9394 3
9591 9592 3
9592 9593 3
9593 9594 3
9594 9494 3
9689 9690 3
9690 9691 3
9691 9591 3
9789 9689 3
9881 9882 3
9882 9883 3
9883 9884 3
9884 9885 3
9885 9886 3
9886 9887 3
9887 9888 3
9888 9889 3
9889 9789 3
9959 9960 3
9960 9961 3
9961 9962 3
9962 9963 3
9963 9964 3
9964 9965 3
9965 9966 3
9966 9967 3
9967 9968 3
9968 9969 3
9969 9970 3
9970 9971 3
9971 9972 3
9972 9973 3
9973 9974 3
9974 9975 3
9975 9976 3
9976 9977 3
9977 9978 3
9978 9979 3
9979 9980 3
9980 9981 3
9981 9881 3
 46 146 4
 47  46 4
146 246 4
 48  47 4
 49  48 4
 50  49 4
 51  50 4
 52  51 4
 53  52 4
 54  53 4
 55  54 4
 56  55 4
 57  56 4
 58  57 4
 59  58 4
 59 159 4
159 259 4
246 346 4
259 359 4
346 446 4
359 459 4
445 545 4
446 445 4
459 460 4
460 10460 4
545 645 4
10460 10560 4
635 735 4
636 635 4
637 636 4
638 637 4
639 638 4
640 639 4
641 640 4
642 641 4
643 642 4
644 643 4
645 644 4
10560 10660 4
735 835 4
10660 10760 4
806 906 4
807 806 4
808 807 4
809 808 4
810 809 4
811 810 4
812 811 4
813 812 4
814 813 4
815 814 4
816 815 4
817 816 4
818 817 4
819 818 4
820 819 4
821 820 4
822 821 4
823 822 4
824 823 4
825 824 4
826 825 4
827 826 4
828 827 4
829 828 4
830 829 4
831 830 4
832 831 4
833 832 4
834 833 4
835 834 4
10760 10860 4
906 1006 4
10860 10960 4
1006 1106 4
10960 10961 4
10961 10962 4
10962 10963 4
10963 10964 4
10964 10965 4
10965 11065 4
1068 1168 4
1106 1206 4
11065 11066 4
11066 11067 4
11067 11068 4
1168 1169 4
11068 1068 4
1169 1269 4
1206 1306 4
1269 1369 4
1306 1406 4
1369 1469 4
1406 1506 4
1469 1569 4
1506 1606 4
1569 1669 4
1606 1706 4
1669 1769 4
1706 1806 4
1769 1869 4
1806 1906 4
1869 1969 4
1906 2006 4
1969 2069 4
2006 2106 4
2069 2169 4
2106 2206 4
2169 2269 4
2206 2306 4
2269 2369 4
2306 2406 4
2369 2469 4
2406 2506 4
2469 2569 4
2506 2606 4
2569 2669 4
2604 2704 4
2605 2604 4
2606 2605 4
2669 2769 4
2704 2804 4
2769 2869 4
2804 2904 4
2869 2969 4
2904 3004 4
2969 3069 4
3004 3104 4
3069 3169 4
3104 3204 4
3169 3269 4
3204 3304 4
3269 3369 4
3304 3404 4
3369 3370 4
3370 3470 4
3404 3504 4
3470 3570 4
3504 3604 4
3570 3670 4
3604 3704 4
3670 3770 4
3704 3804 4
3770 3870 4
3801 3901 4
3802 3801 4
3803 3802 4
3804 3803 4
3870 3970 4
3901 4001 4
3970 4070 4
4001 4101 4
4070 4071 4
4071 4072 4
4072 4073 4
4073 4173 4
4173 4273 4
4273 4274 4
4274 4275 4
4275 4375 4
4375 4376 4
4376 4377 4
4377 4378 4
4378 4379 4
4379 4380 4
4380 4381 4
4381 4481 4
4481 4581 4
4581 4582 4
4582 4583 4
4583 4683 4
4683 4684 4
4684 4784 4
4784 4785 4
4785 4885 4
4885 4886 4
4886 4986 4
4986 4987 4
4987 4988 4
4988 5088 4
5088 5089 4
5089 5090 4
5090 5091 4
5091 5092 4
5092 5192 4
5192 5193 4
5193 5293 4
5293 5294 4
5294 5394 4
5394 5494 4
5494 5594 4
5594 5595 4
5595 5596 4
5596 5597 4
5597 5598 4
5598 5599 4
5599 5600 4
 30 130 5
130 230 5
230 330 5
330 10330 5
10329 10429 5
10330 10329 5
10428 10528 5
10429 10428 5
10528 10628 5
10628 10728 5
10728 10828 5
10828 10928 5
10928 11028 5
11028 11128 5
11128 11228 5
11228 11328 5
11328 11428 5
11428 11528 5
11528 11628 5
11628 11728 5
11726 11826 5
11727 11726 5
11728 11727 5
11814 11914 5
11815 11814 5
11816 11815 5
11817 11816 5
11818 11817 5
11819 11818 5
11820 11819 5
11821 11820 5
11822 11821 5
11823 11822 5
11824 11823 5
11825 11824 5
11826 11825 5
11914 12014 5
12013 12113 5
12014 12013 5
12113 12213 5
12210 12310 5
12211 12210 5
12212 12211 5
12213 12212 5
12310 12410 5
12408 12508 5
12409 12408 5
12410 12409 5
12410 12510 5
12508 12608 5
12510 12610 5
12608 12708 5
12610 12710 5
12708 12808 5
12710 12810 5
12802 12902 5
12803 12802 5
12804 12803 5
12805 12804 5
12806 12805 5
12807 12806 5
12808 12807 5
12810 12910 5
3001 2901 5
12901 13001 5
3002 3001 5
12902 12901 5
12910 13010 5
13001 13101 5
13002 3002 5
13003 13002 5
13004 13003 5
13005 13004 5
13006 13005 5
13007 13006 5
13008 13007 5
13009 13008 5
13010 13009 5
13101 13201 5
13201 13301 5
13301 13401 5
13401 13501 5
13501 13601 5
13601 13701 5
13701 13801 5
13801 13901 5
13901 14001 5
14001 14101 5
14101 14201 5
14201 14301 5
14301 14401 5
14401 14501 5
14501 14601 5
14601 14701 5
14701 14801 5
14801 14901 5
14901 15001 5
15001 15101 5
15101 15201 5
15201 15301 5
15301 15401 5
15401 15501 5
15501 15601 5
15601 15701 5
15701 15801 5
15801 15901 5
15901 16001 5
16001 16101 5
16101 16201 5
16201 16301 5
16301 16401 5
16401 6401 5
16401 16501 5
16501 16601 5
16601 16701 5
16701 16801 5
16801 16901 5
16901 17001 5
17001 17101 5
17101 17102 5
17102 17103 5
17103 17104 5
17104 17105 5
17105 17106 5
17106 17206 5
17206 17306 5
17306 17307 5
17307 17407 5
17407 17507 5
17507 17508 5
17508 17608 5
17608 17609 5
17609 17610 5
17610 17611 5
17611 17711 5
17711 17712 5
17712 17713 5
17713 17813 5
17813 17814 5
17814 17815 5
17815 17816 5
17816 17817 5
17817 17917 5
17917 17918 5
17918 17919 5
17919 17920 5
17920 17921 5
17921 18021 5
18021 18022 5
18022 18122 5
18122 18222 5
18222 18322 5
18322 18422 5
18422 18423 5
18423 18523 5
18523 18623 5
18623 18624 5
18624 18625 5
18625 18626 5
18626 18627 5
18627 18628 5
18628 18728 5
18728 18729 5
18729 18730 5
18730 18731 5
18731 18732 5
18732 18832 5
18832 18833 5
18833 18834 5
18834 18835 5
18835 18836 5
18836 18837 5
18837 18838 5
18838 18839 5
18839 18840 5
18840 18841 5
18841 18842 5
18842 18843 5
18843 18844 5
18844 18845 5
18845 18846 5
18846 18946 5
18946 18947 5
18947 18948 5
18948 18949 5
18949 18950 5
18950 18951 5
18951 18952 5
18952 18953 5
18953 18954 5
18954 18955 5
18955 18956 5
18956 18957 5
18957 18958 5
18958 18959 5
18959 18960 5
18960 18961 5
18961 18962 5
18962 18963 5
18963 18964 5
18964 18965 5
18965 19065 5
19065 19165 5
19165 19265 5
19265 19266 5
19266 19366 5
19366 19466 5
19466 19467 5
19467 19468 5
19468 19469 5
19469 19470 5
19470 19471 5
19471 19472 5
19472 19572 5
19572 19573 5
19573 19574 5
19574 19575 5
19575 19576 5
19576 19577 5
19577 19578 5
19578 19579 5
19579 19580 5
19580 19581 5
19581 19582 5
19582 19682 5
19682 19683 5
19683 19783 5
19783 19784 5
19784 19785 5
19785 19885 5
19885 19985 5
19985 9985 5
 97  96 6
 97 197 6
197 297 6
297 397 6
397 497 6
497 597 6
597 697 6
697 797 6
797 897 6
897 997 6
997 1097 6
1097 1197 6
1197 1297 6
1297 1397 6
1397 1497 6
1497 1597 6
1597 11597 6
11597 11697 6
11697 11797 6
11797 11897 6
11897 11997 6
11997 12097 6
12097 12098 6
12098 12198 6
12198 12298 6
12298 12398 6
12398 12498 6
12498 12598 6
12598 12698 6
12698 12798 6
12798 12898 6
12898 12998 6
12998 13098 6
13098 13198 6
13198 13298 6
13298 13398 6
13398 13498 6
13498 13598 6
13598 13698 6
13698 13798 6
13798 13898 6
13898 13998 6
13998 14098 6
4198 4298 6
14098 14198 6
4298 4398 6
14198 4198 6
4398 4399 6
4399 4400 6
4400 4500 6
4500 14500 6
14500 14600 6
14600 14700 6
14700 14800 6
14800 14900 6
14900 15000 6
15000 15100 6
15100 15200 6
15200 15300 6
15300 15400 6
15400 15500 6
15500 15600 6
15600 15700 6
15700 15800 6
15800 15900 6
15900 16000 6
16000 16100 6
16100 16200 6
16200 16300 6
16300 16400 6
16400 16500 6
16500 16600 6
16600 16700 6
16700 16800 6
16800 16900 6
16900 17000 6
17000 17100 6
17100 17200 6
17200 17300 6
17300 17400 6
17400 17500 6
17500 17600 6
17600 17700 6
17700 17800 6
7900 8000 6
17800 17900 6
8000 8100 6
17900 7900 6
8100 8200 6
8200 8300 6
8300 8400 6
8400 8500 6
8500 8600 6
8600 8700 6
8301 8201 7
8302 8301 7
8303 8302 7
8403 8303 7
8503 8403 7
8603 8503 7
8703 8603 7
8803 8703 7
8903 8803 7
9003 8903 7
9103 9003 7
9104 9103 7
9204 9104 7
9304 9204 7
9404 9304 7
9504 9404 7
9604 9504 7
9704 9604 7
9705 9704 7
9706 9705 7
9707 9706 7
9708 9707 7
9709 9708 7
9710 9709 7
9711 9710 7
9711 9811 7
9712 9711 7
9713 9712 7
9714 9713 7
9715 9714 7
9716 9715 7
9717 9716 7
9718 9717 7
9719 9718 7
9720 9719 7
9721 9720 7
9722 9721 7
9723 9722 7
9724 9723 7
9725 9724 7
9726 9725 7
9727 9726 7
9728 9727 7
9729 9728 7
9730 9729 7
9731 9730 7
9732 9731 7
9733 9732 7
9734 9733 7
9735 9734 7
9736 9735 7
9737 9736 7
9738 9737 7
9739 9738 7
9740 9739 7
9741 9740 7
9742 9741 7
9743 9742 7
9744 9743 7
9745 9744 7
9746 9745 7
9747 9746 7
9748 9747 7
9749 9748 7
9750 9749 7
9751 9750 7
9752 9751 7
9753 9752 7
9754 9753 7
9755 9754 7
9756 9755 7
9757 9756 7
9758 9757 7
9759 9758 7
9760 9759 7
9761 9760 7
9762 9761 7
9763 9762 7
9764 9763 7
9765 9764 7
9766 9765 7
9767 9766 7
9768 9767 7
9769 9768 7
9770 9769 7
9771 9770 7
9772 9771 7
9773 9772 7
9774 9773 7
9775 9774 7
9776 9775 7
9777 9776 7
9778 9777 7
9779 9778 7
9780 9779 7
9781 9780 7
9782 9781 7
9783 9782 7
9784 9783 7
9785 9784 7
9786 9785 7
9787 9786 7
9811 9911 7
19787 9787 7
19887 19787 7
9989 19989 7
19987 19887 7
19988 19987 7
19989 19988 7
19989 29989 7
19993 19994 7
19994 19995 7
19995 19996 7
19996 19997 7
19997 19998 7
19998 9998 7
29989 29990 7
29990 29991 7
29991 29992 7
29992 29993 7
29993 19993 7
10101 101 8
10201 10101 8
10202 10201 8
10302 10202 8
502 10502 8
10402 10302 8
602 502 8
10502 10402 8
702 602 8
10702 702 8
10802 10702 8
1001 1002 8
1002 11002 8
10902 10802 8
11002 10902 8
11002 11003 8
11003 11103 8
11103 11104 8
11104 11105 8
11105 11205 8
1209 1309 8
11205 11206 8
11206 11207 8
11207 11208 8
11208 11209 8
1309 1409 8
11209 1209 8
1409 1509 8
1509 1510 8
1510 1610 8
1610 1710 8
1710 1711 8
1711 1811 8
1811 1812 8
1812 1813 8
1813 1814 8
1814 1914 8
1914 2014 8
2014 2015 8
2015 2115 8
2115 2116 8
2116 2117 8
2117 2118 8
2118 2218 8
2218 2318 8
2318 2319 8
2319 2320 8
2320 2420 8
2420 12420 8
12420 12520 8
12520 12620 8
12620 12621 8
12621 12622 8
12622 12623 8
12623 12624 8
12624 12625 8
12625 12626 8
12626 12627 8
12627 12628 8
12628 12728 8
12728 12729 8
12729 12730 8
12730 12731 8
12731 12732 8
12732 12733 8
12733 12734 8
12734 12735 8
12735 12736 8
12736 12836 8
12836 12936 8
12936 13036 8
13036 13037 8
13037 13038 8
13038 13138 8
13138 13139 8
13139 13140 8
13140 13141 8
13141 13142 8
13142 13242 8
13242 13243 8
13243 13244 8
13244 13245 8
13245 13246 8
13246 13247 8
13247 13248 8
13248 13249 8
13249 13250 8
13250 13251 8
13251 13252 8
13252 13352 8
13352 13452 8
13452 13552 8
13552 13553 8
13553 13653 8
13653 13753 8
13753 13754 8
13754 13755 8
13755 13756 8
13756 13757 8
13757 13758 8
13758 13759 8
13759 13760 8
13760 13761 8
13761 13762 8
13762 13763 8
13763 13764 8
13764 13765 8
13765 13766 8
13766 13866 8
13866 13966 8
13966 13967 8
13967 13968 8
13968 13969 8
13969 13970 8
13970 13971 8
13971 13972 8
13972 13973 8
13973 13974 8
13974 13975 8
13975 13976 8
13976 13977 8
13977 13978 8
13978 13979 8
13979 13980 8
13980 14080 8
14080 14180 8
14180 14181 8
14181 14182 8
14182 14183 8
14183 14184 8
14184 14185 8
14185 14186 8
14186 14187 8
14187 14188 8
14188 14189 8
14189 14190 8
14190 14191 8
14191 14192 8
14192 14193 8
14193 14194 8
14194 14294 8
14294 14394 8
14394 14494 8
14494 14495 8
14495 14595 8
14595 14695 8
14695 14795 8
14795 14895 8
14895 14995 8
14995 15095 8
15095 15096 8
15096 15097 8
15097 15197 8
15197 15297 8
15297 15397 8
15397 15497 8
15497 15597 8
5697 5797 8
15597 15697 8
5797 5798 8
5797 5897 8
15697 5697 8
5798 5799 8
5799 5800 8
5897 5997 8
5997 6097 8
6097 6197 8
6197 6297 8
6297 6397 8
6397 6497 8
6497 6597 8
6597 6697 8
6697 6797 8
6797 6897 8
6897 6997 8
6997 6998 8
6998 6999 8
6999 7000 8
7598 7599 9
7599 7600 9
7698 7598 9
17698 7698 9
17798 17698 9
17898 17798 9
17998 17898 9
18097 18098 9
18098 17998 9
18197 18097 9
18297 18197 9
18397 18297 9
18497 18397 9
18597 18497 9
18697 18597 9
18797 18697 9
18897 18797 9
18996 18997 9
18997 18897 9
19096 18996 9
19196 19096 9
19296 19196 9
19396 19296 9
19495 19496 9
19496 19396 9
19595 19495 9
19695 19595 9
19795 19695 9
9932 9931 9
9933 9932 9
9934 9933 9
9935 9934 9
9936 9935 9
9937 9936 9
9938 9937 9
9939 9938 9
9940 9939 9
9941 9940 9
9942 9941 9
9943 9942 9
9944 9943 9
9945 9944 9
9946 9945 9
9947 9946 9
9948 9947 9
9949 9948 9
9950 9949 9
9951 9950 9
9952 9951 9
9953 9952 9
9954 9953 9
9955 9954 9
9956 9955 9
9957 9956 9
9958 9957 9
19865 19965 9
19866 19865 9
19867 19866 9
19868 19867 9
19869 19868 9
19870 19869 9
19871 19870 9
19872 19871 9
19873 19872 9
19874 19873 9
19875 19874 9
19876 19875 9
19877 19876 9
19878 19877 9
19879 19878 9
19880 19879 9
19881 19880 9
19882 19881 9
9983 19983 9
19883 19882 9
19883 29883 9
19892 19893 9
19893 19894 9
19894 19895 9
19895 19795 9
19895 19896 9
19896 19897 9
19897 19898 9
19898 19899 9
19899 19900 9
19900 20000 9
19958 9958 9
19959 19958 9
19960 19959 9
19961 19960 9
19962 19961 9
19963 19962 9
19964 19963 9
19965 19964 9
19983 19883 9
20000 10000 9
29883 29884 9
29884 29885 9
29885 29886 9
29886 29887 9
29887 29888 9
29888 29889 9
29889 29890 9
29890 29891 9
29891 29892 9
29892 19892 9
3202 3201 10
13102 13202 10
13202 3202 10
13675 13676 10
13676 13677 10
13677 13777 10
3797 3798 10
3798 3799 10
3799 3800 10
13777 13778 10
13778 13779 10
13779 23779 10
13792 13793 10
13793 13794 10
13794 13795 10
13795 13796 10
13796 13797 10
13797 3797 10
9828 19828 10
9926 9925 10
9927 9926 10
9928 9828 10
9928 9927 10
19828 29828 10
9929 9928 10
9930 9929 10
23102 13102 10
23103 23102 10
23104 23103 10
23105 23104 10
23205 23105 10
23206 23205 10
23207 23206 10
23208 23207 10
23209 23208 10
23210 23209 10
23211 23210 10
23212 23211 10
23213 23212 10
23214 23213 10
23314 23214 10
23314 23315 10
23315 23316 10
23316 23317 10
23317 23318 10
23318 23319 10
23319 23419 10
23414 23314 10
23419 23519 10
23514 23414 10
23519 23520 10
23520 23521 10
23521 23522 10
23522 23523 10
23523 23524 10
23524 23525 10
23525 23526 10
23526 23527 10
23527 23528 10
23528 23529 10
23529 23530 10
23530 23531 10
23531 23532 10
23532 23533 10
23533 23534 10
23534 23535 10
23535 23536 10
23536 23537 10
23537 23538 10
23538 23539 10
23539 23540 10
23540 23541 10
23541 23542 10
23542 23543 10
23543 23544 10
23544 23545 10
23545 23546 10
23546 23547 10
23547 23548 10
23548 23549 10
23549 23550 10
23550 23551 10
23551 23552 10
23552 23553 10
23553 23554 10
23554 23555 10
23555 23556 10
23556 23557 10
23557 23558 10
23558 23559 10
23559 23560 10
23560 23561 10
23561 23562 10
23562 23563 10
23563 23564 10
23564 23565 10
23565 23566 10
23566 23567 10
23567 23568 10
23568 23569 10
23569 23669 10
23614 23514 10
23669 23670 10
23670 23671 10
23671 23672 10
23672 23673 10
23673 23674 10
23674 23675 10
23675 13675 10
23714 23614 10
23779 23780 10
23780 23781 10
23781 23782 10
23782 23783 10
23783 23784 10
23784 23785 10
23785 23786 10
23786 23787 10
23787 23788 10
23788 23789 10
23789 23790 10
23790 23791 10
23791 23792 10
23792 13792 10
23814 23714 10
23914 23814 10
23915 23914 10
23916 23915 10
24016 23916 10
24116 24016 10
24216 24116 10
24217 24216 10
24218 24217 10
24219 24218 10
24319 24219 10
24320 24319 10
24321 24320 10
24421 24321 10
24521 24421 10
24621 24521 10
24622 24621 10
24623 24622 10
24723 24623 10
24823 24723 10
24923 24823 10
25023 24923 10
25123 25023 10
25223 25123 10
25323 25223 10
25423 25323 10
25523 25423 10
25623 25523 10
25723 25623 10
25724 25723 10
25824 25724 10
25924 25824 10
26024 25924 10
26124 26024 10
26224 26124 10
26324 26224 10
26424 26324 10
26524 26424 10
26624 26524 10
26724 26624 10
26824 26724 10
26924 26824 10
27024 26924 10
27124 27024 10
27224 27124 10
27324 27224 10
27325 27324 10
27425 27325 10
27525 27425 10
27625 27525 10
27725 27625 10
27825 27725 10
27925 27825 10
28025 27925 10
28125 28025 10
28225 28125 10
28325 28225 10
28326 28325 10
28426 28326 10
28526 28426 10
28527 28526 10
28528 28527 10
28628 28528 10
28728 28628 10
28828 28728 10
28928 28828 10
29028 28928 10
29128 29028 10
29228 29128 10
29328 29228 10
29428 29328 10
29528 29428 10
29628 29528 10
29728 29628 10
29828 29728 10
 40  41 11
 41  42 11
 42  43 11
 43  44 11
 44  45 11
 45 10045 11
10045 10046 11
10046 10047 11
10047 10048 11
10048 10049 11
10049 10050 11
10050 10051 11
10051 10052 11
10052 10053 11
10053 10054 11
10054 10055 11
10055 10056 11
10056 10057 11
10057 10058 11
10058 10059 11
10059 10060 11
10060 10061 11
10061 10062 11
10062 10063 11
10063 10064 11
10064 10065 11
10065 10066 11
10066 10067 11
10067 10068 11
10068 10069 11
 70  71 11
10069 10070 11
 71  72 11
10070  70 11
 72  73 11
 73  74 11
 74  75 11
 75  76 11
 76  77 11
 77  78 11
 78  79 11
 79  80 11
 80  81 11
 81  82 11
 82  83 11
 83  84 11
 84  85 11
 85  86 11
 86  87 11
 87  88 11
 88  89 11
 89  90 11
 90  91 11
 91  92 11
 92  93 11
 93  94 11
 94  95 11
