# Cost: 1655

# Tail Head Net
150  70 1
230 150 1
310 230 1
390 310 1
470 390 1
550 470 1
630 550 1
710 630 1
711 710 1
712 711 1
792 712 1
872 792 1
952 872 1
1032 952 1
1112 1032 1
1192 1112 1
1272 1192 1
1352 1272 1
1432 1352 1
1512 1432 1
1592 1512 1
1672 1592 1
1752 1672 1
1832 1752 1
1912 1832 1
1992 1912 1
2072 1992 1
2152 2072 1
2232 2152 1
2312 2232 1
2392 2312 1
2472 2392 1
2552 2472 1
2632 2552 1
2712 2632 1
2792 2712 1
2872 2792 1
2952 2872 1
3032 2952 1
3112 3032 1
3192 3112 1
3272 3192 1
3352 3272 1
3353 3352 1
3433 3353 1
3434 3433 1
3435 3434 1
3436 3435 1
3437 3436 1
3438 3437 1
3439 3438 1
3440 3439 1
3520 3440 1
3520 3600 1
3600 3680 1
3680 3760 1
3760 3840 1
3840 3920 1
3920 4000 1
4000 4080 1
4080 4160 1
4160 4240 1
 13  14 2
 14  15 2
 93  13 2
 15  16 2
 16  17 2
 17  18 2
 18  19 2
 19  20 2
 20  21 2
 21  22 2
173  93 2
253 173 2
333 253 2
413 333 2
493 413 2
573 493 2
653 573 2
733 653 2
813 733 2
893 813 2
973 893 2
1053 973 2
1133 1053 2
1213 1133 2
1293 1213 2
1373 1293 2
1452 1453 2
1453 1373 2
1532 1452 2
1612 1532 2
1692 1612 2
1772 1692 2
1852 1772 2
1932 1852 2
2012 1932 2
2092 2012 2
2172 2092 2
2252 2172 2
2332 2252 2
2412 2332 2
2492 2412 2
2572 2492 2
2652 2572 2
2732 2652 2
2812 2732 2
2892 2812 2
2972 2892 2
3052 2972 2
3132 3052 2
3212 3132 2
3292 3212 2
3372 3292 2
3452 3372 2
3532 3452 2
3612 3532 2
3692 3612 2
3772 3692 2
3852 3772 2
3932 3852 2
4012 3932 2
4092 4012 2
4172 4092 2
4252 4172 2
4332 4252 2
4412 4332 2
4492 4412 2
4572 4492 2
4652 4572 2
4732 4652 2
4812 4732 2
4892 4812 2
4972 4892 2
5052 4972 2
5132 5052 2
5212 5132 2
5292 5212 2
5372 5292 2
5452 5372 2
5532 5452 2
5612 5532 2
5692 5612 2
5772 5692 2
5852 5772 2
5932 5852 2
6012 5932 2
6092 6012 2
6172 6092 2
6252 6172 2
6332 6252 2
112  32 3
192 112 3
271 272 3
272 192 3
351 271 3
431 351 3
511 431 3
591 511 3
660 661 3
661 662 3
662 663 3
663 664 3
664 665 3
665 666 3
666 667 3
667 668 3
668 669 3
669 670 3
670 671 3
671 591 3
740 660 3
820 740 3
900 820 3
980 900 3
1060 980 3
1140 1060 3
1220 1140 3
1300 1220 3
1380 1300 3
1455 1456 3
1456 1457 3
1457 1458 3
1458 1459 3
1459 1460 3
1460 1380 3
1535 1455 3
1615 1535 3
1695 1615 3
1775 1695 3
1854 1855 3
1855 1775 3
1934 1854 3
8331 8332 3
8332 8333 3
8333 8334 3
8334 1934 3
2081 2161 3
2081 8481 3
8409 8410 3
8410 8411 3
8411 8331 3
2161 2241 3
8481 8482 3
8482 8483 3
8483 8484 3
8484 8485 3
8485 8486 3
8486 8487 3
8487 8488 3
8488 8489 3
8489 8409 3
2241 2321 3
2321 2401 3
2401 2481 3
2481 2561 3
2561 2641 3
2641 2721 3
2721 2801 3
2801 2881 3
2881 2961 3
2961 3041 3
3041 3121 3
3121 3201 3
3201 3281 3
3281 3361 3
3361 3441 3
3441 3521 3
3521 3601 3
3601 3681 3
3681 3761 3
3761 3841 3
3841 3921 3
3921 4001 3
4001 4081 3
6448 6449 4
6449 6450 4
6450 6451 4
6451 6452 4
6452 6453 4
6453 6454 4
6454 6455 4
6455 6456 4
6456 6457 4
6457 6458 4
6458 6459 4
6459 6460 4
6460 6461 4
6461 6462 4
6462 6463 4
6463 6464 4
6464 6465 4
6465 6466 4
6466 6467 4
6467 6468 4
6468 6469 4
6469 6470 4
6470 6471 4
6471 6472 4
6472 6473 4
6473 6474 4
6474 6475 4
6475 6476 4
6476 6477 4
6477 6478 4
6478 6479 4
6479  79 4
6528 6448 4
6608 6528 4
6688 6608 4
6768 6688 4
6848 6768 4
6928 6848 4
7008 6928 4
7088 7008 4
7168 7088 4
7248 7168 4
7328 7248 4
7408 7328 4
7488 7408 4
7568 7488 4
7648 7568 4
7728 7648 4
7808 7728 4
7888 7808 4
7968 7888 4
8048 7968 4
8128 8048 4
8208 8128 4
8288 8208 4
8368 8288 4
8448 8368 4
8528 8448 4
8608 8528 4
8688 8608 4
8768 8688 4
8848 8768 4
8928 8848 4
9008 8928 4
9088 9008 4
9168 9088 4
9248 9168 4
9328 9248 4
9408 9328 4
9488 9408 4
9568 9488 4
9648 9568 4
9728 9648 4
9808 9728 4
9888 9808 4
9968 9888 4
10048 9968 4
10128 10048 4
10208 10128 4
10288 10208 4
10368 10288 4
10448 10368 4
10528 10448 4
10608 10528 4
10688 10608 4
10768 10688 4
10848 10768 4
10928 10848 4
11008 10928 4
11088 11008 4
11168 11088 4
11248 11168 4
11328 11248 4
11361 4961 4
11362 11361 4
11363 11362 4
11364 11363 4
11365 11364 4
11366 11365 4
11367 11366 4
11368 11367 4
11369 11368 4
11370 11369 4
11371 11370 4
11372 11371 4
11373 11372 4
11374 11373 4
11375 11374 4
11376 11375 4
11377 11376 4
11378 11377 4
11379 11378 4
11380 11379 4
11381 11380 4
11382 11381 4
11383 11382 4
11384 11383 4
11385 11384 4
11386 11385 4
11387 11386 4
11388 11387 4
11389 11388 4
11390 11389 4
11391 11390 4
11392 11391 4
11393 11392 4
11394 11393 4
11395 11394 4
11396 11395 4
11397 11396 4
11398 11397 4
11399 11398 4
11400 11399 4
11401 11400 4
11402 11401 4
11403 11402 4
11404 11403 4
11405 11404 4
11406 11405 4
11407 11406 4
11408 11328 4
11408 11407 4
5168 11568 4
11488 11408 4
5248 5168 4
11568 11488 4
5328 5248 4
5408 5328 4
5488 5408 4
5568 5488 4
5648 5568 4
5728 5648 4
5808 5728 4
5888 5808 4
5968 5888 4
6048 5968 4
6128 6048 4
6208 6128 4
6288 6208 4
6368 6288 4
  3 6403 5
6403 6404 5
6404 6405 5
6405 6406 5
6406 6407 5
6407 6408 5
6408 6409 5
6409 6410 5
6410 6411 5
6411 6412 5
6412 6413 5
6413 6414 5
6414 6415 5
6415 6416 5
6416 6417 5
6417 6418 5
6418 6419 5
6419 6420 5
6420 6421 5
6421 6422 5
6422 6423 5
6423 6424 5
6424 6425 5
6425 6426 5
6426 6427 5
6427 6428 5
6428 6429 5
6429 6430 5
6430 6431 5
6431 6432 5
 33  34 5
6432 6433 5
 34  35 5
6433  33 5
 35  36 5
 36  37 5
 37  38 5
 38 118 5
118 119 5
119 199 5
199 200 5
200 280 5
280 281 5
281 282 5
282 283 5
283 284 5
284 285 5
285 286 5
286 287 5
287 288 5
288 368 5
368 369 5
369 370 5
370 371 5
371 372 5
372 373 5
373 374 5
374 375 5
375 376 5
376 377 5
377 378 5
378 379 5
379 380 5
380 381 5
381 382 5
382 383 5
383 384 5
384 385 5
385 386 5
386 387 5
387 388 5
388 468 5
468 469 5
469 6869 5
6869 6949 5
6949 7029 5
7029 7030 5
7030 7110 5
7110 7111 5
7111 7191 5
7191 7192 5
7192 7193 5
7193 7194 5
7194 7195 5
7195 7196 5
7196 7276 5
7276 7277 5
7277 7357 5
7357 7437 5
7437 7517 5
7517 7597 5
7597 7677 5
7677 7757 5
7757 7758 5
7758 7838 5
7838 7918 5
7918 7919 5
7919 7999 5
7999 8000 5
8000 8080 5
8080 8160 5
8160 8240 5
8240 8320 5
8320 8400 5
8400 8480 5
8480 8560 5
2240 2320 5
8560 8640 5
2320 2400 5
8640 2240 5
2400 2480 5
2480 2560 5
2560 2640 5
1759 1760 6
1760 1680 6
8159 1759 6
8239 8159 6
8319 8239 6
8399 8319 6
8479 8399 6
8559 8479 6
8639 8559 6
8719 8639 6
8799 8719 6
8879 8799 6
8959 8879 6
9039 8959 6
9119 9039 6
9199 9119 6
9279 9199 6
9359 9279 6
9439 9359 6
9519 9439 6
9599 9519 6
9679 9599 6
9759 9679 6
9837 9838 6
9838 9839 6
9839 9759 6
9917 9837 6
9997 9917 6
10077 9997 6
10157 10077 6
10237 10157 6
10317 10237 6
10397 10317 6
10477 10397 6
10557 10477 6
10637 10557 6
10717 10637 6
10797 10717 6
10877 10797 6
10957 10877 6
11037 10957 6
11117 11037 6
11197 11117 6
11277 11197 6
11357 11277 6
11437 11357 6
11517 11437 6
11597 11517 6
11677 11597 6
11757 11677 6
11837 11757 6
11917 11837 6
11997 11917 6
12077 11997 6
12157 12077 6
12237 12157 6
12317 12237 6
12397 12317 6
12477 12397 6
12557 12477 6
12637 12557 6
6387 12787 6
12717 12637 6
12754 6354 6
12755 12754 6
12756 12755 6
12757 12756 6
12758 12757 6
12759 12758 6
12760 12759 6
12761 12760 6
12762 12761 6
12763 12762 6
12764 12763 6
12765 12764 6
12766 12765 6
12767 12766 6
12768 12767 6
12769 12768 6
12770 12769 6
12771 12770 6
12772 12771 6
12773 12772 6
12774 12773 6
12775 12774 6
12776 12775 6
12777 12776 6
12778 12777 6
12779 12778 6
12780 12779 6
12781 12780 6
12782 12781 6
12783 12782 6
12784 12783 6
12785 12784 6
12786 12785 6
12787 12786 6
12787 12788 6
12788 12789 6
12789 12790 6
12790 12791 6
12791 12792 6
12792 12793 6
12793 12794 6
12794 12795 6
12795 12796 6
12796 12797 6
12797 12717 6
162 161 7
163 162 7
164 163 7
165 164 7
166 165 7
167 166 7
168 167 7
169 168 7
170 169 7
171 170 7
251 171 7
331 251 7
411 331 7
491 411 7
571 491 7
651 571 7
731 651 7
811 731 7
891 811 7
971 891 7
1051 971 7
1131 1051 7
1211 1131 7
1291 1211 7
1371 1291 7
1451 1371 7
1531 1451 7
1611 1531 7
1691 1611 7
1771 1691 7
1851 1771 7
1931 1851 7
2011 1931 7
2091 2011 7
2171 2091 7
2251 2171 7
2331 2251 7
2411 2331 7
2491 2411 7
2571 2491 7
2651 2571 7
2731 2651 7
2811 2731 7
2891 2811 7
2971 2891 7
3051 2971 7
3131 3051 7
3211 3131 7
3291 3211 7
3371 3291 7
3451 3371 7
3531 3451 7
3611 3531 7
3691 3611 7
3771 3691 7
3851 3771 7
3931 3851 7
4011 3931 7
4091 4011 7
4171 4091 7
4251 4171 7
4331 4251 7
4411 4331 7
4491 4411 7
4571 4491 7
4651 4571 7
4731 4651 7
4811 4731 7
4891 4811 7
4971 4891 7
5051 4971 7
5131 5051 7
5211 5131 7
11611 5211 7
11612 11611 7
11613 11612 7
11614 11613 7
11615 11614 7
11616 11615 7
11617 11616 7
11618 11617 7
11619 11618 7
11620 11619 7
11621 11620 7
11622 11621 7
11702 11622 7
11782 11702 7
11862 11782 7
11942 11862 7
12022 11942 7
12102 12022 7
12182 12102 7
12262 12182 7
12342 12262 7
12422 12342 7
12423 12422 7
12503 12423 7
6263 12663 7
12583 12503 7
6289 6369 7
6343 6263 7
12663 12583 7
12663 12664 7
12664 12665 7
12665 12666 7
12666 12667 7
12667 12668 7
12668 12669 7
12669 12670 7
12670 12671 7
12671 12672 7
12672 12673 7
12673 12674 7
12674 12675 7
12675 12676 7
12676 12677 7
12677 12678 7
12678 12679 7
12679 12680 7
12680 12681 7
12681 12682 7
12682 12683 7
12683 12684 7
12684 12685 7
12685 12686 7
12686 12687 7
12687 12688 7
12688 12689 7
6369 6370 7
12689 6289 7
6370 6371 7
6371 6372 7
6372 6373 7
6373 6374 7
6374 6375 7
6375 6376 7
6376 6377 7
6377 6378 7
6378 6379 7
6379 6380 7
6380 6381 7
6381 6382 7
6382 6383 7
6383 6384 7
6384 6385 7
1039 1040 8
1040 960 8
1119 1039 8
1199 1119 8
1279 1199 8
1359 1279 8
1439 1359 8
1519 1439 8
1599 1519 8
1678 1679 8
1679 1599 8
1758 1678 8
1838 1758 8
1918 1838 8
1998 1918 8
2078 1998 8
2158 2078 8
2238 2158 8
2318 2238 8
2398 2318 8
2478 2398 8
2558 2478 8
2638 2558 8
2718 2638 8
2798 2718 8
2878 2798 8
2958 2878 8
2958 2959 8
2959 2960 8
3038 2958 8
3118 3038 8
3198 3118 8
3278 3198 8
3357 3358 8
3358 3278 8
9756 9757 8
9757 3357 8
3516 9916 8
9836 9756 8
3596 3516 8
9916 9836 8
3672 3673 8
3673 3674 8
3674 3675 8
3675 3676 8
3676 3596 8
3752 3672 8
3830 3831 8
3831 3832 8
3832 3752 8
3910 3830 8
3990 3910 8
4068 4069 8
4069 4070 8
4070 3990 8
4147 4148 8
4148 4068 8
4226 4227 8
4227 4147 8
4302 4303 8
4303 4304 8
4304 4305 8
4305 4306 8
4306 4226 8
4373 4374 8
4374 4375 8
4375 4376 8
4376 4377 8
4377 4378 8
4378 4379 8
4379 4380 8
4380 4381 8
4381 4382 8
4382 4302 8
4452 4453 8
4453 4373 8
4515 4516 8
4516 4517 8
4517 4518 8
4518 4519 8
4519 4520 8
4520 4521 8
4521 4522 8
4522 4523 8
4523 4524 8
4524 4525 8
4525 4526 8
4526 4527 8
4527 4528 8
4528 4529 8
4529 4530 8
4530 4531 8
4531 4532 8
4532 4452 8
10914 10915 8
10915 4515 8
10994 10914 8
11073 11074 8
11074 10994 8
11153 11073 8
4890 11290 8
11230 11231 8
11231 11232 8
11232 11233 8
11233 11153 8
4969 4970 8
4970 4890 8
11290 11291 8
11291 11292 8
11292 11293 8
11293 11294 8
11294 11295 8
11295 11296 8
11296 11297 8
11297 11298 8
11298 11299 8
11299 11300 8
11300 11301 8
11301 11302 8
11302 11303 8
11303 11304 8
11304 11305 8
11305 11306 8
11306 11307 8
11307 11308 8
11308 11309 8
11309 11310 8
11310 11230 8
5049 4969 8
5128 5129 8
5129 5049 8
5207 5208 8
5208 5128 8
5287 5207 8
5367 5287 8
5447 5367 8
5527 5447 8
5607 5527 8
5687 5607 8
5767 5687 8
5847 5767 8
5927 5847 8
6007 5927 8
6087 6007 8
6167 6087 8
6247 6167 8
6327 6247 8
156  76 9
236 156 9
6636 236 9
6716 6636 9
6796 6716 9
6876 6796 9
6956 6876 9
7036 6956 9
7116 7036 9
1280 7680 9
7680 14080 9
10402 10482 9
10482 10562 9
10561 10641 9
10562 10561 9
10641 10721 9
10721 10801 9
4481 4561 9
10801 10881 9
4561 4641 9
10881 4481 9
4641 4721 9
13516 7116 9
13596 13516 9
13676 13596 9
13756 13676 9
13836 13756 9
13916 13836 9
13996 13916 9
14076 13996 9
14076 14156 9
14077 14076 9
14078 14077 9
14079 14078 9
14080 14079 9
14154 14234 9
14155 14154 9
14156 14155 9
14234 14314 9
14311 14391 9
14312 14311 9
14313 14312 9
14314 14313 9
14389 14469 9
14390 14389 9
14391 14390 9
14467 14547 9
14468 14467 9
14469 14468 9
14545 14625 9
14546 14545 9
14547 14546 9
14624 14704 9
14625 14624 9
14702 14782 9
14703 14702 9
14704 14703 9
14780 14860 9
14781 14780 9
14782 14781 9
14858 14938 9
14859 14858 9
14860 14859 9
14935 15015 9
14936 14935 9
14937 14936 9
14938 14937 9
15013 15093 9
15014 15013 9
15015 15014 9
15089 15169 9
15090 15089 9
15091 15090 9
15092 15091 9
15093 15092 9
15166 15246 9
15167 15166 9
15168 15167 9
15169 15168 9
15242 15322 9
15243 15242 9
15244 15243 9
15245 15244 9
15246 15245 9
15316 15396 9
15317 15316 9
15318 15317 9
15319 15318 9
15320 15319 9
15321 15320 9
15322 15321 9
15393 15473 9
15394 15393 9
15395 15394 9
15396 15395 9
15470 15550 9
15471 15470 9
15472 15471 9
15473 15472 9
15549 15629 9
15550 15549 9
15609 15689 9
15610 15609 9
15611 15610 9
15612 15611 9
15613 15612 9
15614 15613 9
15615 15614 9
15616 15615 9
15617 15616 9
15618 15617 9
15619 15618 9
15620 15619 9
15621 15620 9
15622 15621 9
15623 15622 9
15624 15623 9
15625 15624 9
15626 15625 9
15627 15626 9
15628 15627 9
15629 15628 9
15689 15769 9
15769 15849 9
15849 15929 9
15926 16006 9
15927 15926 9
15928 15927 9
15929 15928 9
16006 16086 9
16085 16165 9
16086 16085 9
16164 16244 9
16165 16164 9
16244 16324 9
16324 16404 9
16402 16482 9
16403 16402 9
16404 16403 9
16482 16562 9
16562 16642 9
16642 16722 9
16722 16802 9
16802 10402 9
5985 6065 10
5986 5985 10
5987 5986 10
5988 5987 10
5989 5988 10
5990 5989 10
5991 5990 10
5992 5991 10
5993 5992 10
5994 5993 10
5995 5994 10
5996 5995 10
5997 5996 10
5998 5997 10
5999 5998 10
6000 5999 10
6052 6132 10
6053 6052 10
6054 6053 10
6055 6054 10
6056 6055 10
6057 6056 10
6058 6057 10
6059 6058 10
6060 6059 10
6061 6060 10
6062 6061 10
6063 6062 10
6064 6063 10
6065 6064 10
6132 6212 10
6205 6285 10
6206 6205 10
6210 12610 10
6211 6210 10
6212 6211 10
6285 6365 10
12606 6206 10
12607 12606 10
12608 12607 10
12609 12608 10
12610 12609 10
6358 6357 10
6359 6358 10
6360 6359 10
6361 6360 10
6362 6361 10
6363 6362 10
6364 6363 10
6365 6364 10
9120 2720 11
5121 11521 11
11441 17841 11
5201 5121 11
11521 11441 11
5281 5201 11
15520 9120 11
15593 15594 11
15594 15595 11
15595 15596 11
15596 15597 11
15597 15598 11
15598 15599 11
15599 15600 11
15600 15520 11
15658 15659 11
15659 15660 11
15660 15661 11
15661 15662 11
15662 15663 11
15663 15664 11
15664 15665 11
15665 15666 11
15666 15667 11
15667 15668 11
15668 15669 11
15669 15670 11
15670 15671 11
15671 15672 11
15672 15673 11
15673 15593 11
15690 15691 11
15691 15692 11
15692 15693 11
15693 15694 11
15694 15695 11
15695 15696 11
15696 15697 11
15697 15698 11
15698 15699 11
15699 15700 11
15700 15701 11
15701 15702 11
15702 15703 11
15703 15704 11
15704 15705 11
15705 15706 11
15706 15707 11
15707 15708 11
15708 15709 11
15709 15710 11
15710 15711 11
15711 15712 11
15712 15713 11
15713 15714 11
15714 15715 11
15715 15716 11
15716 15717 11
15717 15718 11
15718 15719 11
15719 15720 11
15720 15721 11
15721 15722 11
15722 15723 11
15723 15724 11
15724 15725 11
15725 15726 11
15726 15727 11
15727 15728 11
15728 15729 11
15729 15730 11
15730 15731 11
15731 15732 11
15732 15733 11
15733 15734 11
15734 15735 11
15735 15736 11
15736 15737 11
15737 15738 11
15738 15658 11
15770 15690 11
15850 15770 11
15930 15850 11
16007 16008 11
16008 16009 11
16009 16010 11
16010 15930 11
16087 16007 11
16166 16167 11
16167 16087 11
16245 16246 11
16246 16166 11
16325 16245 11
16405 16325 11
16483 16484 11
16484 16485 11
16485 16405 11
16563 16483 11
16643 16563 11
16723 16643 11
16803 16723 11
16883 16803 11
16963 16883 11
17043 16963 11
17121 17122 11
17122 17123 11
17123 17043 11
17201 17121 11
17281 17201 11
17361 17281 11
17441 17361 11
17521 17441 11
17601 17521 11
17681 17601 11
17761 17681 11
17841 17761 11
4402 4401 12
4403 4402 12
4404 4403 12
4405 4404 12
4406 4405 12
4407 4406 12
4408 4407 12
4409 4408 12
4410 4409 12
4490 4410 12
4570 4490 12
4650 4570 12
4730 4650 12
4810 4730 12
4815 11215 12
4816 4815 12
4817 4816 12
4818 4817 12
4819 4818 12
4820 4819 12
4821 4820 12
4822 4821 12
4823 4822 12
4824 4823 12
4825 4824 12
4826 4825 12
4827 4826 12
4828 4827 12
11210 4810 12
11211 11210 12
11212 11211 12
11213 11212 12
11214 11213 12
11215 11214 12
4908 4828 12
4909 4908 12
4910 4909 12
4911 4910 12
4912 4911 12
4913 4912 12
4993 4913 12
4994 4993 12
4995 4994 12
4996 4995 12
4997 4996 12
4998 4997 12
4999 4998 12
5000 4999 12
5001 5000 12
5002 5001 12
5003 5002 12
5004 5003 12
5005 5004 12
5006 5005 12
5007 5006 12
5008 5007 12
5009 5008 12
5010 5009 12
5011 5010 12
5012 5011 12
5013 5012 12
5014 5013 12
5015 5014 12
5016 5015 12
5017 5016 12
5018 5017 12
5019 5018 12
5020 5019 12
5021 5020 12
5022 5021 12
5023 5022 12
5024 5023 12
5025 5024 12
5026 5025 12
5027 5026 12
5028 5027 12
5029 5028 12
5030 5029 12
5031 5030 12
5032 5031 12
5033 5032 12
5034 5033 12
5035 5034 12
5036 5035 12
5037 5036 12
5117 5037 12
5197 5117 12
5198 5197 12
5199 5198 12
5279 5199 12
5280 5279 12
5360 5280 12
5440 5360 12
5520 5440 12
11440 5040 13
6336 12736 13
12662 19062 13
12736 12737 13
12737 12738 13
12738 12739 13
12739 12740 13
12740 12741 13
12741 12742 13
12742 12662 13
17840 11440 13
17920 17840 13
18000 17920 13
18080 18000 13
18160 18080 13
18238 18239 13
18239 18240 13
18240 18160 13
18317 18318 13
18318 18238 13
18397 18317 13
18475 18476 13
18476 18477 13
18477 18397 13
18552 18553 13
18553 18554 13
18554 18555 13
18555 18475 13
18631 18632 13
18632 18552 13
18697 18698 13
18698 18699 13
18699 18700 13
18700 18701 13
18701 18702 13
18702 18703 13
18703 18704 13
18704 18705 13
18705 18706 13
18706 18707 13
18707 18708 13
18708 18709 13
18709 18710 13
18710 18711 13
18711 18631 13
18771 18772 13
18772 18773 13
18773 18774 13
18774 18775 13
18775 18776 13
18776 18777 13
18777 18697 13
18841 18842 13
18842 18843 13
18843 18844 13
18844 18845 13
18845 18846 13
18846 18847 13
18847 18848 13
18848 18849 13
18849 18850 13
18850 18851 13
18851 18771 13
18914 18915 13
18915 18916 13
18916 18917 13
18917 18918 13
18918 18919 13
18919 18920 13
18920 18921 13
18921 18841 13
18987 18988 13
18988 18989 13
18989 18990 13
18990 18991 13
18991 18992 13
18992 18993 13
18993 18994 13
18994 18914 13
19062 19063 13
19063 19064 13
19064 19065 13
19065 19066 13
19066 19067 13
19067 18987 13
158  78 14
238 158 14
316 317 14
317 318 14
318 238 14
396 316 14
474 475 14
475 476 14
476 396 14
554 474 14
634 554 14
714 634 14
794 714 14
874 794 14
954 874 14
1034 954 14
1114 1034 14
1193 1194 14
1194 1114 14
1273 1193 14
1353 1273 14
1433 1353 14
1513 1433 14
7910 7911 14
7911 7912 14
7912 7913 14
7913 1513 14
1601 8001 14
8001 8002 14
8002 8003 14
8003 8004 14
8004 8005 14
8005 8006 14
8006 8007 14
8007 8008 14
8008 8009 14
8009 8010 14
8010 8011 14
8011 8012 14
8012 8013 14
8013 8014 14
8014 8015 14
8015 8016 14
8016 8017 14
8017 8018 14
8018 8019 14
8019 8020 14
8020 8021 14
8021 8022 14
8022 8023 14
8023 8024 14
8024 8025 14
8025 8026 14
8026 8027 14
8027 8028 14
8028 8029 14
8029 8030 14
8030 8031 14
8031 8032 14
8032 8033 14
8033 8034 14
8034 8035 14
8035 8036 14
8036 8037 14
8037 8038 14
8038 14438 14
14307 14308 14
14308 14309 14
14309 14310 14
14310 7910 14
14385 14386 14
14386 14387 14
14387 14307 14
14438 14439 14
14439 14440 14
14440 14441 14
14441 14442 14
14442 14443 14
14443 14444 14
14444 14445 14
14445 14446 14
14446 14447 14
14447 14448 14
14448 14449 14
14449 14450 14
14450 14451 14
14451 14452 14
14452 14453 14
14453 14454 14
14454 14455 14
14455 14456 14
14456 14457 14
14457 14458 14
14458 14459 14
14459 14460 14
14460 14461 14
14461 14462 14
14462 14463 14
14463 14464 14
14464 14465 14
14465 14385 14
 45  46 15
 46  47 15
 47  48 15
 48  49 15
 49  50 15
 50  51 15
 51  52 15
 52  53 15
 53  54 15
 54  55 15
 55  56 15
 56  57 15
 57  58 15
 58  59 15
 59  60 15
 60  61 15
 61  62 15
 62  63 15
 63 143 15
143 6543 15
6543 6544 15
6544 6545 15
6545 6546 15
6546 6547 15
6547 6548 15
6548 6549 15
6549 6550 15
6550 6551 15
6551 6552 15
6552 6553 15
6553 6554 15
6554 6555 15
6555 6556 15
6556 6557 15
6557 6637 15
6637 6638 15
6638 6639 15
6639 6719 15
6719 6799 15
6799 6879 15
6879 6959 15
6959 7039 15
7039 7119 15
7119 7199 15
7199 7279 15
7279 7359 15
7359 7439 15
7439 7519 15
7519 7599 15
7599 7679 15
7679 7759 15
7759 7760 15
7760 7840 15
7840 7920 15
7920 1520 15
  9  89 16
 89 6489 16
6489 6569 16
6569 6649 16
6649 6729 16
6729 6809 16
6809 6889 16
6889 6969 16
6969 7049 16
7049 7129 16
7129 7209 16
7209 7289 16
7289 7369 16
7369 7449 16
7449 7529 16
7529 7609 16
7609 7689 16
7689 7769 16
7769 7849 16
7849 7929 16
1533 1613 16
7929 7930 16
7930 7931 16
7931 7932 16
7932 7933 16
1613 1693 16
7933 1533 16
1693 1773 16
1773 1853 16
1853 1933 16
1933 2013 16
2013 2093 16
2093 2173 16
2173 2253 16
2253 2333 16
2333 2413 16
2413 2493 16
2493 2573 16
2573 2653 16
2653 2733 16
2733 2813 16
2813 2893 16
2893 2973 16
2973 3053 16
3053 3133 16
3133 3213 16
3213 3293 16
3293 3373 16
3373 3453 16
3453 3533 16
3533 3613 16
3613 3693 16
3693 3773 16
3773 3853 16
3853 3933 16
3933 4013 16
4013 4093 16
4093 4173 16
4173 4253 16
4253 4333 16
4333 4413 16
4413 4493 16
4493 4573 16
4573 4653 16
4653 4733 16
4733 4813 16
4813 4893 16
4893 4973 16
4973 5053 16
5053 5133 16
5133 5213 16
5213 5293 16
5293 5373 16
5373 5453 16
5453 5533 16
5533 5613 16
5613 5693 16
5693 5773 16
5773 5853 16
5853 5933 16
5933 6013 16
6013 6093 16
6093 6173 16
6173 6174 16
6174 6175 16
6175 6176 16
6176 6177 16
6177 6178 16
6178 6179 16
6179 6180 16
6180 6181 16
6181 6182 16
6182 6183 16
6183 6184 16
6184 6264 16
6264 6344 16
6344 6345 16
6345 6346 16
6346 6347 16
6347 6348 16
6348 6349 16
6349 6350 16
