# Cost: 564

# Tail Head Net
2454 2453 1
2455 2454 1
2456 2455 1
2457 2456 1
2458 2457 1
2459 2458 1
2459 2460 1
2460 2461 1
2461 2462 1
2462 2463 1
2463 2464 1
2464 2465 1
2465 2466 1
2466 2467 1
2467 2468 1
2468 2469 1
2469 2470 1
2470 2471 1
2471 2472 1
2472 2473 1
2473 2474 1
2474 2475 1
2475 2476 1
2476 2477 1
2477 2478 1
1151 1101 2
1201 1151 2
1251 1201 2
1301 1251 2
1351 1301 2
1352 1351 2
1353 1352 2
1354 1353 2
1355 1354 2
1356 1355 2
1357 1356 2
1358 1357 2
1359 1358 2
1360 1359 2
1361 1360 2
1362 1361 2
1363 1362 2
1364 1363 2
1365 1364 2
1366 1365 2
1367 1366 2
1368 1367 2
1369 1368 2
1370 1369 2
1371 1370 2
1372 1371 2
1373 1372 2
1374 1373 2
1375 1374 2
1376 1375 2
1377 1376 2
1378 1377 2
1379 1378 2
1380 1379 2
1381 1380 2
1382 1381 2
1383 1382 2
1384 1383 2
1385 1384 2
1385 1386 2
1386 1387 2
1387 1388 2
1388 1389 2
1389 1390 2
1390 1391 2
1391 1392 2
1392 1393 2
1393 1394 2
1394 1395 2
1395 1396 2
1396 1397 2
1397 1398 2
1398 1399 2
1399 1400 2
1435 1385 2
1485 1435 2
1535 1485 2
1585 1535 2
1635 1585 2
1685 1635 2
1735 1685 2
1785 1735 2
1835 1785 2
1885 1835 2
1935 1885 2
1985 1935 2
2035 1985 2
2085 2035 2
2135 2085 2
2185 2135 2
2235 2185 2
2285 2235 2
2335 2285 2
2385 2335 2
2435 2385 2
2485 2435 2
850 800 3
900 850 3
950 900 3
1000 950 3
1050 1000 3
1100 1050 3
1150 1100 3
1200 1150 3
1250 1200 3
1300 1250 3
1350 1300 3
 73  23 4
123  73 4
173 123 4
223 173 4
273 223 4
323 273 4
373 323 4
423 373 4
473 423 4
474 473 4
475 474 4
476 475 4
477 476 4
478 477 4
479 478 4
480 479 4
481 480 4
482 481 4
483 482 4
484 483 4
485 484 4
486 485 4
487 486 4
488 487 4
489 488 4
490 489 4
491 490 4
492 491 4
492 493 4
493 494 4
494 495 4
495 496 4
496 497 4
497 498 4
498 499 4
499 500 4
2992 492 4
3042 2992 4
3092 3042 4
3142 3092 4
3192 3142 4
3242 3192 4
3292 3242 4
3342 3292 4
3392 3342 4
3442 3392 4
3492 3442 4
3542 3492 4
3592 3542 4
3642 3592 4
3692 3642 4
3742 3692 4
3792 3742 4
3842 3792 4
1442 3942 4
3892 3842 4
1492 1442 4
3942 3892 4
1542 1492 4
1592 1542 4
1642 1592 4
1692 1642 4
1742 1692 4
1792 1742 4
1842 1792 4
1892 1842 4
1942 1892 4
1992 1942 4
2042 1992 4
2092 2042 4
2142 2092 4
2192 2142 4
2242 2192 4
2292 2242 4
2342 2292 4
2392 2342 4
2442 2392 4
2492 2442 4
 16  66 5
 66 116 5
116 166 5
166 216 5
216 266 5
266 316 5
316 366 5
366 416 5
416 466 5
452 451 5
453 452 5
454 453 5
455 454 5
456 455 5
457 456 5
458 457 5
459 458 5
460 459 5
461 460 5
462 461 5
463 462 5
464 463 5
465 464 5
466 465 5
466 516 5
516 566 5
566 616 5
616 617 5
617 667 5
667 717 5
717 767 5
767 817 5
817 867 5
867 917 5
917 967 5
967 1017 5
1017 1067 5
1067 1117 5
1117 1167 5
1167 1217 5
1217 1267 5
1267 1268 5
1268 1269 5
1269 1270 5
1270 1271 5
1271 1272 5
1272 1273 5
1273 1274 5
1274 1275 5
1275 1276 5
1276 1277 5
1277 1278 5
1278 1279 5
1279 1280 5
1280 1281 5
1281 1282 5
1282 1283 5
1283 3783 5
3783 3784 5
3784 3834 5
3834 3835 5
3835 3836 5
3836 3837 5
3837 3838 5
3838 3888 5
3888 3938 5
3938 3988 5
3988 4038 5
4038 4088 5
4088 4138 5
4138 4188 5
4188 4238 5
4238 4239 5
4239 4240 5
4240 4290 5
4290 4291 5
4291 4341 5
4341 4342 5
4342 4392 5
4392 4442 5
4442 4492 5
4492 4493 5
4493 4543 5
2093 2094 5
4543 4593 5
2094 2095 5
2095 2096 5
2096 2097 5
2097 2098 5
2098 2148 5
4593 2093 5
2148 2149 5
2149 2199 5
2199 2249 5
2249 2299 5
2299 2300 5
2300 2350 5
2350 2400 5
2400 2450 5
2450 2500 5
 13  14 6
 14  15 6
 15 2515 6
2515 2516 6
2516 2517 6
2517 2518 6
2518 2519 6
2519 2520 6
2520 2521 6
2521 2522 6
2522 2523 6
 24  25 6
2523 2524 6
 25  26 6
2524  24 6
 26  27 6
 27  28 6
 28  29 6
 29  30 6
 30  31 6
 31  32 6
 32  33 6
 33  34 6
 34  35 6
 35  36 6
 36  37 6
 37  38 6
 38  39 6
 39  40 6
 40  41 6
 41  42 6
 42  43 6
 43  44 6
 44  45 6
 45  46 6
 46  47 6
 47  48 6
 48  49 6
 49  50 6
 50 100 6
100 150 6
150 200 6
200 250 6
250 300 6
300 350 6
350 400 6
  8   7 7
  9   8 7
 10   9 7
2510  10 7
2560 2510 7
2610 2560 7
2660 2610 7
2710 2660 7
2760 2710 7
2810 2760 7
2860 2810 7
2910 2860 7
2960 2910 7
3010 2960 7
3060 3010 7
3110 3060 7
3160 3110 7
3210 3160 7
3260 3210 7
3310 3260 7
3360 3310 7
3410 3360 7
3460 3410 7
3510 3460 7
3560 3510 7
3610 3560 7
3660 3610 7
3710 3660 7
3711 3710 7
3712 3711 7
3713 3712 7
3714 3713 7
3715 3714 7
3716 3715 7
3717 3716 7
3718 3717 7
3719 3718 7
3720 3719 7
3721 3720 7
3722 3721 7
3723 3722 7
3724 3723 7
3725 3724 7
3726 3725 7
3727 3726 7
3728 3727 7
3729 3728 7
3730 3729 7
3731 3730 7
3732 3731 7
3733 3732 7
3734 3733 7
3735 3734 7
3736 3735 7
3786 3736 7
3787 3786 7
3788 3787 7
3789 3788 7
3839 3789 7
3840 3839 7
3841 3840 7
3891 3841 7
3941 3891 7
3991 3941 7
3992 3991 7
4042 3992 7
4043 4042 7
4044 4043 7
4045 4044 7
4095 4045 7
4145 4095 7
4146 4145 7
4196 4146 7
4197 4196 7
4198 4197 7
4248 4198 7
4298 4248 7
4299 4298 7
4300 4299 7
4350 4300 7
1950 4450 7
4400 4350 7
4450 4400 7
 51   1 8
101  51 8
151 101 8
201 151 8
251 201 8
301 251 8
351 301 8
401 351 8
2901 401 8
2951 2901 8
3001 2951 8
601 3101 8
3051 3001 8
651 601 8
3101 3051 8
701 651 8
751 701 8
801 751 8
851 801 8
4745 4746 9
4746 4747 9
4747 4748 9
4748 4749 9
4749 4750 9
4750 2250 9
4795 4745 9
4845 4795 9
4895 4845 9
2489 4989 9
4944 4945 9
4945 4895 9
4989 4990 9
4990 4991 9
4991 4992 9
4992 4993 9
4993 4994 9
4994 4944 9
551 501 10
552 551 10
602 552 10
652 602 10
702 652 10
752 702 10
802 752 10
852 802 10
902 852 10
952 902 10
1002 952 10
1052 1002 10
1102 1052 10
1152 1102 10
1202 1152 10
1252 1202 10
1302 1252 10
3802 1302 10
3852 3802 10
3902 3852 10
3952 3902 10
4002 3952 10
4052 4002 10
4102 4052 10
4152 4102 10
4202 4152 10
4252 4202 10
4302 4252 10
4352 4302 10
4402 4352 10
4452 4402 10
4502 4452 10
4552 4502 10
4602 4552 10
4652 4602 10
4702 4652 10
4752 4702 10
4802 4752 10
4852 4802 10
2443 4943 10
4902 4852 10
4903 4902 10
4904 4903 10
4905 4904 10
4906 4905 10
4907 4906 10
4908 4907 10
4909 4908 10
4910 4909 10
4911 4910 10
4912 4911 10
4913 4912 10
4914 4913 10
4915 4914 10
4916 4915 10
4917 4916 10
4918 4917 10
4919 4918 10
4920 4919 10
4921 4920 10
4922 4921 10
4923 4922 10
4924 4923 10
4925 4924 10
4926 4925 10
4927 4926 10
4928 4927 10
4929 4928 10
4930 4929 10
4931 4930 10
4932 4931 10
4933 4932 10
4934 4933 10
4935 4934 10
4936 4935 10
4937 4936 10
4938 4937 10
4939 4938 10
4940 4939 10
4941 4940 10
4942 4941 10
2493 2443 10
4943 4942 10
2494 2493 10
2495 2494 10
750 3250 11
3250 3300 11
3300 3350 11
3350 3400 11
3400 3450 11
3450 3500 11
3500 3550 11
3550 3600 11
3600 3650 11
3650 3700 11
3700 3750 11
3750 3800 11
3800 3850 11
3850 3900 11
3900 3950 11
3950 4000 11
1550 1600 11
4000 4050 11
1600 1650 11
4050 1550 11
1650 1700 11
1700 1750 11
1750 1800 11
