# Cost: 684

# Tail Head Net
 40  41 1
 41  42 1
 42  43 1
 43  44 1
 44  45 1
 45  46 1
 46  47 1
 47  48 1
 48  49 1
 49 129 1
129 209 1
209 210 1
210 290 1
290 291 1
291 292 1
292 293 1
293 294 1
294 295 1
295 296 1
296 297 1
297 298 1
298 299 1
299 300 1
300 301 1
301 302 1
302 303 1
303 304 1
304 305 1
305 306 1
306 386 1
386 387 1
387 388 1
388 389 1
389 469 1
469 470 1
470 471 1
471 472 1
472 473 1
473 474 1
474 475 1
475 476 1
476 477 1
477 478 1
478 479 1
479 480 1
6322 6323 2
6323 6324 2
6324 6325 2
6325 6326 2
6326 6327 2
6327 6328 2
6328 6329 2
6329 6330 2
6330 6331 2
6331 6332 2
6332 6333 2
6333 6334 2
6334 6335 2
6335 6336 2
6336 6337 2
6337 6338 2
6338 6339 2
6339 6340 2
6340 6341 2
6341 6342 2
6342 6343 2
6343 6344 2
6074 6154 3
6075 6074 3
6076 6075 3
6077 6076 3
6078 6077 3
6079 6078 3
6080 6079 3
6148 6228 3
6149 6148 3
6150 6149 3
6151 6150 3
6152 6151 3
6153 6152 3
6154 6153 3
6228 6308 3
6305 6385 3
6306 6305 3
6307 6306 3
6308 6307 3
6373 6372 3
6374 6373 3
6375 6374 3
6376 6375 3
6377 6376 3
6378 6377 3
6379 6378 3
6380 6379 3
6381 6380 3
6382 6381 3
6383 6382 3
6384 6383 3
6385 6384 3
1601 1521 4
1681 1601 4
1761 1681 4
1841 1761 4
1921 1841 4
2001 1921 4
2081 2001 4
2161 2081 4
2241 2161 4
2321 2241 4
2401 2321 4
2481 2401 4
2561 2481 4
2641 2561 4
2721 2641 4
106  26 5
186 106 5
266 186 5
346 266 5
426 346 5
506 426 5
586 506 5
666 586 5
746 666 5
826 746 5
906 826 5
986 906 5
1066 986 5
1146 1066 5
1226 1146 5
1306 1226 5
1386 1306 5
1466 1386 5
1546 1466 5
1626 1546 5
1706 1626 5
1786 1706 5
1866 1786 5
1946 1866 5
2026 1946 5
2106 2026 5
2186 2106 5
2266 2186 5
2346 2266 5
2426 2346 5
2506 2426 5
2586 2506 5
2666 2586 5
2746 2666 5
2826 2746 5
2906 2826 5
2986 2906 5
3066 2986 5
3146 3066 5
3226 3146 5
3306 3226 5
3386 3306 5
3466 3386 5
3546 3466 5
3626 3546 5
3706 3626 5
3786 3706 5
3866 3786 5
3946 3866 5
4026 3946 5
4106 4026 5
4186 4106 5
4266 4186 5
4346 4266 5
4426 4346 5
4506 4426 5
4586 4506 5
4666 4586 5
4746 4666 5
4826 4746 5
4906 4826 5
4986 4906 5
5066 4986 5
5146 5066 5
5226 5146 5
5306 5226 5
5386 5306 5
5466 5386 5
5546 5466 5
5626 5546 5
5706 5626 5
5786 5706 5
5866 5786 5
5946 5866 5
6026 5946 5
6106 6026 5
6186 6106 5
6266 6186 5
6346 6266 5
6347 6346 5
5601 5521 6
5681 5601 6
5761 5681 6
5841 5761 6
5921 5841 6
6001 5921 6
6081 6001 6
  2   3 7
  3   4 7
  4   5 7
  5   6 7
  6   7 7
  7   8 7
  8   9 7
  9  10 7
 10  11 7
 11  12 7
 12  13 7
 13  14 7
 14  15 7
 15  16 7
 16  17 7
 17  18 7
 18  19 7
11841 5441 8
11921 11841 8
12001 11921 8
12081 12001 8
12161 12081 8
12241 12161 8
12321 12241 8
12401 12321 8
12481 12401 8
12561 12481 8
12641 12561 8
6387 12787 8
6388 6387 8
6389 6388 8
6390 6389 8
6391 6390 8
6392 6391 8
6393 6392 8
6394 6393 8
6395 6394 8
6396 6395 8
6397 6396 8
12721 12641 8
12722 12721 8
12723 12722 8
12724 12723 8
12725 12724 8
12726 12725 8
12727 12726 8
12728 12727 8
12729 12728 8
12730 12729 8
12731 12730 8
12732 12731 8
12733 12732 8
12734 12733 8
12735 12734 8
12736 12735 8
12737 12736 8
12738 12737 8
12739 12738 8
12740 12739 8
12741 12740 8
12742 12741 8
12743 12742 8
12744 12743 8
12745 12744 8
12746 12745 8
12747 12746 8
12748 12747 8
12749 12748 8
12750 12749 8
12751 12750 8
12752 12751 8
12753 12752 8
12754 12753 8
12755 12754 8
12756 12755 8
12757 12756 8
12758 12757 8
12759 12758 8
12760 12759 8
12761 12760 8
12762 12761 8
12763 12762 8
12764 12763 8
12765 12764 8
12766 12765 8
12767 12766 8
12768 12767 8
12769 12768 8
12770 12769 8
12771 12770 8
12772 12771 8
12773 12772 8
12774 12773 8
12775 12774 8
12776 12775 8
12777 12776 8
12778 12777 8
12779 12778 8
12780 12779 8
12781 12780 8
12782 12781 8
12783 12782 8
12784 12783 8
12785 12784 8
12786 12785 8
12787 12786 8
2000 2080 9
2080 2160 9
2160 2240 9
2240 2320 9
2320 2400 9
2400 2480 9
2480 2560 9
2560 2640 9
2640 2720 9
2720 2800 9
2800 2880 9
2880 2960 9
2960 3040 9
3040 3120 9
3120 3200 9
3200 3280 9
3280 3360 9
3360 3440 9
3440 3520 9
3520 3600 9
3600 3680 9
3680 3760 9
3760 3840 9
3840 3920 9
3920 4000 9
4000 4080 9
4080 4160 9
4160 4240 9
4240 4320 9
4320 4400 9
4400 4480 9
4480 4560 9
4560 4640 9
4640 4720 9
4720 4800 9
4800 4880 9
4880 4960 9
4960 5040 9
5040 5120 9
5120 5200 9
5200 5280 9
5280 5360 9
5360 5440 9
5440 5520 9
5520 5600 9
5600 5680 9
6401 6402 10
6402 6403 10
6403 6404 10
6404 6405 10
6405 6406 10
6406 6407 10
6407 6408 10
6408 6409 10
6409 6410 10
6410 6411 10
6411 6412 10
6412 6413 10
6413 6414 10
6414 6415 10
6415 6416 10
6416 6417 10
6417 6418 10
6418 6419 10
6419 6420 10
6420 6421 10
6421 6422 10
6422 6423 10
6423 6424 10
6424 6425 10
6425 6426 10
6426 6427 10
6427 6428 10
6428  28 10
6481 6401 10
6561 6481 10
6641 6561 10
6721 6641 10
6801 6721 10
6881 6801 10
6961 6881 10
7041 6961 10
7121 7041 10
7201 7121 10
7281 7201 10
7361 7281 10
7441 7361 10
7521 7441 10
7601 7521 10
7681 7601 10
7761 7681 10
7841 7761 10
7921 7841 10
8001 7921 10
8081 8001 10
8161 8081 10
8241 8161 10
8321 8241 10
8401 8321 10
8481 8401 10
8561 8481 10
8641 8561 10
8721 8641 10
8801 8721 10
8881 8801 10
8961 8881 10
9041 8961 10
9121 9041 10
9201 9121 10
9281 9201 10
9361 9281 10
9441 9361 10
9521 9441 10
9601 9521 10
9681 9601 10
9761 9681 10
9841 9761 10
9921 9841 10
10001 9921 10
10081 10001 10
10161 10081 10
10241 10161 10
10321 10241 10
10401 10321 10
10481 10401 10
10561 10481 10
10641 10561 10
10721 10641 10
10801 10721 10
4561 10961 10
10881 10801 10
4641 4561 10
10961 10881 10
2801 2881 11
2881 2882 11
2882 2962 11
2962 3042 11
3042 3122 11
3122 3202 11
3202 3282 11
3282 3362 11
3362 3442 11
3442 3522 11
3522 3602 11
3602 3682 11
3682 3762 11
3762 3842 11
3842 3922 11
3922 4002 11
4002 4082 11
4082 4162 11
4162 4242 11
4242 4322 11
4322 4402 11
4402 4482 11
4482 4562 11
4562 4642 11
4642 4722 11
4722 4802 11
4802 4882 11
4882 4962 11
4962 5042 11
5042 5122 11
5122 5202 11
5202 5282 11
5282 5362 11
5362 5442 11
5442 5522 11
5522 5602 11
5602 5682 11
5682 5762 11
5762 5842 11
5842 5922 11
5922 6002 11
6002 6082 11
6082 6162 11
6161 6241 11
6162 6161 11
6241 6321 11
6429 6509 12
6430 6429 12
6431 6430 12
6432 6431 12
6433 6432 12
6434 6433 12
6435 6434 12
6436 6435 12
6437 6436 12
6438 6437 12
6439 6438 12
6440 6439 12
6441 6440 12
6442 6441 12
6443 6442 12
6444 6443 12
6445 6444 12
6446 6445 12
6447 6446 12
6448 6447 12
6449 6448 12
6450 6449 12
6451 6450 12
6452 6451 12
6453 6452 12
6454 6453 12
6455 6454 12
6456 6455 12
6457 6456 12
6458 6457 12
 60 6460 12
6459 6458 12
 61  60 12
6460 6459 12
6506 6586 12
6507 6506 12
6508 6507 12
6509 6508 12
6586 6666 12
6666 6746 12
6746 6826 12
6826 6906 12
6906 6986 12
6986 7066 12
7066 7146 12
7146 7226 12
7226 7306 12
7306 7386 12
7386 7466 12
7466 7546 12
7525 7605 12
7526 7525 12
7527 7526 12
7528 7527 12
7529 7528 12
7530 7529 12
7531 7530 12
7532 7531 12
7533 7532 12
7534 7533 12
7535 7534 12
7536 7535 12
7537 7536 12
7538 7537 12
7539 7538 12
7540 7539 12
7541 7540 12
7542 7541 12
7543 7542 12
7544 7543 12
7545 7544 12
7546 7545 12
7604 7684 12
7605 7604 12
1361 1441 12
1362 1361 12
7682 7762 12
7683 7682 12
7684 7683 12
7762 1362 12
 59 139 13
139 140 13
140 141 13
141 142 13
142 143 13
143 144 13
144 145 13
145 146 13
146 147 13
 68  69 13
147 148 13
 69  70 13
148  68 13
 70  71 13
 71  72 13
 72  73 13
 73  74 13
 74  75 13
 75  76 13
 76  77 13
 77  78 13
6466  66 14
6546 6466 14
6626 6546 14
6706 6626 14
6786 6706 14
6866 6786 14
6946 6866 14
7026 6946 14
7106 7026 14
7186 7106 14
7266 7186 14
7346 7266 14
7426 7346 14
7506 7426 14
7586 7506 14
7666 7586 14
7746 7666 14
7826 7746 14
7906 7826 14
7986 7906 14
8066 7986 14
8146 8066 14
8226 8146 14
8306 8226 14
8386 8306 14
8466 8386 14
8546 8466 14
8626 8546 14
8706 8626 14
8786 8706 14
8866 8786 14
8946 8866 14
9026 8946 14
9106 9026 14
9186 9106 14
9266 9186 14
9346 9266 14
9426 9346 14
9506 9426 14
9586 9506 14
9666 9586 14
9746 9666 14
9826 9746 14
9906 9826 14
9986 9906 14
10066 9986 14
10146 10066 14
10226 10146 14
10306 10226 14
10386 10306 14
10466 10386 14
10546 10466 14
10626 10546 14
10706 10626 14
10786 10706 14
10866 10786 14
10946 10866 14
11026 10946 14
11106 11026 14
11186 11106 14
11266 11186 14
11346 11266 14
11426 11346 14
11506 11426 14
11586 11506 14
11666 11586 14
11746 11666 14
11826 11746 14
11906 11826 14
11986 11906 14
12066 11986 14
12146 12066 14
12226 12146 14
12306 12226 14
12386 12306 14
12466 12386 14
12546 12466 14
6290 12690 14
12626 12546 14
6370 6290 14
12690 12691 14
12691 12692 14
12692 12693 14
12693 12694 14
12694 12695 14
12695 12696 14
12696 12697 14
12697 12698 14
12698 12699 14
12699 12700 14
12700 12701 14
12701 12702 14
12702 12703 14
12703 12704 14
12704 12705 14
12705 12706 14
12706 12626 14
