# Cost: 1058

# Tail Head Net
 21  20 1
 22  21 1
 23  22 1
 24  23 1
 25  24 1
 26  25 1
 27  26 1
 28  27 1
 29  28 1
 89  29 1
149  89 1
209 149 1
269 209 1
269 270 1
270 271 1
271 272 1
272 273 1
273 274 1
274 275 1
275 276 1
276 277 1
277 278 1
278 279 1
279 280 1
280 281 1
281 282 1
282 283 1
283 284 1
284 285 1
285 286 1
286 287 1
287 288 1
288 289 1
289 290 1
290 291 1
291 292 1
292 293 1
293 294 1
294 295 1
295 296 1
296 297 1
297 298 1
298 299 1
299 300 1
300 360 1
329 269 1
360 420 1
389 329 1
420 480 1
449 389 1
480 540 1
509 449 1
540 600 1
569 509 1
600 660 1
629 569 1
660 720 1
689 629 1
720 780 1
749 689 1
780 840 1
809 749 1
840 900 1
869 809 1
900 960 1
929 869 1
960 1020 1
989 929 1
1020 1080 1
1049 989 1
1080 1140 1
1109 1049 1
1140 1200 1
1169 1109 1
1200 1260 1
1229 1169 1
1260 1320 1
1289 1229 1
1320 1380 1
1349 1289 1
1380 1440 1
1409 1349 1
1440 1500 1
1469 1409 1
1500 1560 1
1529 1469 1
1560 1620 1
1589 1529 1
1649 1589 1
1709 1649 1
1769 1709 1
1829 1769 1
1889 1829 1
1949 1889 1
2009 1949 1
2069 2009 1
2129 2069 1
2189 2129 1
2249 2189 1
2282 2281 1
2283 2282 1
2284 2283 1
2285 2284 1
2286 2285 1
2287 2286 1
2288 2287 1
2289 2288 1
2290 2289 1
2291 2290 1
2292 2291 1
2293 2292 1
2294 2293 1
2295 2294 1
2296 2295 1
2297 2296 1
2298 2297 1
2299 2298 1
2300 2299 1
2301 2300 1
2302 2301 1
2303 2302 1
2304 2303 1
2305 2304 1
2306 2305 1
2307 2306 1
2308 2307 1
2309 2249 1
2309 2308 1
2369 2309 1
2429 2369 1
2489 2429 1
2549 2489 1
2609 2549 1
2669 2609 1
2729 2669 1
2789 2729 1
2849 2789 1
2909 2849 1
2969 2909 1
3029 2969 1
3089 3029 1
3149 3089 1
3209 3149 1
3269 3209 1
3329 3269 1
3389 3329 1
3449 3389 1
3509 3449 1
3569 3509 1
3632 3692 2
 34  33 2
 34  35 2
 34 3634 2
3633 3632 2
 35  36 2
3634 3633 2
 36  37 2
 37  38 2
 38  39 2
 39  40 2
 40  41 2
 41  42 2
 42  43 2
3692 3752 2
3752 3812 2
3811 3871 2
3812 3811 2
3871 3931 2
3929 3989 2
3930 3929 2
3931 3930 2
3986 4046 2
3987 3986 2
3988 3987 2
3989 3988 2
4046 4106 2
4106 4166 2
4166 4226 2
4226 4286 2
4285 4345 2
4286 4285 2
4345 4405 2
4404 4464 2
4405 4404 2
4464 4524 2
4523 4583 2
4524 4523 2
4583 4643 2
4643 4703 2
4702 4762 2
4703 4702 2
4762 4822 2
4822 4882 2
4882 4942 2
4942 5002 2
5002 5062 2
5062 5122 2
5122 5182 2
5182 5242 2
5242 5302 2
5302 5362 2
5362 5422 2
5422 5482 2
5481 5541 2
5482 5481 2
5541 5601 2
5601 5661 2
5661 5721 2
5721 5781 2
5781 5841 2
5841 5901 2
5901 5961 2
5961 6021 2
6021 6081 2
6081 6141 2
2601 2661 2
6141 6201 2
2661 2721 2
6201 2601 2
6201 6202 2
6202 6203 2
6203 6204 2
6204 6205 2
6205 6206 2
6206 6207 2
6207 6208 2
6208 6209 2
6209 6210 2
6210 6211 2
6211 6212 2
6212 6213 2
6213 6214 2
6214 6215 2
6215 6216 2
6216 6217 2
6217 6218 2
6218 6219 2
6219 6220 2
6220 6221 2
6221 6222 2
6222 6223 2
6223 6224 2
6224 6225 2
6225 6226 2
6226 6227 2
6227 6228 2
6228 6229 2
6229 6230 2
6230 6231 2
6231 6232 2
6232 6233 2
6233 6234 2
6234 6235 2
6235 6236 2
6236 6237 2
6237 6238 2
6238 6239 2
6239 6240 2
6240 2640 2
2721 2781 2
2780 2840 2
2781 2780 2
2840 2900 2
2900 2960 2
2960 3020 2
3020 3080 2
3080 3140 2
3140 3200 2
3199 3259 2
3200 3199 2
3259 3319 2
3319 3379 2
3379 3439 2
3439 3499 2
3499 3559 2
3061 3001 3
3118 3119 3
3119 3120 3
3120 3060 3
3121 3061 3
6718 3118 3
3181 3121 3
6778 6718 3
3241 3181 3
6829 6830 3
6830 6831 3
6831 6832 3
6832 6833 3
6833 6834 3
6834 6835 3
6835 6836 3
6836 6837 3
6837 6838 3
6838 6778 3
3301 3241 3
3302 3301 3
6889 6829 3
3362 3302 3
6948 6949 3
6949 6889 3
3422 3362 3
3423 3422 3
3424 3423 3
7008 6948 3
3484 3424 3
7067 7068 3
7068 7008 3
3544 3484 3
3545 3544 3
3546 3545 3
3547 3546 3
3548 3547 3
3549 3548 3
3550 3549 3
3551 3550 3
3552 3551 3
3553 3552 3
3554 3553 3
3562 7162 3
3563 3562 3
3563 3564 3
3564 3565 3
3565 3566 3
3566 3567 3
3567 3568 3
3568 7168 3
7126 7127 3
7127 7067 3
7154 3554 3
7155 7154 3
7156 7155 3
7157 7156 3
7158 7157 3
7159 7158 3
7160 7159 3
7161 7160 3
7162 7161 3
7168 7169 3
7169 7170 3
7170 7171 3
7171 7172 3
7172 7173 3
7173 7174 3
7174 7175 3
7175 7176 3
7176 7177 3
7177 7178 3
7178 7179 3
7179 7180 3
7180 7181 3
7181 7182 3
7182 7183 3
7183 7184 3
7184 7185 3
7185 7186 3
7186 7126 3
116  56 4
176 116 4
210 211 4
211 212 4
212 213 4
213 214 4
214 215 4
215 216 4
216 217 4
217 218 4
218 219 4
219 220 4
220 221 4
221 222 4
222 223 4
223 224 4
224 225 4
225 226 4
226 227 4
227 228 4
228 229 4
229 230 4
230 231 4
231 232 4
232 233 4
233 234 4
234 235 4
235 236 4
236 176 4
3810 210 4
3868 3869 4
3869 3870 4
3870 3810 4
3925 3926 4
3926 3927 4
3927 3928 4
3928 3868 4
3985 3925 4
4045 3985 4
4105 4045 4
4165 4105 4
4224 4225 4
4225 4165 4
4284 4224 4
4343 4344 4
4344 4284 4
4403 4343 4
4462 4463 4
4463 4403 4
4522 4462 4
4582 4522 4
4641 4642 4
4642 4582 4
4701 4641 4
4761 4701 4
4821 4761 4
1321 4921 4
4880 4881 4
4881 4821 4
4921 4922 4
4921 4981 4
4922 4923 4
4923 4924 4
4924 4925 4
4925 4926 4
4926 4927 4
4927 4928 4
4928 4929 4
4929 4930 4
4930 4931 4
4931 4932 4
4932 4933 4
4933 4934 4
4934 4935 4
4935 4936 4
4936 4937 4
4937 4938 4
4938 4939 4
4939 4940 4
4940 4880 4
4981 5041 4
5041 5101 4
5101 5161 4
5161 5221 4
5221 5281 4
5281 5341 4
5341 5401 4
5401 5461 4
5461 5521 4
5521 5581 4
5581 5641 4
5641 5701 4
5701 5761 4
5761 5821 4
5821 5881 4
2341 2401 4
5881 5941 4
5941 2341 4
421 361 5
481 421 5
541 481 5
601 541 5
661 601 5
721 661 5
781 721 5
841 781 5
901 841 5
961 901 5
1021 961 5
1081 1021 5
1141 1081 5
1201 1141 5
1261 1201 5
1262 1261 5
1322 1262 5
1382 1322 5
1442 1382 5
1502 1442 5
1562 1502 5
1622 1562 5
1682 1622 5
1742 1682 5
1802 1742 5
1862 1802 5
1922 1862 5
1922 1921 5
1923 1922 5
1924 1923 5
1925 1924 5
1926 1925 5
1986 1926 5
5586 1986 5
5587 5586 5
5647 5587 5
5648 5647 5
5649 5648 5
5650 5649 5
5651 5650 5
5652 5651 5
5653 5652 5
5654 5653 5
5655 5654 5
5656 5655 5
5657 5656 5
5658 5657 5
5718 5658 5
5778 5718 5
5838 5778 5
5898 5838 5
5899 5898 5
5900 5899 5
5960 5900 5
6020 5960 5
6080 6020 5
6140 6080 5
6200 6140 5
6260 6200 5
6261 6260 5
6262 6261 5
6322 6262 5
6382 6322 5
6383 6382 5
6384 6383 5
6385 6384 5
6386 6385 5
6387 6386 5
6388 6387 5
6389 6388 5
6390 6389 5
6391 6390 5
6392 6391 5
6393 6392 5
6394 6393 5
6454 6394 5
6455 6454 5
6456 6455 5
6457 6456 5
6458 6457 5
6459 6458 5
6460 6459 5
6461 6460 5
6462 6461 5
6463 6462 5
6464 6463 5
6465 6464 5
6466 6465 5
6467 6466 5
6468 6467 5
6469 6468 5
6470 6469 5
6471 6470 5
6472 6471 5
6473 6472 5
6474 6473 5
6475 6474 5
6476 6475 5
6477 6476 5
6537 6477 5
6597 6537 5
6598 6597 5
6658 6598 5
6659 6658 5
6719 6659 5
6779 6719 5
3240 6840 5
6839 6779 5
3300 3240 5
6840 6839 5
3360 3300 5
3420 3360 5
 15  14 6
 16  15 6
 17  16 6
 18  17 6
 19  18 6
 79  19 6
 80  79 6
 81  80 6
 82  81 6
 83  82 6
143  83 6
144 143 6
145 144 6
205 145 6
265 205 6
325 265 6
385 325 6
445 385 6
505 445 6
506 505 6
507 506 6
567 507 6
627 567 6
628 627 6
4228 628 6
4229 4228 6
4230 4229 6
4231 4230 6
4232 4231 6
4233 4232 6
4234 4233 6
4235 4234 6
4236 4235 6
4237 4236 6
4238 4237 6
4239 4238 6
4240 4239 6
4241 4240 6
4242 4241 6
4302 4242 6
4362 4302 6
4422 4362 6
4482 4422 6
4542 4482 6
4602 4542 6
4662 4602 6
4722 4662 6
4782 4722 6
4842 4782 6
4902 4842 6
4962 4902 6
4963 4962 6
5023 4963 6
5024 5023 6
5084 5024 6
5144 5084 6
1664 5264 6
5204 5144 6
1724 1664 6
5264 5204 6
1784 1724 6
1785 1784 6
1845 1785 6
1846 1845 6
1906 1846 6
1966 1906 6
2026 1966 6
2086 2026 6
2146 2086 6
2206 2146 6
2207 2206 6
2267 2207 6
2327 2267 6
2387 2327 6
2447 2387 6
2507 2447 6
2567 2507 6
2627 2567 6
2687 2627 6
2747 2687 6
2807 2747 6
2867 2807 6
2927 2867 6
2987 2927 6
3047 2987 6
3107 3047 6
3167 3107 6
3227 3167 6
3287 3227 6
3347 3287 6
3407 3347 6
3467 3407 6
3527 3467 6
3587 3527 6
 67   7 7
127  67 7
187 127 7
247 187 7
307 247 7
367 307 7
427 367 7
487 427 7
547 487 7
607 547 7
667 607 7
727 667 7
787 727 7
847 787 7
907 847 7
967 907 7
1027 967 7
1087 1027 7
1147 1087 7
1207 1147 7
1267 1207 7
1327 1267 7
1387 1327 7
1447 1387 7
1507 1447 7
1567 1507 7
1627 1567 7
1687 1627 7
1747 1687 7
1807 1747 7
1867 1807 7
1927 1867 7
1987 1927 7
2047 1987 7
2107 2047 7
2167 2107 7
2223 2224 7
2224 2225 7
2225 2226 7
2226 2227 7
2227 2167 7
2227 2228 7
2228 2229 7
2229 2230 7
2230 2231 7
2231 2232 7
2232 2233 7
2233 2234 7
2234 2235 7
2235 2236 7
2236 2237 7
2237 2238 7
2238 2239 7
2239 2240 7
2240 2241 7
2241 2242 7
2242 5842 7
2268 2269 7
2269 2270 7
2270 2271 7
2271 2272 7
2272 2273 7
2273 2274 7
2274 2275 7
2275 2276 7
2276 2277 7
2277 2278 7
2278 2279 7
2279 2280 7
5823 2223 7
5842 5843 7
5843 5844 7
5844 5845 7
5845 5846 7
5846 5847 7
5847 5848 7
5848 5849 7
5849 5850 7
5850 5851 7
5851 5852 7
5852 5853 7
5853 5854 7
5854 5855 7
5855 5856 7
5856 5857 7
5857 5858 7
5858 5859 7
5859 5860 7
5860 5861 7
5861 5862 7
5862 5863 7
5863 5864 7
5864 5865 7
5865 5866 7
5866 5867 7
5867 5868 7
5868 2268 7
5883 5823 7
5943 5883 7
6003 5943 7
6063 6003 7
6123 6063 7
6183 6123 7
6243 6183 7
2761 6361 7
6303 6243 7
6361 6362 7
6362 6363 7
6363 6303 7
1978 1979 8
1979 1980 8
5578 1978 8
5638 5578 8
5697 5698 8
5698 5638 8
5755 5756 8
5756 5757 8
5757 5697 8
5815 5755 8
5873 5874 8
5874 5875 8
5875 5815 8
5932 5933 8
5933 5873 8
5990 5991 8
5991 5992 8
5992 5932 8
2506 6106 8
6050 5990 8
2566 2506 8
6106 6107 8
6107 6108 8
6108 6109 8
6109 6110 8
6110 6050 8
2626 2566 8
2686 2626 8
2746 2686 8
2806 2746 8
2866 2806 8
2926 2866 8
2986 2926 8
3046 2986 8
3106 3046 8
3166 3106 8
3226 3166 8
3286 3226 8
3346 3286 8
3406 3346 8
3451 7051 8
3452 3451 8
3453 3452 8
3454 3453 8
3455 3454 8
3456 3455 8
3457 3456 8
3458 3457 8
3459 3458 8
3459 3460 8
3460 3461 8
3461 3462 8
3462 3463 8
3463 3464 8
3464 3465 8
3465 3466 8
3466 3406 8
7021 3421 8
7022 7021 8
7023 7022 8
7024 7023 8
7025 7024 8
7026 7025 8
7027 7026 8
7028 7027 8
7029 7028 8
7030 7029 8
7031 7030 8
7032 7031 8
7033 7032 8
7034 7033 8
7035 7034 8
7036 7035 8
7037 7036 8
7038 7037 8
7039 7038 8
7040 7039 8
7041 7040 8
7042 7041 8
7043 7042 8
7044 7043 8
7045 7044 8
7046 7045 8
7047 7046 8
7048 7047 8
7049 7048 8
7050 7049 8
7051 7050 8
3519 3459 8
3579 3519 8
240 3840 9
3840 3900 9
3900 3960 9
3960 4020 9
4020 4080 9
4080 4140 9
4140 4200 9
4200 4260 9
4260 4320 9
4319 7919 9
4320 4319 9
7141 3541 9
7196 3596 9
7919 7979 9
7979 8039 9
8039 8099 9
8099 8159 9
8159 8219 9
8219 8279 9
8279 8339 9
8339 8399 9
8399 8459 9
8459 8519 9
8519 8579 9
8579 8639 9
8639 8699 9
8699 8759 9
8759 8819 9
8819 8879 9
8879 8939 9
8939 8999 9
8999 9059 9
9059 9119 9
9119 9179 9
9179 9239 9
9239 9299 9
9299 9359 9
9359 9419 9
9419 9479 9
9479 9539 9
9539 9599 9
9599 9659 9
9659 9719 9
9719 9779 9
9779 9839 9
9839 9899 9
9899 9959 9
9958 10018 9
9959 9958 9
10018 10078 9
10078 10138 9
10138 10198 9
10198 10258 9
10258 10318 9
10317 10377 9
10318 10317 9
10377 10437 9
10437 10497 9
10497 10557 9
10557 10617 9
10617 10677 9
10677 10737 9
10737 10797 9
10741 7141 9
10742 10741 9
10743 10742 9
10744 10743 9
10745 10744 9
10746 10745 9
10747 10746 9
10748 10747 9
10749 10748 9
10750 10749 9
10751 10750 9
10752 10751 9
10753 10752 9
10754 10753 9
10755 10754 9
10756 10755 9
10757 10756 9
10758 10757 9
10759 10758 9
10760 10759 9
10761 10760 9
10762 10761 9
10763 10762 9
10764 10763 9
10765 10764 9
10766 10765 9
10767 10766 9
10768 10767 9
10769 10768 9
10770 10769 9
10771 10770 9
10772 10771 9
10773 10772 9
10774 10773 9
10775 10774 9
10776 10775 9
10777 10776 9
10778 10777 9
10779 10778 9
10780 10779 9
10781 10780 9
10782 10781 9
10783 10782 9
10784 10783 9
10785 10784 9
10786 10785 9
10787 10786 9
10788 10787 9
10789 10788 9
10790 10789 9
10791 10790 9
10792 10791 9
10793 10792 9
10794 10793 9
10795 10794 9
10796 7196 9
10796 10795 9
10797 10796 9
1981 1982 10
1982 1983 10
1983 1984 10
1984 1985 10
1985 2045 10
2045 2046 10
2046 2106 10
2106 5706 10
5706 5707 10
5707 5767 10
5767 5768 10
5768 5769 10
5769 5770 10
5770 5771 10
5771 5772 10
5772 5773 10
5773 5774 10
5774 5775 10
5775 5835 10
5835 5895 10
5895 5955 10
5955 5956 10
5956 5957 10
5957 5958 10
5958 5959 10
5959 6019 10
6019 6079 10
6079 6139 10
6139 6199 10
6199 6259 10
6259 6319 10
6319 6320 10
6320 6380 10
6380 6440 10
6440 6441 10
6441 6442 10
6442 6502 10
6502 6503 10
6503 6504 10
6504 6505 10
6505 6506 10
6506 6507 10
6507 6508 10
6508 6509 10
6509 6569 10
6569 6629 10
6629 6630 10
6630 6631 10
6631 6632 10
6632 6633 10
6633 6634 10
6634 6635 10
6635 6636 10
6636 6637 10
6637 6638 10
6638 6639 10
6639 6640 10
6640 6641 10
6641 6642 10
6642 6643 10
6643 6644 10
6644 6645 10
6645 6646 10
6646 6706 10
6706 6766 10
3169 3229 10
6766 6767 10
6767 6768 10
6768 6769 10
3229 3289 10
6769 3169 10
3289 3349 10
3349 3409 10
3409 3469 10
3469 3529 10
3529 3589 10
3589 3590 10
3590 3591 10
