# Cost: 689

# Tail Head Net
 31  32 1
 32  33 1
 71  31 1
111  71 1
151 111 1
191 151 1
231 191 1
271 231 1
311 271 1
351 311 1
391 351 1
431 391 1
471 431 1
511 471 1
551 511 1
591 551 1
591 631 1
592 591 1
593 592 1
594 593 1
595 594 1
596 595 1
597 596 1
598 597 1
599 598 1
600 599 1
631 671 1
671 711 1
711 751 1
750 790 1
751 750 1
779 819 1
780 779 1
781 780 1
782 781 1
783 782 1
784 783 1
785 784 1
786 785 1
787 786 1
788 787 1
789 788 1
790 789 1
819 859 1
859 899 1
899 939 1
934 974 1
935 934 1
936 935 1
937 936 1
938 937 1
939 938 1
939 979 1
962 961 1
974 1014 1
979 1019 1
1002 962 1
1003 1002 1
1004 1003 1
1005 1004 1
1006 1005 1
1007 1006 1
1008 1007 1
1009 1008 1
1010 1009 1
1011 1010 1
1012 1011 1
1013 1012 1
1014 1013 1
1019 1059 1
1059 1099 1
1099 1139 1
1139 1179 1
1179 1219 1
1219 1259 1
1259 1299 1
1299 1339 1
1339 1379 1
1379 1419 1
1419 1459 1
1459 1499 1
1499 1539 1
1539 1579 1
1579 1580 1
1580 1581 1
 60  20 2
 60 100 2
 61  60 2
 62  61 2
 63  62 2
 64  63 2
 65  64 2
 66  65 2
 67  66 2
 68  67 2
 72 1672 2
 73  72 2
 74  73 2
 75  74 2
 76  75 2
 77  76 2
 78  77 2
 79  78 2
 80  40 2
 80  79 2
100 140 2
1668  68 2
1669 1668 2
1670 1669 2
1671 1670 2
1672 1671 2
120  80 2
140 180 2
160 120 2
180 220 2
200 160 2
220 260 2
240 200 2
260 300 2
280 240 2
300 340 2
320 280 2
340 380 2
360 320 2
379 419 2
380 379 2
400 360 2
419 459 2
459 499 2
499 539 2
539 579 2
579 619 2
619 2219 2
2218 2258 2
2219 2218 2
2255 2295 2
2256 2255 2
2257 2256 2
2258 2257 2
2293 2333 2
2294 2293 2
2295 2294 2
2333 2373 2
2373 2413 2
2413 2453 2
2453 2493 2
2493 2533 2
2533 2573 2
2573 2613 2
2610 2650 2
2611 2610 2
2612 2611 2
2613 2612 2
2650 2690 2
2690 2730 2
2730 2770 2
2770 2810 2
2810 2850 2
2850 2890 2
2890 2930 2
2929 2969 2
2930 2929 2
2969 3009 2
3009 3049 2
3049 3089 2
3089 3129 2
3129 3169 2
3169 1569 2
1616  16 3
1617 1616 3
1618 1617 3
1619 1618 3
1620 1619 3
1621 1620 3
1622 1621 3
1623 1622 3
1624 1623 3
1625 1624 3
1627 1628 3
1628 1629 3
1629 1630 3
1630  30 3
1665 1625 3
1666 1665 3
1666 1667 3
1667 1627 3
1706 1666 3
1746 1706 3
1786 1746 3
1826 1786 3
1866 1826 3
1906 1866 3
1946 1906 3
1986 1946 3
2026 1986 3
2066 2026 3
2106 2066 3
2146 2106 3
2186 2146 3
2226 2186 3
2266 2226 3
2306 2266 3
2346 2306 3
826 2426 3
2386 2346 3
866 826 3
2426 2386 3
906 866 3
946 906 3
986 946 3
986 987 3
987 988 3
988 989 3
989 990 3
990 991 3
991 992 3
992 993 3
993 994 3
994 995 3
995 996 3
996 997 3
997 998 3
998 999 3
999 1000 3
1026 986 3
1066 1026 3
1106 1066 3
1146 1106 3
1186 1146 3
1226 1186 3
1266 1226 3
1306 1266 3
1346 1306 3
1386 1346 3
1426 1386 3
1466 1426 3
1506 1466 3
1546 1506 3
1586 1546 3
1603   3 4
1603 1643 4
1631 3231 4
1632 1631 4
 34 1634 4
1633 1632 4
 35  34 4
1634 1633 4
1634 1674 4
1643 1683 4
1674 1714 4
1683 1723 4
1714 1754 4
1721 1761 4
1722 1721 4
1723 1722 4
1754 1794 4
1761 1801 4
1794 1795 4
1795 1835 4
1801 1841 4
1835 1875 4
1841 1881 4
1875 1915 4
1881 1921 4
1915 1955 4
1921 1961 4
1955 1995 4
1961 2001 4
1995 2035 4
2001 2041 4
2035 2075 4
2041 2081 4
2075 2115 4
2081 2121 4
2115 2155 4
2121 2161 4
2155 2195 4
2161 2201 4
2195 2235 4
2201 2241 4
2235 2275 4
2241 2281 4
2275 2315 4
2281 2321 4
2315 2355 4
2321 2361 4
2355 2356 4
2356 2357 4
2357 2397 4
798 799 4
799 800 4
2361 2401 4
2397 2398 4
2398 798 4
2401 2441 4
2441 2481 4
2481 2521 4
2521 2561 4
2561 2601 4
1041 1081 4
2601 2641 4
2641 1041 4
3203 1603 4
3204 3203 4
3205 3204 4
3206 3205 4
3207 3206 4
3208 3207 4
3209 3208 4
3210 3209 4
3211 3210 4
3212 3211 4
3213 3212 4
3214 3213 4
3215 3214 4
3216 3215 4
3217 3216 4
3218 3217 4
3219 3218 4
3220 3219 4
3221 3220 4
3222 3221 4
3223 3222 4
3224 3223 4
3225 3224 4
3226 3225 4
3227 3226 4
3228 3227 4
3229 3228 4
3230 3229 4
3231 3230 4
 27  26 5
 28  27 5
 29  28 5
 69  29 5
109  69 5
149 109 5
189 149 5
1789 189 5
1829 1789 5
1869 1829 5
1909 1869 5
1949 1909 5
1950 1949 5
1990 1950 5
2030 1990 5
2070 2030 5
2110 2070 5
2150 2110 5
2190 2150 5
2230 2190 5
2270 2230 5
2310 2270 5
2350 2310 5
2390 2350 5
2430 2390 5
2431 2430 5
2432 2431 5
2433 2432 5
2473 2433 5
2513 2473 5
2553 2513 5
2593 2553 5
2633 2593 5
2673 2633 5
2713 2673 5
2753 2713 5
1203 1243 5
1204 1203 5
1205 1204 5
1206 1205 5
1207 1206 5
1208 1207 5
1209 1208 5
1210 1209 5
1211 1210 5
1212 1211 5
2793 2753 5
1234 2834 5
1235 1234 5
1236 1235 5
1237 1236 5
1238 1237 5
1239 1238 5
1240 1239 5
1242 1241 5
1243 1242 5
2812 1212 5
2813 2812 5
2814 2813 5
2815 2814 5
2816 2815 5
2817 2816 5
2818 2817 5
2819 2818 5
2820 2819 5
2821 2820 5
2822 2821 5
2823 2822 5
2824 2823 5
2825 2824 5
2826 2825 5
2827 2826 5
2828 2827 5
2828 2868 5
2829 2828 5
2830 2829 5
2831 2830 5
2832 2831 5
2833 2793 5
2833 2832 5
2834 2833 5
2868 2908 5
2908 2948 5
2948 2988 5
2988 3028 5
3028 3068 5
3068 3108 5
1548 1588 5
3108 3148 5
3148 1548 5
 49   9 6
 87  88 6
 88  89 6
 89  49 6
125 126 6
126 127 6
127  87 6
165 125 6
205 165 6
245 205 6
284 285 6
285 245 6
324 284 6
363 364 6
364 324 6
401 402 6
402 403 6
403 363 6
441 401 6
481 441 6
521 481 6
561 521 6
601 561 6
641 601 6
681 641 6
721 681 6
761 721 6
801 761 6
1637  37 7
1677 1637 7
1717 1677 7
1757 1717 7
1797 1757 7
1837 1797 7
1877 1837 7
1917 1877 7
1957 1917 7
1997 1957 7
2037 1997 7
2077 2037 7
2117 2077 7
2157 2117 7
2197 2157 7
2198 2197 7
2199 2198 7
2239 2199 7
2279 2239 7
2319 2279 7
2359 2319 7
2399 2359 7
2439 2399 7
2479 2439 7
2519 2479 7
2559 2519 7
2599 2559 7
2639 2599 7
2679 2639 7
2719 2679 7
1199 2799 7
2759 2719 7
1200 1199 7
2799 2759 7
2799 2839 7
2839 2879 7
2879 2919 7
2919 2959 7
2959 2999 7
2999 3039 7
3039 3079 7
3079 3119 7
3118 3158 7
3119 3118 7
3158 3198 7
3182 1582 7
3183 3182 7
3184 3183 7
3185 3184 7
3186 3185 7
3187 3186 7
3188 3187 7
3189 3188 7
3190 3189 7
3191 3190 7
3192 3191 7
3193 3192 7
3194 3193 7
3195 3194 7
3196 3195 7
3197 3196 7
3198 3197 7
1572 1573 8
1573 1574 8
1574 1575 8
1528 1529 9
1529 1530 9
1530 1531 9
1531 1532 9
1532 1533 9
1533 1534 9
1534 1535 9
1535 1536 9
1536 1537 9
1537 1538 9
1538 3138 9
1550 1551 9
1551 1552 9
1552 1553 9
1553 1593 9
1564 1565 9
1565 1566 9
1566 1567 9
1567 1568 9
1568 1528 9
3138 3139 9
3139 3140 9
3140 3141 9
3141 4741 9
3150 1550 9
1593 1594 9
1594 1595 9
1595 1596 9
1596 1597 9
4741 4742 9
4742 4743 9
4743 4744 9
4744 4745 9
4745 4746 9
4746 4747 9
4747 4748 9
4748 4749 9
4749 4750 9
4750 3150 9
  1  41 10
 41  42 10
 42  43 10
 43  44 10
 44  45 10
 45  46 10
 46  47 10
 47  48 10
 48 1648 10
 51  52 10
 52  53 10
 53  54 10
 54  55 10
 55  56 10
 56  57 10
 57  17 10
1648 1649 10
1649 1650 10
1650 1651 10
1651  51 10
 58  18 11
 98  58 11
138  98 11
178 138 11
179 178 11
219 179 11
1819 219 11
1820 1819 11
1860 1820 11
1861 1860 11
1901 1861 11
1941 1901 11
1981 1941 11
2021 1981 11
2061 2021 11
2101 2061 11
2102 2101 11
2142 2102 11
2143 2142 11
2183 2143 11
2223 2183 11
2224 2223 11
2264 2224 11
2304 2264 11
2344 2304 11
2384 2344 11
2424 2384 11
2464 2424 11
2504 2464 11
2544 2504 11
2545 2544 11
2585 2545 11
2586 2585 11
2626 2586 11
2666 2626 11
1107 2707 11
2667 2666 11
1147 1107 11
2707 2667 11
1148 1147 11
1149 1148 11
1150 1149 11
1190 1150 11
1230 1190 11
1270 1230 11
1310 1270 11
1350 1310 11
1390 1350 11
1391 1390 11
1392 1391 11
1393 1392 11
1394 1393 11
1395 1394 11
1396 1395 11
1397 1396 11
1398 1397 11
1399 1398 11
1439 1399 11
1479 1439 11
1519 1479 11
1559 1519 11
1599 1559 11
1600 1599 11
922 921 12
923 922 12
963 923 12
964 963 12
965 964 12
966 965 12
967 966 12
968 967 12
969 968 12
970 969 12
971 970 12
972 971 12
2572 972 12
1360 2960 12
2960 4560 12
4172 2572 12
4173 4172 12
4174 4173 12
4175 4174 12
4176 4175 12
4177 4176 12
4178 4177 12
4179 4178 12
4180 4179 12
4181 4180 12
4182 4181 12
4222 4182 12
4223 4222 12
4263 4223 12
4264 4263 12
4304 4264 12
4305 4304 12
4306 4305 12
4346 4306 12
4347 4346 12
4348 4347 12
4349 4348 12
4350 4349 12
4351 4350 12
4352 4351 12
4353 4352 12
4393 4353 12
4394 4393 12
4395 4394 12
4396 4395 12
4397 4396 12
4437 4397 12
4477 4437 12
4478 4477 12
4518 4478 12
4519 4518 12
4559 4519 12
4560 4559 12
