# Cost: 543

# Tail Head Net
920 960 1
960 1000 1
1000 1040 1
1040 1080 1
1080 1120 1
1120 1160 1
1160 1200 1
1187 1227 1
1188 1187 1
1189 1188 1
1190 1189 1
1191 1190 1
1192 1191 1
1193 1192 1
1194 1193 1
1195 1194 1
1196 1195 1
1197 1196 1
1198 1197 1
1199 1198 1
1200 1199 1
1224 1264 1
1225 1224 1
1226 1225 1
1227 1226 1
1259 1299 1
1260 1259 1
1261 1260 1
1262 1261 1
1263 1262 1
1264 1263 1
1282 1281 1
1283 1282 1
1284 1283 1
1285 1284 1
1286 1285 1
1287 1286 1
1288 1287 1
1289 1288 1
1290 1289 1
1291 1290 1
1292 1291 1
1293 1292 1
1294 1293 1
1295 1294 1
1296 1295 1
1297 1296 1
1298 1297 1
1299 1298 1
1299 1339 1
1339 1379 1
1379 1419 1
1419 1459 1
1459 1499 1
1499 1539 1
1539 1579 1
362 361 2
363 362 2
364 363 2
365 364 2
405 365 2
445 405 2
485 445 2
525 485 2
565 525 2
605 565 2
645 605 2
685 645 2
725 685 2
765 725 2
805 765 2
805 806 2
806 807 2
807 808 2
808 809 2
809 810 2
810 811 2
811 812 2
812 813 2
813 814 2
814 815 2
815 816 2
816 817 2
817 818 2
818 819 2
819 820 2
820 821 2
821 822 2
822 823 2
823 824 2
824 825 2
825 826 2
826 827 2
827 828 2
828 829 2
829 830 2
830 831 2
831 832 2
832 833 2
833 834 2
834 835 2
835 836 2
836 837 2
837 838 2
838 839 2
839 840 2
2405 805 2
2445 2405 2
2485 2445 2
2525 2485 2
2565 2525 2
2605 2565 2
2645 2605 2
2685 2645 2
2725 2685 2
2765 2725 2
2805 2765 2
2845 2805 2
1325 2925 2
2885 2845 2
1365 1325 2
2925 2885 2
1405 1365 2
1445 1405 2
1485 1445 2
1525 1485 2
1565 1525 2
161 201 3
201 241 3
241 1841 3
1841 1881 3
1881 1921 3
1921 1961 3
1961 2001 3
2001 2041 3
2041 2081 3
2081 2121 3
2121 2161 3
2161 2201 3
2201 2241 3
2241 2281 3
2281 2282 3
2282 2322 3
2322 2323 3
2323 2363 3
2363 2364 3
2364 2365 3
2365 2366 3
2366 2406 3
2406 2446 3
2446 2447 3
2447 2487 3
2487 2527 3
2527 2528 3
2528 2568 3
2568 2569 3
2569 2609 3
2609 2610 3
2610 2611 3
2611 2651 3
2651 2691 3
2691 2731 3
2731 2771 3
2771 2811 3
2811 2851 3
2851 2891 3
1300 1301 3
1301 1302 3
1302 1303 3
1303 1304 3
1304 1305 3
1305 1306 3
1306 1307 3
1307 1308 3
1308 1309 3
1309 1310 3
1310 1311 3
1311 1312 3
1312 1313 3
1313 1314 3
1314 1315 3
1315 1316 3
1316 1317 3
1317 1318 3
1318 1319 3
1319 1320 3
1331 1371 3
2891 2892 3
2891 2931 3
2892 2893 3
2893 2894 3
2894 2895 3
2895 2896 3
2896 2897 3
2897 2898 3
2898 2899 3
2899 2900 3
2900 1300 3
1371 1411 3
2931 1331 3
1411 1451 3
1451 1491 3
1491 1531 3
1531 1571 3
 14  15 4
 15  16 4
 16  17 4
 17  18 4
 18  19 4
 19  20 4
 20  21 4
 21  22 4
 40  80 5
 80 120 5
120 160 5
160 200 5
200 240 5
238 278 5
239 238 5
240 239 5
278 318 5
317 357 5
318 317 5
352 1952 5
353 352 5
354 353 5
355 354 5
356 355 5
357 356 5
1951 1991 5
1952 1951 5
402 401 5
403 402 5
1984 2024 5
1985 1984 5
1986 1985 5
1987 1986 5
1988 1987 5
1989 1988 5
1990 1989 5
1991 1990 5
2003 403 5
2004 2003 5
2005 2004 5
2006 2005 5
2007 2006 5
2008 2007 5
2009 2008 5
2010 2009 5
2011 2010 5
2012 2011 5
2013 2012 5
2014 2013 5
2015 2014 5
2016 2015 5
2017 2016 5
2018 2017 5
2019 2018 5
2020 2019 5
2021 2020 5
2022 2021 5
2023 2022 5
2024 2023 5
  7   8 6
  8   9 6
  9  10 6
 10  50 6
 50  51 6
 51  91 6
 91 131 6
131 132 6
132 133 6
133 134 6
134 135 6
135 136 6
136 137 6
137 177 6
177 178 6
178 179 6
179 180 6
180 181 6
181 182 6
182 183 6
183 223 6
223 263 6
263 264 6
264 265 6
265 266 6
266 267 6
267 307 6
307 347 6
347 348 6
348 349 6
349 389 6
389 429 6
429 430 6
430 470 6
470 471 6
471 472 6
472 473 6
473 474 6
474 475 6
475 476 6
476 477 6
477 478 6
478 479 6
479 519 6
519 559 6
559 599 6
599 639 6
639 679 6
679 719 6
719 759 6
759 760 6
760 800 6
1562 3162 7
1580 1581 7
1581 1582 7
3162 3163 7
3163 3164 7
3164 3165 7
3165 3166 7
3166 3167 7
3167 3168 7
3168 3169 7
3169 3170 7
3170 3171 7
3171 3172 7
3172 3173 7
3173 3174 7
3174 3175 7
3175 3176 7
3176 3177 7
3177 3178 7
3178 3179 7
3179 3180 7
3180 1580 7
721 761 8
761 801 8
801 841 8
841 881 8
881 921 8
921 961 8
961 1001 8
1001 1041 8
1041 1081 8
1081 1121 8
1121 2721 8
2721 2761 8
2761 2801 8
2801 2841 8
2841 2881 8
1321 1361 8
2881 2921 8
1361 1401 8
2921 1321 8
1401 1441 8
1441 1481 8
 43   3 9
 83  43 9
123  83 9
163 123 9
203 163 9
243 203 9
283 243 9
323 283 9
324 323 9
325 324 9
326 325 9
366 326 9
406 366 9
446 406 9
486 446 9
526 486 9
566 526 9
606 566 9
646 606 9
686 646 9
726 686 9
766 726 9
767 766 9
768 767 9
769 768 9
770 769 9
771 770 9
772 771 9
773 772 9
774 773 9
775 774 9
776 775 9
777 776 9
778 777 9
779 778 9
780 779 9
781 780 9
782 781 9
783 782 9
784 783 9
785 784 9
786 785 9
2386 786 9
2426 2386 9
2466 2426 9
2506 2466 9
2546 2506 9
2586 2546 9
2626 2586 9
2666 2626 9
2706 2666 9
2746 2706 9
2786 2746 9
2826 2786 9
2866 2826 9
2906 2866 9
2946 2906 9
2986 2946 9
3026 2986 9
3066 3026 9
1546 3146 9
3106 3066 9
1586 1546 9
3146 3106 9
1535 1575 10
1536 1535 10
1537 1536 10
1538 1537 10
1574 1573 10
1575 1574 10
3138 1538 10
3139 3138 10
3140 3139 10
3141 3140 10
3142 3141 10
3143 3142 10
3144 3143 10
3145 3144 10
1587 3187 10
1588 1587 10
1589 1588 10
1590 1589 10
1591 1590 10
1592 1591 10
1593 1592 10
1594 1593 10
3185 3145 10
3186 3185 10
3187 3186 10
 35  75 11
 75 115 11
115 155 11
155 195 11
195 235 11
235 275 11
275 315 11
315 1915 11
1914 1954 11
1915 1914 11
1954 1994 11
1994 2034 11
2034 2074 11
2074 2114 11
2114 2154 11
2154 2194 11
2194 2234 11
2233 2273 11
2234 2233 11
2273 2313 11
2313 2353 11
2353 2393 11
2393 2433 11
2433 2473 11
2473 2513 11
2512 2552 11
2513 2512 11
2550 2590 11
2551 2550 11
2552 2551 11
2590 2630 11
2630 2670 11
2670 2710 11
2710 2750 11
2750 2790 11
2790 2830 11
2830 2870 11
2869 2909 11
2870 2869 11
1348 1388 11
2908 2948 11
2909 2908 11
1388 1428 11
2948 1348 11
1428 1468 11
1468 1508 11
1504 1544 11
1505 1504 11
1506 1505 11
1507 1506 11
1508 1507 11
1543 1583 11
1544 1543 11
 61  62 12
 23  24 12
 62  63 12
 24  25 12
 63  23 12
 25  26 12
 26  27 12
 27  28 12
 28  29 12
101  61 12
1701 101 12
1741 1701 12
1781 1741 12
1821 1781 12
1860 1861 12
1861 1821 12
1900 1860 12
1936 1937 12
1937 1938 12
1938 1939 12
1939 1940 12
1940 1900 12
1962 1963 12
1963 1964 12
1964 1965 12
1965 1966 12
1966 1967 12
1967 1968 12
1968 1969 12
1969 1970 12
1970 1971 12
1971 1972 12
1972 1973 12
1973 1974 12
1974 1975 12
1975 1976 12
1976 1936 12
2002 1962 12
2042 2002 12
521 522 12
522 2122 12
2082 2042 12
2122 2082 12
