# Cost: 1809

# Tail Head Net
 79  80 1
 80  81 1
179  79 1
 81  82 1
279 179 1
379 279 1
479 379 1
579 479 1
679 579 1
779 679 1
879 779 1
979 879 1
1079 979 1
1179 1079 1
1279 1179 1
1379 1279 1
1479 1379 1
1579 1479 1
1679 1579 1
1779 1679 1
1879 1779 1
1979 1879 1
2079 1979 1
2179 2079 1
2201 2101 1
2279 2179 1
2301 2201 1
2379 2279 1
2401 2301 1
2479 2379 1
2501 2401 1
2579 2479 1
2601 2501 1
2679 2579 1
2701 2601 1
2779 2679 1
2801 2701 1
2879 2779 1
2901 2801 1
2979 2879 1
3001 2901 1
3079 2979 1
3101 3001 1
3179 3079 1
3201 3101 1
3279 3179 1
3301 3201 1
3379 3279 1
3401 3301 1
3479 3379 1
3501 3401 1
3579 3479 1
3601 3501 1
3679 3579 1
3701 3601 1
3779 3679 1
3801 3701 1
3879 3779 1
3901 3801 1
3979 3879 1
4001 3901 1
4079 3979 1
4101 4001 1
4179 4079 1
4201 4101 1
4279 4179 1
4301 4201 1
4379 4279 1
4401 4301 1
4479 4379 1
4501 4401 1
4579 4479 1
4601 4501 1
4679 4579 1
4701 4601 1
4779 4679 1
4801 4701 1
4879 4779 1
4901 4801 1
4979 4879 1
4995 4996 1
4996 4997 1
4997 4998 1
4998 4999 1
4999 5000 1
5001 4901 1
5079 4979 1
5085 5086 1
5086 5087 1
5087 5088 1
5088 5089 1
5089 5090 1
5090 5091 1
5091 5092 1
5092 5093 1
5093 5094 1
5094 5095 1
5095 4995 1
5101 5001 1
5179 5079 1
5185 5085 1
5201 5101 1
5243 5244 1
5244 5245 1
5245 5246 1
5246 5247 1
5247 5248 1
5248 5249 1
5249 5250 1
5250 5251 1
5251 5252 1
5252 5253 1
5253 5254 1
5254 5255 1
5255 5256 1
5256 5257 1
5257 5258 1
5258 5259 1
5259 5260 1
5260 5261 1
5261 5262 1
5262 5263 1
5263 5264 1
5264 5265 1
5265 5266 1
5266 5267 1
5267 5268 1
5268 5269 1
5269 5270 1
5270 5271 1
5271 5272 1
5272 5273 1
5273 5274 1
5274 5275 1
5275 5276 1
5276 5277 1
5277 5278 1
5278 5279 1
5279 5179 1
5279 5280 1
5280 5281 1
5281 5282 1
5282 5283 1
5283 5284 1
5284 5285 1
5285 5185 1
5301 5201 1
5338 5339 1
5339 5340 1
5340 5341 1
5341 5342 1
5342 5343 1
5343 5243 1
5401 5301 1
5428 5429 1
5429 5430 1
5430 5431 1
5431 5432 1
5432 5433 1
5433 5434 1
5434 5435 1
5435 5436 1
5436 5437 1
5437 5438 1
5438 5338 1
5501 5401 1
5501 5502 1
5502 5503 1
5503 5504 1
5504 5505 1
5505 5506 1
5506 5507 1
5507 5508 1
5508 5509 1
5509 5510 1
5510 5511 1
5511 5512 1
5512 5513 1
5513 5514 1
5514 5515 1
5515 5516 1
5516 5517 1
5517 5518 1
5518 5519 1
5519 5520 1
5520 5521 1
5521 5522 1
5522 5523 1
5523 5524 1
5524 5525 1
5525 5526 1
5526 5527 1
5527 5528 1
5528 5428 1
5601 5501 1
11901 1901 2
12001 11901 2
12101 12001 2
12201 12101 2
12301 12201 2
12401 12301 2
12501 12401 2
12601 12501 2
12701 12601 2
12801 12701 2
12901 12801 2
13001 12901 2
13101 13001 2
13201 13101 2
13301 13201 2
13401 13301 2
13501 13401 2
13601 13501 2
13701 13601 2
13801 13701 2
13901 13801 2
14001 13901 2
14101 14001 2
14201 14101 2
14301 14201 2
14401 14301 2
14501 14401 2
14601 14501 2
14701 14601 2
14801 14701 2
14901 14801 2
15001 14901 2
15101 15001 2
15201 15101 2
15301 15201 2
5500 5400 2
15401 15301 2
5600 5500 2
15501 15401 2
5700 5600 2
15601 15501 2
5800 5700 2
15701 15601 2
5900 5800 2
15801 15701 2
6000 5900 2
15901 15801 2
6100 6000 2
6101 16101 2
16001 15901 2
6102 6101 2
6102 6202 2
6103 6102 2
6104 6103 2
6105 6104 2
6106 6105 2
6107 6106 2
6108 6107 2
6109 6108 2
6110 6109 2
6111 6110 2
6112 6111 2
6112 6212 2
6113 6112 2
6114 6113 2
6115 6114 2
6116 6115 2
6117 6116 2
6118 6117 2
6119 6118 2
6120 6119 2
6121 6120 2
6122 6121 2
6123 6122 2
6124 6123 2
6125 6124 2
6126 6125 2
6127 6126 2
6128 6127 2
6129 6128 2
6130 6129 2
6131 6130 2
6132 6131 2
6133 6132 2
6134 6133 2
6135 6134 2
6136 6135 2
6137 6136 2
6138 6137 2
6139 6138 2
6140 6139 2
6141 6140 2
6142 6141 2
6143 6142 2
6144 6143 2
6145 6144 2
6146 6145 2
6147 6146 2
6148 6147 2
6149 6148 2
6150 6149 2
6151 6150 2
6152 6151 2
6153 6152 2
6154 6153 2
6155 6154 2
6156 6155 2
6157 6156 2
6158 6157 2
6159 6158 2
6160 6159 2
6161 6160 2
6162 6161 2
6163 6162 2
6164 6163 2
6165 6164 2
6166 6165 2
6167 6166 2
6168 6167 2
6169 6168 2
6170 6169 2
6171 6170 2
6172 6171 2
6173 6172 2
6174 6173 2
6175 6174 2
6176 6175 2
6177 6176 2
6178 6177 2
6179 6178 2
6180 6179 2
6181 6180 2
6182 6181 2
6183 6182 2
6184 6183 2
6185 6184 2
6186 6185 2
6187 6186 2
6188 6187 2
6189 6188 2
6190 6189 2
6191 6190 2
6192 6191 2
6193 6192 2
6194 6193 2
6195 6194 2
6196 6195 2
6197 6196 2
6198 6197 2
6199 6198 2
6200 6100 2
6200 6199 2
16101 16001 2
6202 6302 2
6212 6312 2
6302 6402 2
6312 6412 2
6402 6502 2
6412 6512 2
6502 6602 2
6512 6612 2
6602 6702 2
6612 6712 2
6702 6802 2
6712 6812 2
6802 6902 2
6812 6912 2
6902 7002 2
6912 7012 2
7002 7102 2
7012 7112 2
7102 7202 2
7112 7212 2
7202 7302 2
7212 7312 2
7302 7402 2
7312 7412 2
7402 7502 2
7412 7512 2
7502 7602 2
7512 7612 2
7602 7702 2
7612 7712 2
7702 7802 2
7712 7812 2
7802 7902 2
7812 7912 2
7902 8002 2
7912 8012 2
8002 8102 2
8012 8112 2
8102 8202 2
8112 8212 2
8202 8302 2
8212 8312 2
8302 8402 2
8312 8412 2
8402 8502 2
8412 8512 2
8502 8602 2
8512 8612 2
8602 8702 2
8612 8712 2
8702 8802 2
8712 8812 2
8802 8902 2
8812 8912 2
8902 9002 2
8912 9012 2
9002 9102 2
9012 9112 2
9102 9202 2
9112 9212 2
9202 9302 2
9212 9312 2
9302 9402 2
9312 9412 2
9402 9502 2
9412 9512 2
9502 9602 2
9512 9612 2
9602 9702 2
9612 9712 2
9702 9802 2
9712 9812 2
9802 9902 2
9812 9912 2
122  22 3
222 122 3
322 222 3
422 322 3
423 422 3
424 423 3
425 424 3
426 425 3
427 426 3
428 427 3
429 428 3
430 429 3
431 430 3
432 431 3
433 432 3
533 433 3
633 533 3
634 633 3
635 634 3
636 635 3
637 636 3
638 637 3
639 638 3
739 639 3
740 739 3
741 740 3
742 741 3
743 742 3
744 743 3
745 744 3
746 745 3
747 746 3
748 747 3
749 748 3
750 749 3
751 750 3
752 751 3
10752 752 3
10753 10752 3
10754 10753 3
10755 10754 3
10756 10755 3
10757 10756 3
10758 10757 3
10759 10758 3
10760 10759 3
10761 10760 3
10762 10761 3
10763 10762 3
10764 10763 3
10765 10764 3
10766 10765 3
10767 10766 3
900 800 3
900 10900 3
10867 10767 3
10868 10867 3
10869 10868 3
10870 10869 3
10871 10870 3
10872 10871 3
10873 10872 3
10874 10873 3
10875 10874 3
10876 10875 3
10877 10876 3
10878 10877 3
10879 10878 3
10880 10879 3
10881 10880 3
10882 10881 3
10883 10882 3
10884 10883 3
10885 10884 3
10886 10885 3
10887 10886 3
10888 10887 3
10889 10888 3
10890 10889 3
10891 10890 3
10892 10891 3
10893 10892 3
10894 10893 3
10895 10894 3
10896 10895 3
10897 10896 3
10898 10897 3
10899 10898 3
1000 900 3
10900 10899 3
1100 1000 3
1200 1100 3
1299 1399 3
1300 1200 3
1300 1299 3
1399 1499 3
1499 1599 3
1599 1699 3
1699 1799 3
1799 1899 3
1899 1999 3
1999 2099 3
2099 2199 3
2199 2299 3
2299 2399 3
2399 2499 3
2499 2599 3
2599 2699 3
2699 2799 3
2799 2899 3
2899 2999 3
2999 3099 3
3099 3199 3
3199 3299 3
3299 3399 3
3399 3499 3
3499 3599 3
3599 3699 3
3699 3799 3
3799 3899 3
3899 3999 3
3999 4099 3
4099 4199 3
4199 4299 3
4299 4399 3
4399 4499 3
4499 4599 3
4599 4699 3
4699 4799 3
4799 14799 3
14799 14899 3
14899 14999 3
14999 15099 3
15099 15199 3
15199 15299 3
15299 15399 3
15399 15499 3
15499 15599 3
15599 15699 3
15699 15799 3
15799 15899 3
15899 15999 3
15999 16099 3
16099 16199 3
16198 16298 3
16199 16198 3
16298 16398 3
16398 16498 3
16498 16598 3
16598 16698 3
16698 16798 3
16798 16898 3
16898 16998 3
7098 7198 3
16998 17098 3
7198 7298 3
17098 7098 3
7298 7398 3
7398 7498 3
7498 7598 3
7598 7698 3
7698 7798 3
7798 7898 3
7898 7998 3
7998 8098 3
8098 8198 3
8198 8298 3
8298 8398 3
8398 8498 3
8498 8598 3
8598 8698 3
8698 8798 3
8798 8898 3
8898 8998 3
8998 9098 3
9098 9198 3
9198 9298 3
9298 9398 3
9398 9498 3
9497 9597 3
9498 9497 3
9596 9696 3
9597 9596 3
9695 9795 3
9696 9695 3
9795 9895 3
9895 9995 3
9992 9991 3
9993 9992 3
9994 9993 3
9995 9994 3
 98  99 4
197 198 4
 99 100 4
198  98 4
297 197 4
397 297 4
497 397 4
597 497 4
697 597 4
797 697 4
897 797 4
997 897 4
1097 997 4
1197 1097 4
1297 1197 4
1397 1297 4
1497 1397 4
1597 1497 4
1697 1597 4
1797 1697 4
1897 1797 4
1997 1897 4
2097 1997 4
2197 2097 4
2297 2197 4
12297 2297 4
12397 12297 4
12497 12397 4
12597 12497 4
12697 12597 4
12797 12697 4
12897 12797 4
12997 12897 4
13097 12997 4
13197 13097 4
13297 13197 4
13397 13297 4
13497 13397 4
13597 13497 4
13697 13597 4
13797 13697 4
13897 13797 4
13997 13897 4
14097 13997 4
14197 14097 4
14297 14197 4
14397 14297 4
14497 14397 4
14597 14497 4
14697 14597 4
14797 14697 4
14897 14797 4
14997 14897 4
15097 14997 4
15197 15097 4
15297 15197 4
15397 15297 4
15497 15397 4
15597 15497 4
15697 15597 4
15797 15697 4
15897 15797 4
15997 15897 4
16097 15997 4
16197 16097 4
16297 16197 4
16397 16297 4
16497 16397 4
16597 16497 4
16697 16597 4
16797 16697 4
16897 16797 4
16997 16897 4
17097 16997 4
17197 17097 4
17297 17197 4
17397 17297 4
17497 17397 4
17597 17497 4
17697 17597 4
17797 17697 4
17897 17797 4
17997 17897 4
18097 17997 4
18197 18097 4
18297 18197 4
18397 18297 4
18497 18397 4
18597 18497 4
18697 18597 4
18797 18697 4
18897 18797 4
18997 18897 4
19097 18997 4
19197 19097 4
19197 19198 4
19198 19199 4
19199 19200 4
19200 9200 4
19297 19197 4
19397 19297 4
19497 19397 4
19593 19594 4
19594 19595 4
19595 19596 4
19596 19597 4
19597 19497 4
19629 19630 4
19630 19631 4
19631 19632 4
19632 19633 4
19633 19634 4
19634 19635 4
19635 19636 4
19636 19637 4
19637 19638 4
19638 19639 4
19639 19640 4
19640 19641 4
19641 19642 4
19642 19643 4
19643 19644 4
19644 19645 4
19645 19646 4
19646 19647 4
19647 19648 4
19648 19649 4
19649 19650 4
19650 19651 4
19651 19652 4
19652 19653 4
19653 19654 4
19654 19655 4
19655 19656 4
19656 19657 4
19657 19658 4
19658 19659 4
19659 19660 4
19660 19661 4
19661 19662 4
19662 19663 4
19663 19664 4
19664 19665 4
19665 19666 4
19666 19667 4
19667 19668 4
19668 19669 4
19669 19670 4
19670 19671 4
19671 19672 4
19672 19673 4
19673 19674 4
19674 19675 4
19675 19676 4
19676 19677 4
19677 19678 4
19678 19679 4
19679 19680 4
19680 19681 4
19681 19682 4
19682 19683 4
19683 19684 4
19684 19685 4
19685 19686 4
19686 19687 4
19687 19688 4
19688 19689 4
19689 19690 4
19690 19691 4
19691 19692 4
19692 19693 4
19693 19593 4
19728 19729 4
19729 19629 4
9926 9925 4
9927 9926 4
9927 9928 4
9928 19928 4
19828 19728 4
19928 19828 4
 91  92 5
 92  93 5
 93  94 5
 94 194 5
194 294 5
294 394 5
394 494 5
494 594 5
594 694 5
694 794 5
794 894 5
894 895 5
895 995 5
995 1095 5
1095 1195 5
1195 1295 5
1295 1296 5
1296 11296 5
11296 11297 5
11297 11397 5
11397 11398 5
11398 11399 5
11399 11400 5
11400 11500 5
1600 1700 5
11500 11600 5
1700 11700 5
11600 1600 5
11700 11800 5
11800 11900 5
11900 12000 5
11998 12098 5
11999 11998 5
12000 11999 5
12096 12196 5
12097 12096 5
12098 12097 5
12196 12296 5
12296 12396 5
12396 12496 5
12496 12596 5
12596 12696 5
12696 12796 5
12796 12896 5
12896 12996 5
12996 13096 5
13096 13196 5
13196 13296 5
13296 13396 5
13396 13496 5
13496 13596 5
13596 13696 5
13696 13796 5
13796 13896 5
13896 13996 5
13996 14096 5
14096 14196 5
14196 14296 5
14296 14396 5
14396 14496 5
14496 14596 5
14596 14696 5
14696 14796 5
14796 14896 5
14896 14996 5
14996 15096 5
15096 15196 5
15196 15296 5
15296 15396 5
15396 15496 5
15496 15596 5
15596 15696 5
15696 15796 5
15796 15896 5
15896 15996 5
15996 16096 5
16096 16196 5
16196 16296 5
6396 6397 5
16296 16396 5
6397 6398 5
6398 6399 5
6399 6400 5
6400 6500 5
16393 16493 5
16394 16393 5
16395 16394 5
16396 6396 5
16396 16395 5
16493 16593 5
16593 16693 5
16693 16793 5
16792 16892 5
16793 16792 5
16892 16992 5
16992 17092 5
17092 17192 5
17192 17292 5
17292 17392 5
17301 7301 5
17302 17301 5
17303 17302 5
17304 17303 5
17305 17304 5
17306 17305 5
17307 17306 5
17308 17307 5
17309 17308 5
17310 17309 5
17311 17310 5
17312 17311 5
17313 17312 5
17314 17313 5
17315 17314 5
17316 17315 5
17317 17316 5
17318 17317 5
17319 17318 5
17320 17319 5
17321 17320 5
17322 17321 5
17323 17322 5
17324 17323 5
17325 17324 5
17326 17325 5
17327 17326 5
17328 17327 5
17329 17328 5
17330 17329 5
17331 17330 5
17332 17331 5
17333 17332 5
17334 17333 5
17335 17334 5
17336 17335 5
17337 17336 5
17338 17337 5
17339 17338 5
17340 17339 5
17341 17340 5
17342 17341 5
17343 17342 5
17344 17343 5
17345 17344 5
17346 17345 5
17347 17346 5
17348 17347 5
17349 17348 5
17350 17349 5
17351 17350 5
17352 17351 5
17353 17352 5
17354 17353 5
17355 17354 5
17356 17355 5
17357 17356 5
17358 17357 5
17359 17358 5
17360 17359 5
17361 17360 5
17362 17361 5
17363 17362 5
17364 17363 5
17365 17364 5
17366 17365 5
17367 17366 5
17368 17367 5
17369 17368 5
17370 17369 5
17371 17370 5
17372 17371 5
17373 17372 5
17374 17373 5
17375 17374 5
17376 17375 5
17377 17376 5
17378 17377 5
17379 17378 5
17380 17379 5
17381 17380 5
17382 17381 5
17383 17382 5
17384 17383 5
17385 17384 5
17386 17385 5
17387 17386 5
17388 17387 5
17389 17388 5
17390 17389 5
17391 17390 5
17392 17391 5
 77  76 6
10077  77 6
10078 10077 6
10079 10078 6
10080 10079 6
10081 10080 6
10082 10081 6
10083 10082 6
10084 10083 6
10085 10084 6
10086 10085 6
10087 10086 6
10088 10087 6
10089 10088 6
10090 10089 6
10091 10090 6
10092 10091 6
10093 10092 6
 95 195 6
 95 10095 6
10094 10093 6
195 295 6
10095 10094 6
295 395 6
395 495 6
495 595 6
595 695 6
695 795 6
795 796 6
796 896 6
896 996 6
996 1096 6
1096 11096 6
11096 11196 6
11195 11295 6
11196 11195 6
11295 11395 6
11395 11495 6
11495 11595 6
11595 11695 6
11695 11795 6
11795 11895 6
11895 11995 6
11995 12095 6
12095 12195 6
12195 12295 6
12295 12395 6
12395 12495 6
12495 12595 6
12595 12695 6
12695 12795 6
12795 12895 6
12895 12995 6
12995 13095 6
13095 13195 6
13195 13295 6
13295 13395 6
13395 13495 6
13495 13595 6
13595 13695 6
13695 13795 6
13795 13895 6
13895 13995 6
13995 14095 6
14095 14195 6
14195 14295 6
14295 14395 6
14395 14495 6
14495 14595 6
14595 14695 6
14695 14795 6
14795 14895 6
14895 14995 6
14995 15095 6
15095 15195 6
15195 15295 6
15295 15395 6
15395 15495 6
15495 15595 6
15595 15695 6
15695 15795 6
15795 15895 6
15895 15995 6
15995 16095 6
16095 16195 6
6295 6395 6
16195 16295 6
6395 6495 6
16295 6295 6
6495 6595 6
6595 6695 6
6695 6696 6
6696 6796 6
6796 6896 6
6896 6897 6
6897 6997 6
6997 6998 6
6998 6999 6
6999 7099 6
7099 7199 6
7199 7299 6
7299 7399 6
7399 7499 6
7499 7599 6
7599 7699 6
7699 7799 6
7799 7899 6
7899 7999 6
7999 8099 6
8099 8199 6
8199 8299 6
8299 8399 6
8399 8499 6
8499 8599 6
8599 8699 6
8699 8799 6
8799 8899 6
8899 8999 6
8999 9099 6
9099 9199 6
9199 9299 6
9299 9300 6
9299 9399 6
9399 9499 6
9499 9599 6
9599 9699 6
9699 9799 6
9799 9899 6
9899 9999 6
189  89 7
288 289 7
289 189 7
388 288 7
486 487 7
487 488 7
488 388 7
586 486 7
686 586 7
786 686 7
886 786 7
986 886 7
10986 986 7
11086 10986 7
11186 11086 7
11286 11186 7
11386 11286 7
11486 11386 7
11586 11486 7
11686 11586 7
11786 11686 7
11886 11786 7
11986 11886 7
12086 11986 7
12186 12086 7
12284 12285 7
12285 12286 7
12286 12186 7
12384 12284 7
12483 12484 7
12484 12384 7
12583 12483 7
12683 12583 7
12783 12683 7
12883 12783 7
12983 12883 7
13083 12983 7
13183 13083 7
13283 13183 7
13383 13283 7
13483 13383 7
13582 13583 7
13583 13483 7
13682 13582 7
13782 13682 7
13882 13782 7
4000 3900 7
13982 13882 7
4100 4000 7
14082 13982 7
4200 4100 7
14182 14082 7
4300 4200 7
14282 14182 7
4400 4300 7
14382 14282 7
4500 4400 7
14482 14382 7
4600 4500 7
14582 14482 7
4700 4600 7
14682 14582 7
4800 4700 7
14782 14682 7
4888 4889 7
4889 4890 7
4890 4891 7
4891 4892 7
4892 4893 7
4893 4894 7
4894 4895 7
4895 4896 7
4896 4897 7
4897 4898 7
4898 4899 7
4899 4900 7
4900 4800 7
14882 14782 7
14885 14886 7
14886 14887 7
14887 14888 7
14888 4888 7
14982 14882 7
14983 14982 7
14983 14984 7
14984 14985 7
14985 14885 7
15083 14983 7
15183 15083 7
15283 15183 7
15383 15283 7
15483 15383 7
15583 15483 7
15683 15583 7
15783 15683 7
15883 15783 7
15983 15883 7
16083 15983 7
16183 16083 7
16283 16183 7
16383 16283 7
16483 16383 7
16583 16483 7
16682 16683 7
16683 16583 7
16782 16682 7
16882 16782 7
16982 16882 7
17082 16982 7
7277 17277 7
17182 17082 7
7377 7277 7
17277 17278 7
17278 17279 7
17279 17280 7
17280 17281 7
17281 17282 7
17282 17182 7
7477 7377 7
7577 7477 7
7676 7677 7
7677 7577 7
7776 7676 7
7876 7776 7
7976 7876 7
8075 8076 7
8076 7976 7
8175 8075 7
8275 8175 7
8375 8275 7
8475 8375 7
8575 8475 7
8675 8575 7
8775 8675 7
8875 8775 7
8975 8875 7
9075 8975 7
9166 9167 7
9167 9168 7
9168 9169 7
9169 9170 7
9170 9171 7
9171 9172 7
9172 9173 7
9173 9174 7
9174 9175 7
9175 9075 7
9266 9166 7
9366 9266 7
9466 9366 7
9566 9466 7
9666 9566 7
9766 9666 7
9821 9921 7
9822 9821 7
9823 9822 7
9824 9823 7
9825 9824 7
9826 9825 7
9827 9826 7
9828 9827 7
9829 9828 7
9830 9829 7
9831 9830 7
9832 9831 7
9833 9832 7
9834 9833 7
9835 9834 7
9836 9835 7
9837 9836 7
9838 9837 7
9839 9838 7
9840 9839 7
9841 9840 7
9842 9841 7
9843 9842 7
9844 9843 7
9845 9844 7
9846 9845 7
9847 9846 7
9848 9847 7
9849 9848 7
9850 9849 7
9851 9850 7
9852 9851 7
9853 9852 7
9854 9853 7
9855 9854 7
9856 9855 7
9857 9856 7
9858 9857 7
9859 9858 7
9866 9766 7
9917 9916 7
9918 9917 7
9919 9918 7
9920 9919 7
9921 9920 7
9959 9859 7
9960 9959 7
9961 9960 7
9962 9961 7
9963 9962 7
9964 9963 7
9965 9964 7
9966 9866 7
9966 9965 7
 24  25 8
 24 124 8
 25  26 8
124 224 8
 26  27 8
 27  28 8
 28  29 8
 29  30 8
 30  31 8
 31  32 8
 32  33 8
 33  34 8
 34  35 8
 35  36 8
 36  37 8
 37  38 8
 38  39 8
 39  40 8
224 324 8
324 10324 8
10324 10424 8
10424 10524 8
10523 10623 8
10524 10523 8
10623 10723 8
10723 10823 8
10823 10923 8
10923 11023 8
11023 11123 8
11123 11223 8
11223 11323 8
11323 11423 8
11423 11523 8
11523 11623 8
11622 11722 8
11623 11622 8
11722 11822 8
11822 11922 8
11922 12022 8
12022 12122 8
12121 12221 8
12122 12121 8
12221 12321 8
12321 12421 8
12421 12521 8
12521 12621 8
12620 12720 8
12621 12620 8
12719 12819 8
12720 12719 8
12819 12919 8
12919 13019 8
13019 13119 8
13118 13218 8
13119 13118 8
13218 13318 8
13318 13418 8
13417 13517 8
13418 13417 8
13515 13615 8
13516 13515 8
13517 13516 8
13610 13710 8
13611 13610 8
13612 13611 8
13613 13612 8
13614 13613 8
13615 13614 8
13707 13807 8
13708 13707 8
13709 13708 8
13710 13709 8
13807 13907 8
13907 14007 8
14005 14105 8
14006 14005 8
14007 14006 8
14105 14205 8
14204 14304 8
14205 14204 8
14304 14404 8
14402 14502 8
14403 14402 8
14404 14403 8
14502 14602 8
14602 14702 8
14702 14802 8
14802 14902 8
14902 15002 8
15002 15102 8
15102 15202 8
15202 15302 8
15302 15402 8
15402 15502 8
15502 15602 8
15602 15702 8
15702 15802 8
15802 15902 8
15902 16002 8
16002 16102 8
16102 16202 8
16201 16301 8
16202 16201 8
16301 16401 8
16401 16501 8
16501 6501 8
 41 141 9
 42  41 9
141 241 9
 43  42 9
 44  43 9
 45  44 9
 46  45 9
 47  46 9
 48  47 9
 49  48 9
 50  49 9
 51  50 9
 52  51 9
 53  52 9
 54  53 9
 55  54 9
 56  55 9
 57  56 9
 58  57 9
 59  58 9
 60  59 9
 61  60 9
 62  61 9
 63  62 9
 64  63 9
 65  64 9
 66  65 9
 67  66 9
 68  67 9
 69  68 9
 70  69 9
 71  70 9
 72  71 9
 73  72 9
 74  73 9
236 10236 9
237 236 9
238 237 9
239 238 9
240 239 9
241 240 9
10222 10322 9
10223 10222 9
10224 10223 9
10225 10224 9
10226 10225 9
10227 10226 9
10228 10227 9
10229 10228 9
10230 10229 9
10231 10230 9
10232 10231 9
10233 10232 9
10234 10233 9
10235 10234 9
10236 10235 9
402 401 9
403 402 9
404 403 9
405 404 9
406 405 9
407 406 9
408 407 9
409 408 9
410 409 9
411 410 9
412 411 9
413 412 9
414 413 9
415 414 9
416 415 9
417 416 9
418 417 9
419 418 9
10321 10421 9
10322 10321 9
10419 419 9
10420 10419 9
10421 10420 9
1102 1101 10
1103 1102 10
1104 1103 10
1105 1104 10
1106 1105 10
1107 1106 10
1108 1107 10
1109 1108 10
1110 1109 10
1111 1110 10
1112 1111 10
1113 1112 10
1114 1113 10
1115 1114 10
1116 1115 10
1117 1116 10
1118 1117 10
1119 1118 10
1120 1119 10
1121 1120 10
1122 1121 10
1123 1122 10
1124 1123 10
11124 1124 10
11125 11124 10
11126 11125 10
11127 11126 10
11128 11127 10
11129 11128 10
11130 11129 10
11131 11130 10
11132 11131 10
11133 11132 10
11134 11133 10
11135 11134 10
11136 11135 10
11137 11136 10
11138 11137 10
11139 11138 10
11140 11139 10
11141 11140 10
11142 11141 10
11143 11142 10
11144 11143 10
11145 11144 10
11146 11145 10
11147 11146 10
11148 11147 10
11149 11148 10
11150 11149 10
11151 11150 10
11152 11151 10
11153 11152 10
11154 11153 10
11155 11154 10
11156 11155 10
11157 11156 10
11158 11157 10
11159 11158 10
11160 11159 10
11161 11160 10
11162 11161 10
11163 11162 10
11164 11163 10
11165 11164 10
11166 11165 10
11167 11166 10
11168 11167 10
11169 11168 10
11170 11169 10
11171 11170 10
11172 11171 10
11173 11172 10
11174 11173 10
11175 11174 10
11176 11175 10
11177 11176 10
11277 11177 10
11278 11277 10
11279 11278 10
11280 11279 10
11281 11280 10
11381 11281 10
11481 11381 10
11581 11481 10
11681 11581 10
11781 11681 10
11881 11781 10
11981 11881 10
12081 11981 10
12181 12081 10
12281 12181 10
12381 12281 10
12481 12381 10
12581 12481 10
12681 12581 10
12781 12681 10
12881 12781 10
12981 12881 10
13081 12981 10
13181 13081 10
13281 13181 10
13381 13281 10
13481 13381 10
13581 13481 10
13681 13581 10
13781 13681 10
13881 13781 10
13981 13881 10
14081 13981 10
14181 14081 10
14281 14181 10
14381 14281 10
14481 14381 10
14581 14481 10
14681 14581 10
14781 14681 10
14881 14781 10
14981 14881 10
15081 14981 10
15082 15081 10
15182 15082 10
15282 15182 10
15382 15282 10
15482 15382 10
15582 15482 10
15682 15582 10
15782 15682 10
15882 15782 10
15982 15882 10
16082 15982 10
6282 16282 10
16182 16082 10
6283 6282 10
6284 6283 10
6285 6284 10
6286 6285 10
6287 6286 10
6288 6287 10
6289 6288 10
6290 6289 10
6291 6290 10
6292 6291 10
6293 6292 10
6294 6293 10
16282 16182 10
6394 6294 10
6494 6394 10
6594 6494 10
6694 6594 10
6794 6694 10
6894 6794 10
6994 6894 10
7094 6994 10
7194 7094 10
7294 7194 10
7394 7294 10
7494 7394 10
7594 7494 10
7694 7594 10
7794 7694 10
7894 7794 10
7994 7894 10
8094 7994 10
8194 8094 10
8294 8194 10
8394 8294 10
8494 8394 10
8594 8494 10
8694 8594 10
8794 8694 10
8894 8794 10
8994 8894 10
9094 8994 10
9194 9094 10
9294 9194 10
9394 9294 10
9494 9394 10
9594 9494 10
9694 9594 10
9700 19700 10
19694 9694 10
19695 19694 10
19696 19695 10
19697 19696 10
19698 19697 10
19699 19698 10
9800 9700 10
19700 19699 10
9900 9800 10
1201 1202 11
1202 1203 11
1203 1303 11
1303 1304 11
1304 1305 11
1305 1306 11
1306 1307 11
1307 1308 11
1308 1309 11
1309 1310 11
1310 1311 11
1311 1312 11
1312 1313 11
1313 1314 11
1314 1315 11
1315 1316 11
1316 1317 11
1317 1318 11
1318 1319 11
1319 1320 11
1320 1321 11
1321 1322 11
1322 1323 11
1323 1324 11
1324 1325 11
1325 1326 11
1326 1327 11
1327 1328 11
1328 1329 11
1329 1330 11
1330 1331 11
1331 1332 11
1332 1333 11
1333 1334 11
1334 1335 11
1335 1336 11
1336 1337 11
1337 1338 11
1338 1339 11
1339 1340 11
1340 1341 11
1341 1342 11
1342 1343 11
1343 1344 11
1344 1345 11
1345 1346 11
1346 1347 11
1347 1348 11
1348 1349 11
1349 1350 11
1350 1351 11
1351 1352 11
1352 1353 11
1353 1354 11
1354 1355 11
1355 1356 11
1356 1357 11
1357 1358 11
1358 1359 11
1359 1360 11
1360 1361 11
1361 1362 11
1362 1363 11
1363 1364 11
1364 1365 11
1365 1366 11
1366 1367 11
1367 1368 11
1368 1369 11
1369 1370 11
1370 1371 11
1371 1372 11
1372 1373 11
1373 1374 11
1374 1375 11
1375 1376 11
1376 1377 11
1377 1378 11
1378 11378 11
1380 1381 11
1381 1382 11
1382 1383 11
1383 1384 11
1384 1385 11
1385 1386 11
1386 1387 11
1387 1388 11
1388 1389 11
1389 1390 11
1390 1391 11
1391 1392 11
1392 1393 11
1393 1394 11
1394 1395 11
1395 1396 11
1396 1496 11
11378 11379 11
11379 11380 11
11380 1380 11
1496 1596 11
1596 1696 11
1696 1796 11
1796 1896 11
1896 1996 11
1996 2096 11
2096 2196 11
2196 2296 11
2296 2396 11
2396 2397 11
2397 2398 11
2398 12398 11
12398 12399 11
12399 12400 11
12400 2400 11
