# Cost: 1166

# Tail Head Net
 66  67 1
156  66 1
246 156 1
335 336 1
336 246 1
422 423 1
423 424 1
424 425 1
425 335 1
512 422 1
597 598 1
598 599 1
599 600 1
600 601 1
601 602 1
602 512 1
687 597 1
777 687 1
867 777 1
957 867 1
1047 957 1
1137 1047 1
1227 1137 1
1317 1227 1
1407 1317 1
1497 1407 1
1572 1573 1
1573 1574 1
1574 1575 1
1575 1576 1
1576 1577 1
1577 1578 1
1578 1579 1
1579 1580 1
1580 1581 1
1581 1582 1
1582 1583 1
1583 1584 1
1584 1585 1
1585 1586 1
1586 1587 1
1587 1497 1
1587 1677 1
1654 1655 1
1655 1656 1
1656 1657 1
1657 1658 1
1658 1659 1
1659 1660 1
1660 1661 1
1661 1662 1
1662 1572 1
1677 9777 1
1744 1654 1
9777 9867 1
1825 1826 1
1826 1827 1
1827 1828 1
1828 1829 1
1829 1830 1
1830 1831 1
1831 1832 1
1832 1833 1
1833 1834 1
1834 1744 1
9867 9957 1
1901 1902 1
1902 1903 1
1903 1904 1
1904 1905 1
1905 1906 1
1906 1907 1
1907 1908 1
1908 1909 1
1909 1910 1
1910 1911 1
1911 1912 1
1912 1913 1
1913 1914 1
1914 1915 1
1915 1825 1
9957 10047 1
1991 1901 1
10047 10137 1
2071 1981 1
2071 2072 1
2071 2161 1
2072 2073 1
2073 2074 1
2074 2075 1
2075 2076 1
2076 2077 1
2077 2078 1
2078 2079 1
2079 2080 1
2080 2081 1
2081 1991 1
10137 10227 1
2161 2251 1
10227 10317 1
2251 2341 1
10317 10407 1
2341 2431 1
10407 10497 1
2431 2521 1
10497 10587 1
2521 2611 1
10587 10677 1
2611 2701 1
10677 10767 1
2701 2791 1
10767 10857 1
2791 2881 1
10857 10947 1
10947 11037 1
11037 11127 1
11127 11217 1
11217 11307 1
11307 11397 1
11397 11398 1
11398 11488 1
11488 11578 1
11578 11668 1
11668 11758 1
11758 11848 1
11848 11938 1
11938 12028 1
12028 12118 1
12118 12208 1
12208 12298 1
12298 12388 1
12388 12478 1
12478 12568 1
12568 12658 1
12658 12748 1
12748 12838 1
12838 12928 1
12928 13018 1
13018 13108 1
13108 13198 1
13198 13288 1
13288 13378 1
13378 13468 1
13468 13558 1
13558 13648 1
13648 13738 1
13738 13828 1
13828 13918 1
13918 14008 1
14008 14098 1
14098 14099 1
14099 14189 1
14189 14279 1
14279 14369 1
14369 14459 1
14459 14460 1
14460 14550 1
14550 14640 1
14640 14730 1
14730 14820 1
14820 14910 1
14910 15000 1
15000 15090 1
15090 15180 1
7170 7171 1
15180 15270 1
7171 7261 1
15270 7170 1
7261 7351 1
7351 7441 1
7441 7531 1
7531 7621 1
7621 7711 1
7711 7801 1
7801 7802 1
7802 7892 1
7892 7982 1
7982 7983 1
7983 7984 1
7984 8074 1
8103   3 2
 36  35 2
8136  36 2
8137 8136 2
8193 8103 2
8194 8193 2
8195 8194 2
8196 8195 2
8197 8196 2
8198 8197 2
8199 8198 2
8200 8199 2
8201 8200 2
8202 8201 2
8203 8202 2
8204 8203 2
8205 8204 2
8227 8137 2
8228 8227 2
8295 8205 2
8296 8295 2
8297 8296 2
8298 8297 2
8299 8298 2
8300 8299 2
8301 8300 2
8302 8301 2
8303 8302 2
8304 8303 2
8305 8304 2
8306 8305 2
8307 8306 2
8308 8307 2
8309 8308 2
8310 8309 2
8318 8228 2
8400 8310 2
8401 8400 2
8402 8401 2
8403 8402 2
8404 8403 2
8405 8404 2
8406 8405 2
8407 8406 2
8408 8318 2
8408 8407 2
8498 8408 2
8499 8498 2
8500 8499 2
8501 8500 2
8502 8501 2
8503 8502 2
8504 8503 2
8505 8504 2
8506 8505 2
8596 8506 2
8597 8596 2
8598 8597 2
8599 8598 2
8600 8599 2
8601 8600 2
8602 8601 2
8692 8602 2
8693 8692 2
8694 8693 2
8695 8694 2
8696 8695 2
8786 8696 2
8787 8786 2
778 8878 2
8877 8787 2
868 778 2
8878 8877 2
958 868 2
1048 958 2
1138 1048 2
1228 1138 2
1318 1228 2
1408 1318 2
1498 1408 2
1499 1498 2
1589 1499 2
1679 1589 2
1769 1679 2
1770 1769 2
1771 1770 2
1772 1771 2
1773 1772 2
1774 1773 2
1775 1774 2
1776 1775 2
1777 1776 2
1867 1777 2
1957 1867 2
2047 1957 2
2048 2047 2
2138 2048 2
2228 2138 2
2318 2228 2
2408 2318 2
2498 2408 2
2588 2498 2
2678 2588 2
2679 2678 2
2680 2679 2
2770 2680 2
2771 2770 2
2772 2771 2
2862 2772 2
2863 2862 2
2953 2863 2
2954 2953 2
2955 2954 2
3045 2955 2
3135 3045 2
3225 3135 2
3315 3225 2
3316 3315 2
3406 3316 2
3496 3406 2
3497 3496 2
3498 3497 2
3499 3498 2
3500 3499 2
3501 3500 2
3502 3501 2
3503 3502 2
3593 3503 2
3683 3593 2
3773 3683 2
3863 3773 2
3864 3863 2
3865 3864 2
3866 3865 2
3867 3866 2
3868 3867 2
3958 3868 2
4048 3958 2
4138 4048 2
4228 4138 2
4318 4228 2
4319 4318 2
4409 4319 2
4499 4409 2
4579 4669 2
4580 4579 2
4581 4580 2
4582 4581 2
4583 4582 2
4584 4583 2
4585 4584 2
4586 4585 2
4587 4586 2
4588 4587 2
4589 4499 2
4589 4588 2
4590 4589 2
4669 4759 2
4759 4849 2
4849 4939 2
4939 5029 2
5029 5119 2
5119 5209 2
5209 5299 2
5299 5389 2
5389 5479 2
5479 5569 2
5569 5659 2
5659 5749 2
5749 5839 2
5839 5929 2
5929 6019 2
6019 6109 2
6109 6199 2
6199 6289 2
6289 6379 2
6379 6469 2
6469 6559 2
6559 6649 2
6649 6739 2
6739 6829 2
6829 6919 2
6919 7009 2
7009 7099 2
7099 7189 2
7189 7279 2
7279 7369 2
7369 7459 2
7459 7549 2
7549 7639 2
7639 7729 2
7729 7819 2
7819 7909 2
7909 7999 2
7999 8089 2
8061 8060 2
8062 8061 2
8063 8062 2
8064 8063 2
8065 8064 2
8066 8065 2
8067 8066 2
8068 8067 2
8069 8068 2
8070 8069 2
8071 8070 2
8072 8071 2
8073 8072 2
8089 16189 2
16173 8073 2
16174 16173 2
16175 16174 2
16176 16175 2
16177 16176 2
16178 16177 2
16179 16178 2
16180 16179 2
16181 16180 2
16182 16181 2
16183 16182 2
16184 16183 2
16185 16184 2
16186 16185 2
16187 16186 2
16188 16187 2
16189 16188 2
 47  46 3
 48  47 3
 49  48 3
 50  49 3
 51  50 3
 52  51 3
 53  52 3
 54  53 3
 55  54 3
 56  55 3
 57  56 3
 58  57 3
 59  58 3
 60  59 3
 61  60 3
 62  61 3
 63  62 3
8163  63 3
8164 8163 3
8165 8164 3
8166 8165 3
8167 8166 3
8168 8167 3
8169 8168 3
8170 8169 3
8171 8170 3
8172 8171 3
8173 8172 3
8174 8173 3
8175 8174 3
8176 8175 3
8177 8176 3
8178 8177 3
 80 8180 3
8179 8178 3
 81  80 3
8180 8179 3
8181  81 3
8182 8181 3
8183 8182 3
8184 8183 3
8185 8184 3
8186 8185 3
8187 8186 3
8188 8187 3
8189 8188 3
8279 8189 3
8369 8279 3
8459 8369 3
8549 8459 3
8639 8549 3
8729 8639 3
8819 8729 3
8909 8819 3
8999 8909 3
9000 8999 3
9090 9000 3
9180 9090 3
9270 9180 3
9360 9270 3
9450 9360 3
9540 9450 3
9630 9540 3
9720 9630 3
9810 9720 3
9900 9810 3
9990 1890 3
9990 9900 3
10080 9990 3
10170 10080 3
10260 10170 3
10350 10260 3
10440 10350 3
10530 10440 3
10620 10530 3
10710 10620 3
10800 10710 3
10890 10800 3
10980 10890 3
11070 10980 3
11160 11070 3
11250 11160 3
11340 11250 3
11430 11340 3
11520 11430 3
11610 11520 3
11700 11610 3
11790 11700 3
11880 11790 3
11970 11880 3
12060 11970 3
12150 12060 3
12240 12150 3
12330 12240 3
12420 12330 3
12510 12420 3
12600 12510 3
12690 12600 3
12780 12690 3
12870 12780 3
12960 12870 3
13050 12960 3
13140 13050 3
13230 13140 3
13320 13230 3
13410 13320 3
13500 13410 3
13590 13500 3
13680 13590 3
13770 13680 3
13860 13770 3
5940 14040 3
13950 13860 3
6030 5940 3
14040 13950 3
6120 6030 3
6210 6120 3
6300 6210 3
6390 6300 3
6480 6390 3
6570 6480 3
6660 6570 3
6750 6660 3
6840 6750 3
6930 6840 3
7020 6930 3
7110 7020 3
7200 7110 3
7290 7200 3
7380 7290 3
7470 7380 3
7560 7470 3
7650 7560 3
7740 7650 3
7830 7740 3
7920 7830 3
  4  94 4
 93 183 4
  5   4 4
 94  93 4
  6   5 4
  7   6 4
  8   7 4
  9   8 4
 10   9 4
 11  10 4
 12  11 4
 13  12 4
 14  13 4
 15  14 4
 16  15 4
 17  16 4
 18  17 4
 19  18 4
 20  19 4
 21  20 4
 22  21 4
 23  22 4
 24  23 4
 25  24 4
 26  25 4
 27  26 4
 28  27 4
 29  28 4
 30  29 4
183 273 4
273 363 4
363 453 4
453 543 4
541 631 4
542 541 4
543 542 4
631 721 4
721 811 4
811 901 4
901 991 4
991 1081 4
1081 1171 4
1171 1261 4
1261 1351 4
1351 1441 4
1441 1531 4
1531 1621 4
1621 1711 4
1711 9811 4
9811 17911 4
3691 3781 4
3781 3871 4
11791 3691 4
3871 3961 4
3961 4051 4
4051 4141 4
4141 4231 4
4231 4321 4
4321 4411 4
4411 4501 4
4501 4591 4
4591 4681 4
4681 4771 4
4771 4861 4
4861 4951 4
4951 5041 4
5041 5131 4
5131 5221 4
5221 5311 4
17911 18001 4
18001 18091 4
18091 18181 4
18181 18271 4
18271 18361 4
18361 18451 4
18451 18541 4
18541 18631 4
18631 18721 4
18721 18811 4
18811 18901 4
18901 18991 4
18991 19081 4
19081 19171 4
19171 19261 4
19261 19351 4
19351 19441 4
19441 19531 4
19531 19621 4
19621 19711 4
19711 19801 4
19801 19891 4
19891 11791 4
169  79 5
170 169 5
171 170 5
172 171 5
173 172 5
174 173 5
175 174 5
176 175 5
177 176 5
178 177 5
179 178 5
269 179 5
359 269 5
449 359 5
539 449 5
540 539 5
1439 1529 6
1440 1439 6
1529 1619 6
1619 1709 6
1709 1799 6
1799 1889 6
1889 1979 6
1979 2069 6
2069 2159 6
2159 2249 6
2249 2339 6
2339 2429 6
2429 2519 6
2519 2609 6
2609 2699 6
2699 2789 6
2789 2879 6
2879 2969 6
2969 3059 6
3059 3149 6
3149 3239 6
3239 3329 6
3329 3419 6
3419 3509 6
3509 3599 6
3599 3689 6
3689 3779 6
3779 3869 6
3869 3959 6
3959 4049 6
4049 4139 6
4139 4229 6
4229 12329 6
12329 12419 6
12419 12509 6
12509 12599 6
12599 12689 6
4679 4769 6
12689 12779 6
4769 4859 6
12779 4679 6
4858 4948 6
4859 4858 6
4947 5037 6
4948 4947 6
5037 5127 6
5127 5217 6
5217 5307 6
5307 5397 6
5397 5487 6
5487 5577 6
5577 5667 6
5667 5757 6
5757 5847 6
5847 5937 6
5937 6027 6
6027 6117 6
6117 6207 6
6207 6297 6
6297 6387 6
6387 6477 6
6477 6567 6
6566 6656 6
6567 6566 6
6655 6745 6
6656 6655 6
6744 6834 6
6745 6744 6
6833 6923 6
6834 6833 6
6923 7013 6
7013 7103 6
7103 7193 6
7193 7283 6
7283 7373 6
7373 7463 6
7463 7553 6
7553 7643 6
7643 7733 6
7733 7823 6
7823 7913 6
7913 8003 6
8003 8093 6
8092 8091 6
8093 8092 6
 89  90 7
 90 8190 7
8190 16290 7
15039 15129 7
15040 15039 7
7117 7207 7
7118 7117 7
7119 7118 7
15129 15219 7
7205 7295 7
7206 7205 7
7207 7206 7
15219 7119 7
7292 7291 7
7293 7292 7
7294 7293 7
7295 7294 7
16290 16380 7
16380 16470 7
16469 16559 7
16470 16469 7
16559 16649 7
16648 16738 7
16649 16648 7
16737 16827 7
16738 16737 7
16825 16915 7
16826 16825 7
16827 16826 7
16915 17005 7
17001 17091 7
17002 17001 7
17003 17002 7
17004 17003 7
17005 17004 7
17090 17180 7
17091 17090 7
17178 17268 7
17179 17178 7
17180 17179 7
17267 17357 7
17268 17267 7
17356 17446 7
17357 17356 7
17445 17535 7
17446 17445 7
17534 17624 7
17535 17534 7
17624 17714 7
17711 17801 7
17712 17711 7
17713 17712 7
17714 17713 7
17801 17891 7
17889 17979 7
17890 17889 7
17891 17890 7
17978 18068 7
17979 17978 7
18068 18158 7
18156 18246 7
18157 18156 7
18158 18157 7
18243 18333 7
18244 18243 7
18245 18244 7
18246 18245 7
18333 18423 7
18417 18507 7
18418 18417 7
18419 18418 7
18420 18419 7
18421 18420 7
18422 18421 7
18423 18422 7
18504 18594 7
18505 18504 7
18506 18505 7
18507 18506 7
18594 18684 7
18682 18772 7
18683 18682 7
18684 18683 7
18772 18862 7
18861 18951 7
18862 18861 7
18950 19040 7
18951 18950 7
19039 19129 7
19040 19039 7
19129 19219 7
19217 19307 7
19218 19217 7
19219 19218 7
19306 19396 7
19307 19306 7
19395 19485 7
19396 19395 7
19480 19570 7
19481 19480 7
19482 19481 7
19483 19482 7
19484 19483 7
19485 19484 7
19570 19660 7
19660 19750 7
19750 19840 7
19840 19930 7
19925 20015 7
19926 19925 7
19927 19926 7
19928 19927 7
19929 19928 7
19930 19929 7
20013 20103 7
20014 20013 7
20015 20014 7
20103 20193 7
20193 20283 7
20283 20373 7
20373 20463 7
20460 20550 7
20461 20460 7
20462 20461 7
20463 20462 7
20550 20640 7
20640 20730 7
20730 20820 7
20820 20910 7
20909 20999 7
20910 20909 7
20998 21088 7
20999 20998 7
21087 21177 7
21088 21087 7
21176 21266 7
21177 21176 7
21266 21356 7
21355 21445 7
21356 21355 7
21445 21535 7
21534 21624 7
21535 21534 7
21624 21714 7
21714 21804 7
21802 21892 7
21803 21802 7
21804 21803 7
21891 21981 7
21892 21891 7
21980 22070 7
21981 21980 7
22070 22160 7
22160 22250 7
22250 22340 7
22340 22430 7
22429 22519 7
22430 22429 7
22519 22609 7
22607 22697 7
22608 22607 7
22609 22608 7
22696 22786 7
22697 22696 7
22785 22875 7
22786 22785 7
22874 22964 7
22875 22874 7
22963 23053 7
22964 22963 7
23052 23142 7
23053 23052 7
23140 15040 7
23141 23140 7
23142 23141 7
3241 3151 8
3331 3241 8
3421 3331 8
3511 3421 8
3512 3511 8
3602 3512 8
3692 3602 8
3782 3692 8
3872 3782 8
3962 3872 8
4052 3962 8
4142 4052 8
4232 4142 8
4322 4232 8
4412 4322 8
4502 4412 8
4592 4502 8
4682 4592 8
4772 4682 8
4862 4772 8
4952 4862 8
5042 4952 8
5132 5042 8
5222 5132 8
5312 5222 8
5402 5312 8
5492 5402 8
5582 5492 8
5672 5582 8
5762 5672 8
5851 5852 8
5852 5762 8
5941 5851 8
6031 5941 8
6121 6031 8
6211 6121 8
6301 6211 8
121  31 9
211 121 9
301 211 9
391 301 9
481 391 9
571 481 9
661 571 9
751 661 9
841 751 9
931 841 9
1021 931 9
1111 1021 9
1201 1111 9
1291 1201 9
1381 1291 9
1471 1381 9
1561 1471 9
1651 1561 9
1734 1735 9
1735 1736 9
1736 1737 9
1737 1738 9
1738 1739 9
1739 1740 9
1740 1741 9
1741 1651 9
1810 1811 9
1811 1812 9
1812 1813 9
1813 1814 9
1814 1815 9
1815 1816 9
1816 1817 9
1817 1818 9
1818 1819 9
1819 1820 9
1820 1821 9
1821 1822 9
1822 1823 9
1823 1824 9
1824 1734 9
1900 1810 9
1990 1900 9
10090 1990 9
10173 10174 9
10174 10175 9
10175 10176 9
10176 10177 9
10177 10178 9
10178 10179 9
10179 10180 9
10180 10090 9
10263 10173 9
10353 10263 9
10443 10353 9
10533 10443 9
10623 10533 9
10713 10623 9
10803 10713 9
10893 10803 9
10983 10893 9
11073 10983 9
11163 11073 9
11253 11163 9
11343 11253 9
11433 11343 9
11523 11433 9
11613 11523 9
11703 11613 9
11793 11703 9
11883 11793 9
11972 11973 9
11973 11883 9
12062 11972 9
12152 12062 9
12242 12152 9
12332 12242 9
12422 12332 9
12512 12422 9
12602 12512 9
12692 12602 9
12782 12692 9
12872 12782 9
12962 12872 9
13052 12962 9
13142 13052 9
13232 13142 9
13322 13232 9
13412 13322 9
13502 13412 9
13592 13502 9
13682 13592 9
13772 13682 9
13862 13772 9
13952 13862 9
14042 13952 9
14132 14042 9
14222 14132 9
14312 14222 9
14402 14312 9
14492 14402 9
14582 14492 9
14672 14582 9
14762 14672 9
14852 14762 9
14942 14852 9
15032 14942 9
15122 15032 9
15212 15122 9
15302 15212 9
15392 15302 9
15482 15392 9
7561 15661 9
15572 15482 9
15661 15662 9
15662 15572 9
8025 8026 10
8026 8027 10
8027 8028 10
8028 8029 10
8029 8030 10
8030 8031 10
8031 8032 10
8032 8033 10
8033 8034 10
8034 8035 10
8035 8036 10
8036 8037 10
8037 8038 10
271 361 11
361 451 11
451 8551 11
8551 8641 11
8641 8731 11
8731 8821 11
8821 8911 11
8911 9001 11
9001 9091 11
9091 9181 11
9181 9271 11
9271 9361 11
9361 9451 11
9451 9541 11
9541 9631 11
9631 9721 11
9721 17821 11
7651 7741 11
7741 7831 11
15751 7651 11
17821 25921 11
23851 15751 11
25921 26011 11
26011 26101 11
26101 26191 11
26191 26281 11
26281 26371 11
26371 26461 11
26461 26551 11
26551 26641 11
26641 26731 11
26731 26821 11
26821 26911 11
26911 27001 11
27001 27091 11
27091 27181 11
27181 27271 11
27271 27361 11
27361 27451 11
27451 27541 11
27541 27631 11
27631 27721 11
27721 27811 11
27811 27901 11
27901 27991 11
27991 28081 11
28081 28171 11
28171 28261 11
28261 28351 11
28351 28441 11
28441 28531 11
28531 28621 11
28621 28711 11
28711 28801 11
28801 28891 11
28891 28981 11
28981 29071 11
29071 29161 11
29161 29251 11
29251 29341 11
29341 29431 11
29431 29521 11
29521 29611 11
29611 29701 11
29701 29791 11
29791 29881 11
29881 29971 11
29971 30061 11
30061 30151 11
30151 30241 11
30241 30331 11
30331 30421 11
30421 30511 11
30511 30601 11
30601 30691 11
30691 30781 11
30781 30871 11
30871 30961 11
30961 31051 11
31051 31141 11
31141 31231 11
31231 31321 11
31321 31411 11
31411 31501 11
31501 31591 11
31591 31681 11
31681 31771 11
31771 31861 11
31861 31951 11
31951 23851 11
