# Cost: 1479

# Tail Head Net
 33  34 1
 33  93 1
 34  35 1
 93 153 1
 35  36 1
 36  37 1
 37  38 1
 38  39 1
 39  40 1
 40  41 1
 41  42 1
 42  43 1
 43  44 1
 44  45 1
 45  46 1
 46  47 1
 47  48 1
 48  49 1
 49  50 1
 50  51 1
 51  52 1
 52  53 1
 53  54 1
153 213 1
213 273 1
273 333 1
333 393 1
393 453 1
453 513 1
513 573 1
573 633 1
633 693 1
693 753 1
753 813 1
813 873 1
873 933 1
933 993 1
993 1053 1
1053 1113 1
1113 1173 1
1173 1233 1
1233 1293 1
1293 1353 1
1353 1413 1
1413 1473 1
1473 1533 1
1533 1593 1
1593 1653 1
1653 1713 1
1713 1773 1
1773 1833 1
1833 1893 1
1893 1953 1
1953 2013 1
2013 2073 1
2073 2133 1
2133 2193 1
2193 2253 1
2253 2254 1
2253 2313 1
2254 2255 1
2255 2256 1
2256 2257 1
2257 2258 1
2258 2259 1
2259 2260 1
2260 2261 1
2261 2262 1
2262 2263 1
2263 2264 1
2264 2265 1
2265 2266 1
2266 2267 1
2267 2268 1
2268 2269 1
2269 2270 1
2270 2271 1
2271 2272 1
2272 2273 1
2273 2274 1
2274 2275 1
2275 2276 1
2276 2277 1
2277 2278 1
2278 2279 1
2279 2280 1
2280 2340 1
2313 2373 1
2373 2433 1
2433 2493 1
2493 2553 1
2553 2613 1
2613 2673 1
2673 2733 1
2733 2793 1
2793 2853 1
2853 2913 1
2913 2973 1
2973 3033 1
3033 3093 1
3093 3153 1
3153 3213 1
3213 3273 1
3273 3333 1
3333 3334 1
3333 3393 1
3334 3394 1
3393 3453 1
3394 3454 1
3453 3513 1
3454 3514 1
3512 3572 1
3513 3512 1
3514 3515 1
3515 3516 1
3516 3517 1
3517 3518 1
3518 3519 1
3519 3520 1
3520 3521 1
3521 3522 1
3522 3523 1
3523 3524 1
3524 3525 1
3525 3526 1
3526 3527 1
3527 3528 1
3528 3529 1
3529 3530 1
3530 3531 1
3531 3532 1
3532 3533 1
3533 3534 1
3534 3535 1
3535 3536 1
3536 3537 1
3537 3538 1
3538 3598 1
3565 3564 1
3566 3565 1
3567 3566 1
3568 3567 1
3569 3568 1
3570 3569 1
3571 3570 1
3572 3571 1
 23  83 2
 83 143 2
143 203 2
203 263 2
263 323 2
322 382 2
323 322 2
323 383 2
380 440 2
381 380 2
382 381 2
383 384 2
384 444 2
440 500 2
444 445 2
445 446 2
446 4046 2
500 560 2
4046 4106 2
559 619 2
560 559 2
4106 7706 2
619 679 2
679 739 2
739 799 2
799 859 2
856 916 2
857 856 2
858 857 2
859 858 2
916 976 2
960 900 2
975 1035 2
976 975 2
4559 4560 2
4560 960 2
1035 1095 2
1095 1155 2
1155 1215 2
1213 1273 2
1214 1213 2
1215 1214 2
1262 1261 2
1273 1333 2
1322 1262 2
1322 1382 2
1323 1322 2
1324 1323 2
1325 1324 2
1326 1325 2
1327 1326 2
1328 1327 2
1329 1328 2
1330 1329 2
1331 1330 2
1332 1331 2
1333 1332 2
1382 4982 2
4982 5042 2
5042 5102 2
5102 5162 2
5162 5222 2
5222 5282 2
5282 5342 2
5342 5402 2
5402 5462 2
5462 5522 2
5522 5582 2
5582 5642 2
5642 5702 2
5702 5762 2
2221 2281 2
5762 5822 2
5821 2221 2
5822 5821 2
6900 3300 2
7706 7766 2
7766 7826 2
7826 7886 2
7886 7946 2
7946 7947 2
7947 7948 2
7948 7949 2
7949 7950 2
7950 7951 2
7951 7952 2
7952 7953 2
7953 7954 2
7954 7955 2
7955 7956 2
7956 7957 2
7957 7958 2
7958 7959 2
7959 7960 2
7960 7961 2
7961 7962 2
7962 7963 2
7963 7964 2
7964 7965 2
7965 7966 2
7966 7967 2
7967 8027 2
8027 8028 2
8028 8029 2
8029 8089 2
8089 8090 2
8090 8091 2
8091 8092 2
8092 8152 2
8152 8153 2
8153 8154 2
8154 8155 2
8155 8156 2
8156 8157 2
8157 8158 2
8158 8159 2
8159 4559 2
8159 8219 2
8219 8279 2
8279 8339 2
8339 8399 2
8399 8459 2
8459 8519 2
8519 8579 2
8579 8639 2
8639 8699 2
8699 8759 2
8759 8819 2
8819 8879 2
8879 8939 2
8939 8999 2
8999 9059 2
9059 9119 2
9119 9179 2
9179 9239 2
9239 9299 2
9299 9359 2
9359 9419 2
9419 9479 2
9479 9539 2
9539 9599 2
9599 9659 2
9659 9719 2
9719 9779 2
9779 9839 2
9839 9899 2
9899 9959 2
9959 10019 2
10019 10079 2
10079 10139 2
10139 10199 2
10199 10200 2
10200 10260 2
10260 10320 2
10320 10380 2
10380 10440 2
10440 10500 2
10500 6900 2
4141 541 3
1860 5460 3
5460 5520 3
5520 5580 3
5580 5640 3
5640 5700 3
5700 5760 3
5760 5820 3
5820 5880 3
5880 5940 3
5940 6000 3
6000 6060 3
6060 6120 3
6120 6180 3
6180 6240 3
6187 9787 3
6240 6300 3
6247 6187 3
6248 6247 3
6249 6248 3
2758 2818 3
6300 6360 3
6309 6249 3
2818 2878 3
6358 2758 3
6359 6358 3
6360 6359 3
6369 6309 3
2877 2937 3
2878 2877 3
6429 6369 3
2937 2997 3
6489 6429 3
2997 3057 3
6549 6489 3
6549 6609 3
6550 6549 3
6551 6550 3
3053 3113 3
3054 3053 3
3055 3054 3
3056 3055 3
3057 3056 3
3057 3058 3
3058 3059 3
3059 3060 3
6608 6668 3
6609 6608 3
6611 6551 3
3113 6713 3
6668 6728 3
6671 6611 3
6713 6773 3
6728 6788 3
6731 6671 3
6732 6731 3
6733 6732 3
6734 6733 3
6735 6734 3
6736 6735 3
6737 6736 3
6738 6737 3
6739 6738 3
6740 6739 3
6741 6740 3
6742 6741 3
6743 6742 3
6771 6831 3
6772 6771 3
6773 6772 3
6788 6848 3
6803 6743 3
6831 6891 3
6848 6908 3
6863 6803 3
6874 6934 3
6875 6874 3
6876 6875 3
6877 6876 3
6878 6877 3
6879 6878 3
6880 6879 3
6881 6880 3
6882 6881 3
6883 6882 3
6884 6883 3
6885 6884 3
6886 6885 3
6887 6886 3
6888 6887 3
6889 6888 3
6890 6889 3
6891 6890 3
6908 6968 3
3383 3443 3
6923 6863 3
6932 6992 3
6933 6932 3
6934 6933 3
6967 7027 3
6968 6967 3
3443 3503 3
6983 3383 3
6983 6923 3
6984 6983 3
6985 6984 3
6986 6985 3
6987 6986 3
6988 6987 3
6989 6988 3
6990 6989 3
6991 6990 3
6992 6991 3
7027 7087 3
3503 3563 3
7087 7147 3
7146 3546 3
7147 7146 3
7741 4141 3
7801 7741 3
7861 7801 3
7921 7861 3
7981 7921 3
8041 7981 3
8101 8041 3
8161 8101 3
8221 8161 3
8281 8221 3
8341 8281 3
8401 8341 3
8461 8401 3
8521 8461 3
8581 8521 3
8641 8581 3
8701 8641 3
8761 8701 3
8821 8761 3
8881 8821 3
8941 8881 3
9001 8941 3
9061 9001 3
9121 9061 3
9122 9121 3
9182 9122 3
9242 9182 3
9302 9242 3
9362 9302 3
9363 9362 3
9423 9363 3
9483 9423 3
9484 9483 3
9544 9484 3
9604 9544 3
9605 9604 3
9665 9605 3
9725 9665 3
9785 9725 3
9786 9785 3
9787 9786 3
4366 4367 4
4367 4368 4
4368 4369 4
4369 4370 4
4370 4371 4
4371 4372 4
4372 4373 4
4373 4374 4
4374 4375 4
4375 4376 4
4376 4377 4
4377 4378 4
4378 4379 4
4379 4380 4
4380 4440 4
4382 4383 4
4383 4384 4
4384 4385 4
4385 4386 4
4386 4387 4
4387 4388 4
4388 4389 4
4389 4390 4
4390 4391 4
4391 4392 4
4392 4393 4
4393 4394 4
4394 4395 4
4395 4396 4
4396 4397 4
4397 4398 4
4398 4399 4
4399 4400 4
4400 4401 4
4401 4402 4
4402 4403 4
4403 4404 4
4404 4405 4
4405 4406 4
4406 4407 4
4407 4408 4
4408 4409 4
4409 4410 4
4410 4411 4
4411 4412 4
4412 4413 4
4413 4414 4
4414 4415 4
4415 4416 4
4416 4417 4
4417 4418 4
4418 4419 4
4419 4420 4
4420 4421 4
4421 4422 4
4422 4423 4
4423 4424 4
4424 4425 4
4425 4426 4
4426 4366 4
4440 840 4
4441 4442 4
4442 4382 4
4501 901 4
4501 4441 4
4561 4501 4
4621 4561 4
4681 4621 4
4741 4681 4
4801 4741 4
4861 4801 4
4921 4861 4
4981 4921 4
5041 4981 4
1561 5161 4
5101 5041 4
1562 1561 4
5161 5101 4
1622 1562 4
1682 1622 4
1742 1682 4
1802 1742 4
1862 1802 4
1922 1862 4
1982 1922 4
2042 1982 4
2102 2042 4
2162 2102 4
2222 2162 4
2282 2222 4
2342 2282 4
2401 2402 4
2402 2342 4
2461 2401 4
2521 2461 4
2581 2521 4
2641 2581 4
2701 2641 4
2761 2701 4
2821 2761 4
2881 2821 4
2941 2881 4
3001 2941 4
 63   3 5
 79  19 5
123  63 5
124 123 5
3679  79 5
184 124 5
3739 3679 5
244 184 5
3799 3739 5
304 244 5
3859 3799 5
364 304 5
3919 3859 5
421 361 5
422 421 5
423 422 5
424 364 5
424 423 5
3979 3919 5
484 424 5
485 484 5
486 485 5
4039 3979 5
546 486 5
547 546 5
4099 4039 5
4100 4099 5
607 547 5
4160 4100 5
4161 4160 5
667 607 5
4221 4161 5
727 667 5
4281 4221 5
787 727 5
4341 4281 5
847 787 5
4447 847 5
4448 4447 5
4521 8121 5
4581 4521 5
4641 4581 5
4701 4641 5
4761 4701 5
4821 4761 5
4881 4821 5
4941 4881 5
4942 4941 5
5002 4942 5
5062 5002 5
5122 5062 5
5182 5122 5
5242 5182 5
5243 5242 5
5303 5243 5
5363 5303 5
5423 5363 5
5483 5423 5
5543 5483 5
5603 5543 5
5663 5603 5
5664 5663 5
5724 5664 5
5725 5724 5
5785 5725 5
5845 5785 5
5846 5845 5
5906 5846 5
5966 5906 5
6026 5966 5
6086 6026 5
6146 6086 5
6206 6146 5
6207 6206 5
6208 6207 5
6268 6208 5
6328 6268 5
6329 6328 5
6389 6329 5
6449 6389 5
6450 6449 5
6451 6450 5
6511 6451 5
6512 6511 5
6572 6512 5
6632 6572 5
6692 6632 5
6693 6692 5
6753 6693 5
3218 6818 5
3219 3218 5
3220 3219 5
3221 3220 5
3222 3221 5
3223 3222 5
3224 3223 5
3225 3224 5
3226 3225 5
3227 3226 5
3228 3227 5
3229 3228 5
3230 3229 5
3231 3230 5
6813 6753 5
6814 6813 5
6815 6814 5
6816 6815 5
6817 6816 5
6818 6817 5
3291 3231 5
3292 3291 5
3293 3292 5
3353 3293 5
3354 3353 5
3355 3354 5
3356 3355 5
3357 3356 5
3358 3357 5
3359 3358 5
3419 3359 5
3420 3419 5
7941 4341 5
8001 7941 5
8048 4448 5
8049 8048 5
8050 8049 5
8051 8050 5
8052 8051 5
8061 8001 5
8112 8052 5
8113 8112 5
8114 8113 5
8115 8114 5
8116 8115 5
8117 8116 5
8118 8117 5
8119 8118 5
8120 8119 5
8121 8061 5
8121 8120 5
 61 3661 6
3615 3616 6
3616 3617 6
3617 3618 6
3618 3619 6
3619 3620 6
3620 3621 6
3621 3622 6
3622 3623 6
3623 3624 6
 25  26 6
3624 3625 6
 26  27 6
3625  25 6
 27  28 6
 28  29 6
 29  30 6
 30  31 6
 31 3631 6
3631 3632 6
3632 3633 6
3633 3634 6
 94  95 6
3634 3694 6
 95  96 6
 96  97 6
 97  98 6
 98  99 6
 99 100 6
100 101 6
101 102 6
102 103 6
103 104 6
104 105 6
105 106 6
106 107 6
107 108 6
108 109 6
109 110 6
110 111 6
111 112 6
112 113 6
113 173 6
3661 3662 6
3662 3663 6
3663 3664 6
3664 3665 6
3665 3666 6
3666 3667 6
3667 3668 6
3668 3669 6
3669 3670 6
3670 3671 6
3671 3672 6
3672 3673 6
3673 3674 6
3674 3675 6
3675 3615 6
3694  94 6
173 174 6
174 175 6
175 176 6
176 177 6
177 178 6
178 179 6
179 180 6
180 240 6
240 300 6
3602   2 7
  4 3604 7
3603 3602 7
3603 7203 7
  5   4 7
3604 3603 7
  6   5 7
  7   6 7
  8   7 7
  9   8 7
 10   9 7
 11  10 7
 12  11 7
 13  12 7
 14  13 7
 74  14 7
 21  81 7
 81 141 7
134  74 7
135 134 7
136 135 7
137 136 7
138 137 7
139 138 7
140 139 7
141 140 7
4803 4863 7
4863 4923 7
4923 4983 7
1443 1503 7
4983 5043 7
1502 1501 7
1503 1502 7
5043 1443 7
7203 7263 7
7263 7323 7
7323 7383 7
7383 7443 7
7443 7503 7
7503 7563 7
7563 7623 7
7623 7683 7
7683 7743 7
7743 7803 7
7803 7863 7
7863 7923 7
7923 7983 7
7983 8043 7
8043 8103 7
8103 8163 7
8163 8223 7
8223 8283 7
8283 8343 7
8343 8403 7
8403 4803 7
1861 1801 8
1921 1861 8
1981 1921 8
2041 1981 8
2101 2041 8
2157 5757 8
2158 2157 8
2159 2158 8
2160 2159 8
2161 2101 8
5703 5763 8
5755 9355 8
5756 5755 8
5757 5756 8
5761 2161 8
5763 5823 8
5823 5883 8
5882 9482 8
5883 5882 8
9303 5703 8
9304 9303 8
9305 9304 8
9306 9305 8
9307 9306 8
9308 9307 8
9309 9308 8
9310 9309 8
9311 9310 8
9312 9311 8
9313 9312 8
9314 9313 8
9315 9314 8
9316 9315 8
9317 9316 8
9318 9317 8
9319 9318 8
9320 9319 8
9321 9320 8
9322 9321 8
9323 9322 8
9324 9323 8
9325 9324 8
9326 9325 8
9327 9326 8
9328 9327 8
9329 9328 8
9330 9329 8
9331 9330 8
9332 9331 8
9333 9332 8
9334 9333 8
9335 9334 8
9336 9335 8
9337 9336 8
9338 9337 8
9339 9338 8
9340 9339 8
9341 9340 8
9342 9341 8
9343 9342 8
9344 9343 8
9345 9344 8
9346 9345 8
9347 9346 8
9348 9347 8
9349 9348 8
9350 9349 8
9351 9350 8
9352 9351 8
9353 9352 8
9354 9353 8
9355 9354 8
9361 5761 8
9421 9361 8
9422 9421 8
9482 9422 8
3581 3580 9
3582 3581 9
3583 3582 9
3584 3583 9
121 122 10
122 182 10
182 242 10
242 243 10
243 303 10
303 363 10
363 3963 10
3963 4023 10
4023 4083 10
4083 4143 10
4143 4144 10
4144 4145 10
4145 4146 10
4146 4206 10
4206 4207 10
4207 4267 10
4267 4327 10
4327 7927 10
5666 5726 10
5726 5727 10
5727 5728 10
5728 5788 10
5788 5789 10
5789 5849 10
5849 5909 10
5909 5910 10
5910 5970 10
5970 6030 10
6030 6031 10
6031 6091 10
2495 2496 10
2496 2497 10
2497 2557 10
6091 6092 10
6092 6093 10
6093 6094 10
6094 6095 10
6095 2495 10
2557 2617 10
2617 2677 10
2677 2737 10
2737 2797 10
2797 2857 10
2857 2917 10
2917 2977 10
2977 3037 10
3037 3097 10
3097 3157 10
3157 3217 10
3217 3277 10
3277 3278 10
3278 3279 10
3279 3280 10
3280 3281 10
3281 3282 10
3282 3283 10
3283 3284 10
3284 3285 10
3285 3286 10
3286 3287 10
3287 3288 10
3288 3289 10
3289 3349 10
3349 3350 10
3350 3351 10
3351 3352 10
3352 3412 10
3412 3413 10
3413 3414 10
3414 3415 10
3415 3416 10
3416 3417 10
3417 3418 10
3418 3478 10
3478 3479 10
3479 3480 10
7927 7987 10
7987 8047 10
8047 8107 10
8107 8108 10
8108 8168 10
8168 8169 10
8169 8229 10
8229 8289 10
8289 8349 10
8349 8350 10
8350 8351 10
8351 8352 10
8352 8353 10
8353 8413 10
8413 8414 10
8414 8474 10
8474 8475 10
8475 8476 10
8476 8536 10
8536 8596 10
8596 8597 10
8597 8598 10
8598 8599 10
8599 8600 10
8600 8660 10
8660 8720 10
8720 8780 10
8780 8840 10
8840 8900 10
8900 8901 10
8901 8961 10
8961 9021 10
9021 9022 10
9022 9023 10
9023 9083 10
9083 9143 10
9143 9203 10
9203 9204 10
9204 9205 10
9205 9206 10
9206 9266 10
9266 5666 10
3841 241 11
5645 9245 11
5646 5645 11
5706 5646 11
5707 5706 11
5767 5707 11
5768 5767 11
5828 5768 11
5829 5828 11
5889 5829 11
5890 5889 11
5950 5890 11
6010 5950 11
6070 6010 11
6130 6070 11
6190 6130 11
6250 6190 11
6310 6250 11
6370 6310 11
6430 6370 11
6490 6430 11
6491 6490 11
6492 6491 11
6552 6492 11
6612 6552 11
3073 6673 11
6672 6612 11
3133 3073 11
6673 6672 11
3134 3133 11
3194 3134 11
3254 3194 11
3314 3254 11
3374 3314 11
3434 3374 11
3494 3434 11
3554 3494 11
7441 3841 11
7501 7441 11
7561 7501 11
7621 7561 11
7622 7621 11
7682 7622 11
7742 7682 11
7802 7742 11
7862 7802 11
7922 7862 11
7982 7922 11
8042 7982 11
8102 8042 11
8162 8102 11
8222 8162 11
8282 8222 11
8342 8282 11
8402 8342 11
8462 8402 11
8522 8462 11
8582 8522 11
8642 8582 11
8702 8642 11
8762 8702 11
8822 8762 11
8882 8822 11
8942 8882 11
8943 8942 11
8944 8943 11
9004 8944 11
9064 9004 11
9124 9064 11
9184 9124 11
9244 9184 11
9245 9244 11
1441 1381 12
538 539 13
539 540 13
4131 4132 13
4132 4133 13
4133 4134 13
4134 4135 13
4135 4136 13
4136 4137 13
4137 4138 13
4138 538 13
601 4201 13
4165 4166 13
4166 4167 13
4167 4168 13
4168 4169 13
4169 4170 13
4170 4171 13
4171 4172 13
4172 4173 13
4173 4174 13
4174 4175 13
4175 4176 13
4176 4177 13
4177 4178 13
4178 4179 13
4179 4180 13
4180 4181 13
4181 4182 13
4182 4183 13
4183 4184 13
4184 4185 13
4185 4186 13
4186 4187 13
4187 4188 13
4188 4189 13
4189 4190 13
4190 4191 13
4191 4131 13
4201 4202 13
4202 4203 13
4203 4204 13
4204 4205 13
4205 7805 13
7765 4165 13
7805 7806 13
7806 7807 13
7807 7808 13
7808 7809 13
7809 7810 13
7810 7811 13
7811 7812 13
7812 7813 13
7813 7814 13
7814 7815 13
7815 7816 13
7816 7817 13
7817 7818 13
7818 7819 13
7819 7820 13
7820 7821 13
7821 7822 13
7822 7823 13
7823 7824 13
7824 7825 13
7825 7765 13
5160 1560 14
5220 5160 14
5280 5220 14
5340 5280 14
5399 5400 14
5400 5340 14
5459 5399 14
5519 5459 14
5579 5519 14
5639 5579 14
5699 5639 14
5759 5699 14
5819 5759 14
5879 5819 14
5939 5879 14
5999 5939 14
6059 5999 14
6119 6059 14
6179 6119 14
6239 6179 14
6297 6298 14
6298 6299 14
6299 6239 14
6357 6297 14
6417 6357 14
6477 6417 14
6537 6477 14
6597 6537 14
6657 6597 14
6717 6657 14
6777 6717 14
6837 6777 14
6897 6837 14
6957 6897 14
7017 6957 14
7077 7017 14
3577 3578 14
3578 3579 14
3579 7179 14
7137 7077 14
7179 7180 14
7180 7181 14
7181 7182 14
7182 7183 14
7183 7184 14
7184 7185 14
7185 7186 14
7186 7187 14
7187 7188 14
7188 7189 14
7189 7190 14
7190 7191 14
7191 7192 14
7192 7193 14
7193 7194 14
7194 7195 14
7195 7196 14
7196 7197 14
7197 7137 14
660 720 15
720 780 15
778 838 15
779 778 15
780 779 15
838 898 15
898 958 15
958 1018 15
1018 1078 15
1078 1138 15
1138 1198 15
1198 1258 15
1258 1318 15
1318 1378 15
1378 1438 15
1438 1498 15
1498 1558 15
1558 1618 15
1618 1678 15
1678 1738 15
1738 1798 15
1798 1858 15
1858 1918 15
1918 1978 15
1978 2038 15
2036 2096 15
2037 2036 15
2038 2037 15
2096 5696 15
5694 5754 15
5695 5694 15
5696 5695 15
5754 5814 15
5814 5874 15
5874 5934 15
5934 5994 15
5994 6054 15
6054 6114 15
6114 6174 15
6174 6234 15
6234 6294 15
6294 6354 15
6354 6414 15
6414 6474 15
6474 6534 15
6534 6594 15
6594 6654 15
6654 6714 15
6714 6774 15
6774 6834 15
6832 6892 15
6833 6832 15
6834 6833 15
6892 6952 15
6951 7011 15
6952 6951 15
7009 7069 15
7010 7009 15
7011 7010 15
7068 7128 15
7069 7068 15
7118 7178 15
7119 7118 15
7120 7119 15
7121 7120 15
7122 7121 15
7123 7122 15
7124 7123 15
7125 7124 15
7126 7125 15
7127 7126 15
7128 7127 15
7150 3550 15
7151 7150 15
7152 7151 15
7153 7152 15
7154 7153 15
7155 7154 15
7156 7155 15
7157 7156 15
7158 7157 15
7159 7158 15
7160 7159 15
7161 7160 15
7162 7161 15
7163 7162 15
7164 7163 15
7165 7164 15
7166 7165 15
7167 7166 15
7168 7167 15
7169 7168 15
7170 7169 15
7171 7170 15
7172 7171 15
7173 7172 15
7174 7173 15
7175 7174 15
7176 7175 15
7177 7176 15
7178 7177 15
 15  75 16
 75  76 16
 76  77 16
 77 3677 16
3677 3678 16
3678 7278 16
3816 3876 16
277 337 16
3876 3877 16
337 338 16
3877 277 16
338 339 16
339 340 16
340 341 16
341 342 16
342 343 16
343 344 16
344 345 16
345 346 16
346 347 16
347 348 16
348 349 16
349 350 16
350 351 16
351 352 16
352 353 16
353 354 16
354 355 16
355 356 16
356 357 16
357 358 16
358 359 16
359 360 16
7278 7279 16
7279 7280 16
7280 7281 16
7281 7282 16
7282 7283 16
7283 7284 16
7284 7285 16
7285 7286 16
7286 7287 16
7287 7288 16
7288 7289 16
7289 7290 16
7290 7291 16
7291 7292 16
7292 7293 16
7293 7294 16
7294 7295 16
7295 7355 16
7355 7356 16
7356 7416 16
7416 3816 16
2697 2698 17
2698 2699 17
2699 2700 17
2700 2640 17
2757 2697 17
2813 2814 17
2814 2815 17
2815 2816 17
2816 2817 17
2817 2757 17
2852 6452 17
6413 2813 17
2912 2852 17
6452 6453 17
6453 6454 17
6454 6455 17
6455 6456 17
6456 6457 17
6457 6458 17
6458 6459 17
6459 6460 17
6460 6461 17
6461 6462 17
6462 6463 17
6463 6464 17
6464 6465 17
6465 6466 17
6466 6467 17
6467 6468 17
6468 6469 17
6469 6470 17
6470 6471 17
6471 6472 17
6472 6473 17
6473 6413 17
2972 2912 17
3032 2972 17
3092 3032 17
3152 3092 17
3212 3152 17
3272 3212 17
3322 3323 17
3323 3324 17
3324 3325 17
3325 3326 17
3326 3327 17
3327 3328 17
3328 3329 17
3329 3330 17
3330 3331 17
3331 3332 17
3332 3272 17
3382 3322 17
3442 3382 17
3502 3442 17
3561 3562 17
3562 3502 17
 59 3659 18
3659 3719 18
3719 3779 18
3779 3839 18
3839 3899 18
3899 3959 18
3959 4019 18
4019 4079 18
4079 4139 18
4139 4199 18
4199 4259 18
4259 4319 18
4319 7919 18
899 959 18
4439 4499 18
959 1019 18
4499 899 18
1019 1079 18
1079 1139 18
1139 1199 18
1199 1259 18
1259 1319 18
1319 1379 18
1379 1439 18
1439 1499 18
1499 1559 18
1559 1619 18
1619 1679 18
1679 1739 18
1739 1799 18
1799 1859 18
1859 1919 18
1919 1979 18
1979 2039 18
2039 2099 18
2099 2100 18
7919 7979 18
7979 8039 18
8039 4439 18
1080 1140 19
1140 1200 19
1200 1260 19
1260 1320 19
