# Cost: 1170

# Tail Head Net
2027 2028 1
2028 2029 1
2029 2030 1
2030 2031 1
2031 2032 1
2032 2033 1
2033 2034 1
2034 2035 1
2035 2036 1
2036 2037 1
2037 2038 1
2038 2039 1
2039 2040 1
2040 2041 1
2041 2042 1
2042 2043 1
2043 2044 1
2044 2045 1
2045 2046 1
2046 2047 1
2047 2048 1
2048 2049 1
2049 2050 1
2050 2051 1
2051 2052 1
2052 2053 1
2053 2054 1
2054 2055 1
2055 2056 1
2056 2057 1
2057 2058 1
2058 2059 1
2059 2060 1
2060 2061 1
2061 2062 1
2062 2063 1
2063 2064 1
2064 2065 1
2065 2066 1
2066 2067 1
2067 2068 1
2068 2069 1
2069 2070 1
2117 2027 1
2207 2117 1
2297 2207 1
2387 2297 1
2477 2387 1
2567 2477 1
2657 2567 1
2747 2657 1
2837 2747 1
2927 2837 1
3017 2927 1
3107 3017 1
3197 3107 1
3287 3197 1
3377 3287 1
3467 3377 1
3557 3467 1
3647 3557 1
3737 3647 1
3827 3737 1
3917 3827 1
4007 3917 1
4097 4007 1
4187 4097 1
4277 4187 1
4367 4277 1
4457 4367 1
4547 4457 1
4637 4547 1
4727 4637 1
4817 4727 1
4907 4817 1
4997 4907 1
5087 4997 1
5177 5087 1
5267 5177 1
5357 5267 1
5447 5357 1
5537 5447 1
5627 5537 1
5717 5627 1
5807 5717 1
5897 5807 1
5987 5897 1
6077 5987 1
6167 6077 1
6257 6167 1
6347 6257 1
6437 6347 1
6527 6437 1
6571 6572 1
6572 6573 1
6573 6574 1
6574 6575 1
6575 6576 1
6576 6577 1
6577 6578 1
6578 6579 1
6579 6580 1
6580 6581 1
6581 6582 1
6582 6583 1
6583 6584 1
6584 6585 1
6585 6586 1
6586 6587 1
6587 6588 1
6588 6589 1
6589 6590 1
6590 6591 1
6591 6592 1
6592 6593 1
6593 6594 1
6594 6595 1
6595 6596 1
6596 6597 1
6597 6598 1
6598 6599 1
6599 6600 1
6600 6601 1
6601 6602 1
6602 6603 1
6603 6604 1
6604 6605 1
6605 6606 1
6606 6607 1
6607 6608 1
6608 6609 1
6609 6610 1
6610 6611 1
6611 6612 1
6612 6613 1
6613 6614 1
6614 6615 1
6615 6616 1
6616 6617 1
6617 6527 1
6617 6707 1
6707 6797 1
6797 6887 1
6887 6977 1
6977 7067 1
7067 7157 1
7157 7247 1
7247 7337 1
7337 7427 1
7427 7517 1
7517 7607 1
7607 7697 1
7697 7787 1
7787 7877 1
7877 7967 1
7967 8057 1
8057 8058 1
810 720 2
8910 810 2
9000 8910 2
9090 9000 2
9180 9090 2
9270 9180 2
9360 9270 2
9450 9360 2
9540 9450 2
9630 9540 2
9720 9630 2
9810 9720 2
9900 9810 2
9990 9900 2
10080 9990 2
10170 10080 2
10260 10170 2
10350 10260 2
10440 10350 2
10530 10440 2
10620 10530 2
10710 10620 2
10800 10710 2
10890 10800 2
10980 10890 2
11070 10980 2
11160 11070 2
11250 11160 2
11340 11250 2
11430 11340 2
11520 11430 2
11610 11520 2
11700 11610 2
11790 11700 2
11880 11790 2
11970 11880 2
12060 11970 2
12150 12060 2
12240 12150 2
12330 12240 2
12420 12330 2
12510 12420 2
12600 12510 2
12690 12600 2
12780 12690 2
12870 12780 2
12960 12870 2
13050 12960 2
13140 13050 2
13230 13140 2
13320 13230 2
13410 13320 2
13500 13410 2
13590 13500 2
13680 13590 2
13770 13680 2
13860 13770 2
13950 13860 2
14040 13950 2
14130 14040 2
14220 14130 2
14310 14220 2
14400 14310 2
14490 14400 2
14580 14490 2
14670 14580 2
14760 14670 2
14850 14760 2
14940 14850 2
15030 14940 2
15120 15030 2
15210 15120 2
15300 15210 2
15390 15300 2
15480 15390 2
15570 15480 2
15660 15570 2
15750 15660 2
15840 15750 2
15930 15840 2
16020 15930 2
8087 16187 2
16110 16020 2
16142 8042 2
16143 16142 2
16144 16143 2
16145 16144 2
16146 16145 2
16147 16146 2
16148 16147 2
16149 16148 2
16150 16149 2
16151 16150 2
16152 16151 2
16153 16152 2
16154 16153 2
16155 16154 2
16156 16155 2
16157 16156 2
16158 16157 2
16159 16158 2
16160 16159 2
16161 16160 2
16162 16161 2
16163 16162 2
16164 16163 2
16165 16164 2
16166 16165 2
16167 16166 2
16168 16167 2
16169 16168 2
16170 16169 2
16171 16170 2
16172 16171 2
16173 16172 2
16174 16173 2
16175 16174 2
16176 16175 2
16177 16176 2
16178 16177 2
16179 16178 2
16180 16179 2
16181 16180 2
16182 16181 2
16183 16182 2
16184 16183 2
16185 16184 2
16186 16185 2
16187 16186 2
16187 16188 2
16188 16189 2
16189 16190 2
16190 16191 2
16191 16192 2
16192 16193 2
16193 16194 2
16194 16195 2
16195 16196 2
16196 16197 2
16197 16198 2
16198 16199 2
16199 16200 2
16200 16110 2
 93   3 3
183  93 3
273 183 3
362 363 3
363 273 3
452 362 3
542 452 3
632 542 3
722 632 3
812 722 3
902 812 3
991 992 3
992 902 3
1081 991 3
1171 1081 3
1261 1171 3
1351 1261 3
1441 1351 3
1531 1441 3
1621 1531 3
1711 1621 3
1801 1711 3
1891 1801 3
1981 1891 3
2071 1981 3
2161 2071 3
2251 2161 3
2341 2251 3
2431 2341 3
2521 2431 3
2611 2521 3
2701 2611 3
2791 2701 3
2881 2791 3
2971 2881 3
3061 2971 3
3151 3061 3
3241 3151 3
3331 3241 3
3421 3331 3
3511 3421 3
3511 3601 3
3601 3691 3
3691 3781 3
3781 3871 3
3871 3961 3
3961 4051 3
 40  41 4
 40 130 4
 41  42 4
130 220 4
 42  43 4
 43  44 4
 44  45 4
 45  46 4
 46  47 4
 47  48 4
 48  49 4
 49  50 4
 50  51 4
 51  52 4
 52  53 4
 53  54 4
 54  55 4
 55  56 4
 56  57 4
 57  58 4
 58  59 4
 59  60 4
 60  61 4
 61  62 4
 62  63 4
 63  64 4
 64  65 4
 65  66 4
 66  67 4
 67  68 4
 68  69 4
 69  70 4
 70  71 4
 71  72 4
 72  73 4
 73  74 4
 74  75 4
 75  76 4
 76  77 4
 77  78 4
 78  79 4
 79  80 4
 80  81 4
 81  82 4
 82  83 4
 83  84 4
 84  85 4
220 310 4
310 400 4
400 490 4
490 580 4
580 670 4
670 760 4
760 850 4
850 940 4
940 1030 4
1030 1120 4
1120 1210 4
1210 1300 4
1300 1390 4
1390 1480 4
1480 1570 4
1570 1660 4
1660 1750 4
1750 1840 4
1840 1930 4
1930 2020 4
2020 2110 4
2110 2200 4
2200 2290 4
2290 2380 4
2380 2470 4
2470 2560 4
2560 2650 4
2650 2740 4
2740 2830 4
2830 2920 4
2920 3010 4
3010 3100 4
3100 3190 4
3190 3280 4
3280 3370 4
3370 3460 4
3460 3550 4
3550 3640 4
3640 3730 4
3730 3820 4
3820 3910 4
3910 4000 4
4000 4090 4
4090 4180 4
4180 4270 4
4270 4360 4
4360 4450 4
4450 4540 4
4540 4630 4
4630 4720 4
4720 4810 4
4810 4900 4
4900 4990 4
4963 5053 4
4964 4963 4
4965 4964 4
4966 4965 4
4967 4966 4
4968 4967 4
4969 4968 4
4970 4969 4
4971 4970 4
4972 4971 4
4973 4972 4
4974 4973 4
4975 4974 4
4976 4975 4
4977 4976 4
4978 4977 4
4979 4978 4
4980 4979 4
4981 4980 4
4982 4981 4
4983 4982 4
4984 4983 4
4985 4984 4
4986 4985 4
4987 4986 4
4988 4987 4
4989 4988 4
4990 4989 4
5042 5041 4
5043 5042 4
5044 5043 4
5045 5044 4
5046 5045 4
5047 5046 4
5048 5047 4
5049 5048 4
5050 5049 4
5051 5050 4
5052 5051 4
5053 5052 4
989 990 5
9089 989 5
9179 9089 5
9269 9179 5
9359 9269 5
9449 9359 5
9539 9449 5
9629 9539 5
9719 9629 5
9809 9719 5
9899 9809 5
9989 9899 5
10079 9989 5
10169 10079 5
2249 10349 5
10259 10169 5
2250 2249 5
10349 10259 5
2340 2250 5
2430 2340 5
2520 2430 5
2610 2520 5
2700 2610 5
2790 2700 5
2880 2790 5
2970 2880 5
3060 2970 5
3150 3060 5
3240 3150 5
3330 3240 5
3420 3330 5
3510 3420 5
3600 3510 5
3690 3600 5
3780 3690 5
3870 3780 5
3960 3870 5
4050 3960 5
4140 4050 5
4230 4140 5
4320 4230 5
4410 4320 5
4500 4410 5
4590 4500 5
4680 4590 5
4770 4680 5
4860 4770 5
4950 4860 5
5040 4950 5
5130 5040 5
5220 5130 5
5310 5220 5
5400 5310 5
5490 5400 5
5580 5490 5
5670 5580 5
5760 5670 5
5850 5760 5
5940 5850 5
6030 5940 5
6120 6030 5
6210 6120 5
6300 6210 5
6390 6300 5
6480 6390 5
6570 6480 5
6660 6570 5
6750 6660 5
6840 6750 5
6930 6840 5
7020 6930 5
7110 7020 5
7200 7110 5
7290 7200 5
7380 7290 5
7470 7380 5
7560 7470 5
7650 7560 5
7740 7650 5
7830 7740 5
7920 7830 5
7471 7381 6
7561 7471 6
7651 7561 6
7741 7651 6
7831 7741 6
7921 7831 6
7922 7921 6
7923 7922 6
7924 7923 6
8014 7924 6
361 8461 7
8461 8462 7
8462 8463 7
8463 8464 7
8464 8465 7
8465 8466 7
8466 8467 7
8467 8468 7
8468 8469 7
8469 8470 7
8470 8471 7
8471 8472 7
8472 8473 7
8473 8474 7
8474 8475 7
8475 8476 7
8476 8477 7
8477 8478 7
8478 8479 7
8479 8480 7
8480 8481 7
8481 8482 7
8482 8483 7
8483 8484 7
8484 8485 7
8485 8486 7
8486 8487 7
8487 8488 7
8488 8489 7
8489 8490 7
8490 8491 7
8491 8492 7
8492 8493 7
8493 8494 7
8494 8495 7
8495 8496 7
8496 8497 7
8497 8498 7
8498 8499 7
8499 8500 7
8500 8501 7
8501 8502 7
8502 8503 7
8503 8504 7
8504 8505 7
8505 8506 7
8506 8507 7
8507 8508 7
8508 8509 7
8509 8510 7
8510 8511 7
8511 8512 7
8512 8513 7
8513 8514 7
8514 8515 7
8515 8516 7
8516 8517 7
8517 8518 7
8518 8519 7
8519 8520 7
8520 8521 7
8521 8522 7
8522 8523 7
8523 8524 7
8524 8525 7
8525 8526 7
8526 8527 7
8527 8528 7
8528 8529 7
8529 8530 7
8530 8531 7
8531 8532 7
8532 8533 7
8533 8534 7
8534 8535 7
8535 8536 7
8536 8537 7
8537 8538 7
8538 8539 7
8539 8629 7
8629 8719 7
8719 8809 7
8809 8899 7
8899 8989 7
8989 9079 7
9079 9169 7
9169 9259 7
9259 9349 7
9349 9439 7
9439 9529 7
9529 9619 7
9619 9709 7
9709 9799 7
9799 9889 7
9889 9979 7
9979 10069 7
10069 10159 7
2149 2239 7
10159 10249 7
2239 2329 7
10249 2149 7
2329 2419 7
2419 2509 7
2509 2599 7
2599 2689 7
2689 2779 7
2779 2869 7
2869 2959 7
2959 3049 7
3049 3139 7
3139 3229 7
3229 3319 7
3319 3409 7
3409 3499 7
3499 3589 7
3589 3679 7
3679 3769 7
3769 3859 7
3859 3949 7
3949 4039 7
4039 4129 7
4129 4219 7
4219 4309 7
4309 4399 7
4399 4489 7
4489 4579 7
4579 4669 7
4669 4759 7
4759 4849 7
4849 4939 7
4939 5029 7
5029 5119 7
5119 5209 7
5209 5299 7
5299 5389 7
5389 5479 7
5479 5569 7
5569 5659 7
5659 5749 7
5749 5839 7
5839 5929 7
5929 6019 7
6019 6109 7
6109 6199 7
6199 6289 7
6289 6379 7
6379 6469 7
6469 6559 7
6559 6649 7
6649 6739 7
6739 6829 7
6829 6919 7
6919 7009 7
7009 7099 7
7099 7189 7
7189 7279 7
7279 7369 7
7369 7459 7
7459 7549 7
7549 7639 7
7639 7729 7
7729 7819 7
7819 7909 7
7909 7999 7
7999 8089 7
116  26 8
206 116 8
296 206 8
386 296 8
476 386 8
8576 476 8
8666 8576 8
8756 8666 8
8846 8756 8
8936 8846 8
9026 8936 8
9116 9026 8
9206 9116 8
9296 9206 8
9386 9296 8
9476 9386 8
9566 9476 8
9656 9566 8
9746 9656 8
9836 9746 8
9926 9836 8
10016 9926 8
10106 10016 8
10196 10106 8
10286 10196 8
10376 10286 8
10466 10376 8
10556 10466 8
10646 10556 8
10736 10646 8
10826 10736 8
10916 10826 8
11006 10916 8
11096 11006 8
11186 11096 8
11276 11186 8
11366 11276 8
11456 11366 8
11546 11456 8
11636 11546 8
11726 11636 8
11816 11726 8
11906 11816 8
11996 11906 8
12086 11996 8
12176 12086 8
12266 12176 8
12356 12266 8
12446 12356 8
12536 12446 8
12626 12536 8
12716 12626 8
12806 12716 8
12896 12806 8
12986 12896 8
13076 12986 8
13166 13076 8
13256 13166 8
13346 13256 8
13436 13346 8
13526 13436 8
13616 13526 8
13706 13616 8
13796 13706 8
13886 13796 8
13976 13886 8
14066 13976 8
14156 14066 8
14246 14156 8
14336 14246 8
14426 14336 8
14516 14426 8
14606 14516 8
14696 14606 8
14786 14696 8
14876 14786 8
14966 14876 8
15056 14966 8
15146 15056 8
15236 15146 8
15326 15236 8
15416 15326 8
15506 15416 8
15596 15506 8
15686 15596 8
15776 15686 8
15866 15776 8
15956 15866 8
8017 8018 8
8018 8019 8
8019 8020 8
8020 8021 8
8021 8022 8
8022 8023 8
8023 8024 8
8024 8025 8
8025 8026 8
8026 8027 8
8027 8028 8
8028 8029 8
8029 8030 8
8030 8031 8
8031 8032 8
8032 8033 8
8033 8034 8
8034 8035 8
8035 8036 8
8036 16136 8
16046 15956 8
16136 16046 8
  2 8102 9
8102 8103 9
  4   5 9
8103 8104 9
  5   6 9
8104   4 9
  6   7 9
  7   8 9
  8   9 9
  9  10 9
 10  11 9
 11  12 9
 12  13 9
 13  14 9
 14  15 9
 15  16 9
 16  17 9
 17  18 9
 18  19 9
7987 8077 10
7988 7987 10
7989 7988 10
7990 7989 10
7991 7990 10
8003 16103 10
16091 7991 10
16092 16091 10
16093 16092 10
16094 16093 10
16095 16094 10
16096 16095 10
16097 16096 10
16098 16097 10
16099 16098 10
16100 16099 10
16101 16100 10
16102 16101 10
8093 8003 10
16103 16102 10
7966 8056 11
8004 16104 11
8005 8004 11
8006 8005 11
16066 7966 11
16067 16066 11
16068 16067 11
16069 16068 11
16070 16069 11
16071 16070 11
16072 16071 11
16073 16072 11
16074 16073 11
16075 16074 11
16076 16075 11
16077 16076 11
16078 16077 11
16104 24204 11
8096 8006 11
24178 16078 11
24179 24178 11
24180 24179 11
24181 24180 11
24182 24181 11
24183 24182 11
24184 24183 11
24185 24184 11
24186 24185 11
24187 24186 11
24188 24187 11
24189 24188 11
24190 24189 11
24191 24190 11
24192 24191 11
24193 24192 11
24194 24193 11
24195 24194 11
24196 24195 11
24197 24196 11
24198 24197 11
24199 24198 11
24200 24199 11
24201 24200 11
24202 24201 11
24203 24202 11
24204 24203 11
5761 5851 12
5851 5941 12
5941 6031 12
6031 6121 12
6121 6211 12
6211 6301 12
6301 14401 12
14401 14491 12
14491 14581 12
14581 14671 12
14671 14761 12
14761 14851 12
14851 14941 12
14941 15031 12
15031 15121 12
15121 15211 12
15211 15301 12
15301 15391 12
15391 15481 12
15481 15571 12
15571 15661 12
15661 15751 12
15751 15841 12
15841 15931 12
15931 16021 12
16021 16111 12
16111 8011 12
177  87 13
267 177 13
357 267 13
447 357 13
537 447 13
627 537 13
717 627 13
807 717 13
897 807 13
987 897 13
1077 987 13
1167 1077 13
1257 1167 13
1258 1257 13
1259 1258 13
1349 1259 13
1439 1349 13
1440 1439 13
1530 1440 13
1620 1530 13
1710 1620 13
1800 1710 13
1890 1800 13
451 541 14
541 631 14
631 721 14
721 811 14
811 8911 14
8911 9001 14
9001 9091 14
9091 9181 14
9181 9271 14
9271 9361 14
9361 9451 14
9451 9541 14
9541 9631 14
9631 9721 14
9721 9811 14
9811 9901 14
9901 9991 14
9991 10081 14
10081 10171 14
10171 10261 14
10261 10351 14
10351 10441 14
10441 10531 14
10531 10621 14
10621 10711 14
10711 10801 14
10801 10891 14
10891 10981 14
10981 11071 14
11071 11161 14
11161 11251 14
11251 11341 14
11341 11431 14
11431 11521 14
11521 11611 14
11611 11701 14
11701 11791 14
11791 11881 14
11881 11971 14
11971 12061 14
12061 12151 14
12151 12241 14
4231 4321 14
12241 12331 14
4321 4411 14
12331 4231 14
5221 5131 15
5311 5221 15
5401 5311 15
5491 5401 15
5581 5491 15
5671 5581 15
5672 5671 15
5762 5672 15
5852 5762 15
5942 5852 15
6032 5942 15
6122 6032 15
6212 6122 15
6302 6212 15
6392 6302 15
6482 6392 15
6483 6482 15
6484 6483 15
6485 6484 15
6486 6485 15
6487 6486 15
6488 6487 15
6489 6488 15
6490 6489 15
6491 6490 15
6492 6491 15
6493 6492 15
6494 6493 15
6495 6494 15
6496 6495 15
6497 6496 15
6498 6497 15
6499 6498 15
6500 6499 15
6501 6500 15
6502 6501 15
6503 6502 15
6504 6503 15
6505 6504 15
6506 6505 15
6507 6506 15
6508 6507 15
14608 6508 15
14698 14608 15
14788 14698 15
14878 14788 15
14968 14878 15
15058 14968 15
15148 15058 15
15238 15148 15
15328 15238 15
15418 15328 15
15508 15418 15
15509 15508 15
15599 15509 15
15689 15599 15
15690 15689 15
15691 15690 15
15692 15691 15
15693 15692 15
15694 15693 15
15695 15694 15
15696 15695 15
15697 15696 15
15698 15697 15
15699 15698 15
15700 15699 15
15701 15700 15
15702 15701 15
15703 15702 15
15704 15703 15
15705 15704 15
15795 15705 15
15796 15795 15
15886 15796 15
15887 15886 15
15888 15887 15
15889 15888 15
15890 15889 15
15891 15890 15
15892 15891 15
15893 15892 15
15894 15893 15
15895 15894 15
15896 15895 15
15897 15896 15
15898 15897 15
15899 15898 15
15900 15899 15
15901 15900 15
15902 15901 15
15903 15902 15
7902 16002 15
15993 15903 15
15994 15993 15
15995 15994 15
15996 15995 15
15997 15996 15
15998 15997 15
15999 15998 15
16000 15999 15
16001 16000 15
7992 7902 15
16002 16001 15
7993 7992 15
7994 7993 15
7995 7994 15
7996 7995 15
7997 7996 15
7998 7997 15
8088 7998 15
4771 4861 16
4861 4951 16
4951 13051 16
13051 13141 16
13141 13231 16
13231 13321 16
13321 13411 16
13411 13501 16
13501 13591 16
13591 13681 16
13681 13771 16
13771 13861 16
13861 13951 16
13951 13952 16
13952 14042 16
14042 14132 16
14132 14222 16
14222 14312 16
14312 14402 16
14402 14492 16
14492 14582 16
14582 14672 16
6662 6661 16
14672 14762 16
14762 6662 16
