# Cost: 1145

# Tail Head Net
1712 1713 1
1713 1714 1
1714 1715 1
1715 1716 1
1716 1717 1
1717 1718 1
1718 1719 1
1719 1720 1
1720 1721 1
1721 1722 1
1722 1723 1
1723 1724 1
1724 1725 1
1725 1726 1
1726 1727 1
1727 1728 1
1728 1729 1
1729 1730 1
1730 1731 1
1731 1732 1
1732 1733 1
1733 1734 1
1734 1735 1
1735 1736 1
1736 1737 1
1737 1738 1
1738 1739 1
1739 1740 1
1772 1712 1
1832 1772 1
1892 1832 1
1952 1892 1
2012 1952 1
2072 2012 1
2132 2072 1
2192 2132 1
2252 2192 1
2312 2252 1
2372 2312 1
2432 2372 1
2462 2461 1
2463 2462 1
2464 2463 1
2465 2464 1
2466 2465 1
2467 2466 1
2468 2467 1
2469 2468 1
2470 2469 1
2471 2470 1
2472 2471 1
2473 2472 1
2474 2473 1
2475 2474 1
2476 2475 1
2477 2476 1
2478 2477 1
2479 2478 1
2480 2479 1
2481 2480 1
2482 2481 1
2483 2482 1
2484 2483 1
2485 2484 1
2486 2485 1
2487 2486 1
2488 2487 1
2489 2488 1
2490 2489 1
2491 2490 1
2492 2432 1
2492 2491 1
2552 2492 1
2612 2552 1
2672 2612 1
2732 2672 1
2792 2732 1
2852 2792 1
2912 2852 1
2972 2912 1
3032 2972 1
3092 3032 1
3152 3092 1
3212 3152 1
3272 3212 1
3332 3272 1
3392 3332 1
3452 3392 1
3512 3452 1
3572 3512 1
 32 3632 2
3632 3692 2
3692 3752 2
3752 3812 2
3812 3872 2
3872 3932 2
3932 3992 2
3992 4052 2
4052 4112 2
4112 4172 2
4172 4232 2
4232 4292 2
4292 4352 2
4352 4412 2
4412 4472 2
4472 4532 2
4532 4592 2
4592 4652 2
4652 4712 2
4712 4772 2
4772 4832 2
4832 4892 2
4892 4952 2
4952 5012 2
5012 5072 2
5072 5132 2
5132 5192 2
5192 5252 2
5252 5312 2
5312 5372 2
5372 5432 2
5432 5492 2
5492 5552 2
5552 5612 2
5612 5672 2
5672 5732 2
5732 5792 2
5792 5852 2
5852 5912 2
5912 5972 2
5972 6032 2
6032 6092 2
6092 6152 2
6152 6212 2
6212 6272 2
6272 6332 2
2762 2761 2
2763 2762 2
2764 2763 2
2765 2764 2
2766 2765 2
2767 2766 2
2768 2767 2
2769 2768 2
2770 2769 2
2771 2770 2
2772 2771 2
2773 2772 2
2774 2773 2
2775 2774 2
2776 2775 2
2777 2776 2
2778 2777 2
2779 2778 2
2780 2779 2
2781 2780 2
2782 2781 2
2783 2782 2
2784 2783 2
2785 2784 2
2786 2785 2
2787 2786 2
2788 2787 2
2789 2788 2
2790 2789 2
2791 2790 2
6332 6392 2
6391 2791 2
6392 6391 2
6392 6452 2
6452 6453 2
6453 6454 2
6454 6455 2
6455 6456 2
6456 6457 2
6457 6458 2
6458 6459 2
6459 6460 2
6460 6461 2
6461 6521 2
6521 6581 2
6581 6641 2
6641 6642 2
6642 6643 2
6643 6644 2
6644 6645 2
6645 6646 2
6646 6647 2
6647 6648 2
6648 6649 2
6649 6650 2
6650 6710 2
6710 6770 2
6770 6830 2
6830 6831 2
6831 6832 2
6832 6833 2
6833 6834 2
6834 6894 2
6894 6954 2
6954 6955 2
6955 7015 2
7015 7075 2
7075 7076 2
7076 7136 2
7136 7137 2
7137 7197 2
7197 3597 2
 61  62 3
 62  63 3
 63  64 3
 64  65 3
 65  66 3
 66  67 3
 67  68 3
 68  69 3
 69  70 3
 70  71 3
 71  72 3
 72  73 3
 73  74 3
 74  75 3
 75  76 3
 76  77 3
 77  78 3
 78  79 3
 79  80 3
 80  81 3
 81  82 3
 82  83 3
 83  84 3
 84  85 3
 85  86 3
 86  87 3
 87  88 3
 88  89 3
 89  90 3
 90  91 3
 91  92 3
 92  93 3
 93  94 3
 94  95 3
 95  96 3
 96  97 3
 97  98 3
 98  99 3
 99 100 3
100 101 3
101 102 3
102 103 3
103 104 3
104 105 3
105 106 3
106 107 3
107 108 3
108 109 3
109 110 3
110 111 3
111 112 3
112 113 3
113 114 3
114 115 3
115 116 3
116 117 3
117 118 3
118 119 3
119 120 3
120  60 3
121  61 3
181 121 3
241 181 3
301 241 3
361 301 3
421 361 3
481 421 3
541 481 3
601 541 3
661 601 3
721 661 3
781 721 3
841 781 3
901 841 3
961 901 3
1021 961 3
1081 1021 3
1141 1081 3
1201 1141 3
1261 1201 3
1321 1261 3
1321 1381 3
1381 1441 3
1441 1501 3
1501 1561 3
1561 1621 3
1621 1681 3
1681 1741 3
1741 1801 3
1801 1861 3
1861 1921 3
3361 3362 4
3362 3422 4
3422 3423 4
3423 3424 4
3424 3425 4
3425 3426 4
3426 3427 4
3427 3428 4
3428 3429 4
3429 3430 4
3430 3431 4
3431 3432 4
3432 3433 4
3433 3434 4
3434 3435 4
3435 3436 4
3436 3437 4
3437 3438 4
3438 3439 4
3439 3440 4
3440 3441 4
3441 3442 4
3442 3443 4
3443 3444 4
3444 3445 4
3445 3446 4
3446 3447 4
3447 3448 4
3448 3449 4
3449 3450 4
3450 3451 4
3451 3511 4
3511 3571 4
3571 7171 4
3573 3574 4
3574 3575 4
3575 3576 4
7171 7172 4
7172 7173 4
7173 3573 4
391 392 5
392 393 5
393 394 5
394 395 5
395 396 5
396 397 5
397 398 5
398 399 5
399 400 5
400 401 5
401 402 5
402 403 5
403 404 5
404 405 5
405 406 5
406 407 5
407 408 5
408 409 5
409 410 5
410 411 5
411 412 5
412 413 5
413 414 5
414 415 5
415 416 5
416 417 5
417 418 5
418 419 5
419 420 5
3989 3990 5
3990 3991 5
3991 391 5
4049 3989 5
4109 4049 5
4163 4164 5
4164 4165 5
4165 4166 5
4166 4167 5
4167 4168 5
4168 4169 5
4169 4109 5
4223 4163 5
4283 4223 5
4342 4343 5
4343 4283 5
4401 4402 5
4402 4342 5
4461 4401 5
4520 4521 5
4521 4461 5
4580 4520 5
4640 4580 5
4700 4640 5
4760 4700 5
4820 4760 5
4880 4820 5
4940 4880 5
5000 4940 5
5060 5000 5
5120 5060 5
5180 5120 5
5240 5180 5
5300 5240 5
5360 5300 5
5420 5360 5
5480 5420 5
5540 5480 5
5600 5540 5
5659 5660 5
5660 5600 5
5719 5659 5
5779 5719 5
5838 5839 5
5839 5779 5
5898 5838 5
5958 5898 5
6018 5958 5
6075 6076 5
6076 6077 5
6077 6078 5
6078 6018 5
6135 6075 5
6195 6135 5
6255 6195 5
6315 6255 5
6375 6315 5
6435 6375 5
6495 6435 5
6555 6495 5
6615 6555 5
6675 6615 5
6735 6675 5
6795 6735 5
6855 6795 5
6915 6855 5
6975 6915 5
3481 3421 5
3482 3481 5
3483 3482 5
3484 3483 5
3485 3484 5
3486 3485 5
3486 7086 5
7027 7028 5
7028 7029 5
7029 7030 5
7030 7031 5
7031 7032 5
7032 7033 5
7033 7034 5
7034 7035 5
7035 6975 5
3546 3486 5
7086 7087 5
7087 7027 5
  5 3605 6
  6   5 6
3605 3665 6
  7   6 6
  8   7 6
  9   8 6
 10   9 6
 11  10 6
 12  11 6
 13  12 6
 14  13 6
 15  14 6
 16  15 6
 17  16 6
 18  17 6
 19  18 6
 20  19 6
 21  20 6
 22  21 6
 23  22 6
 24  23 6
 25  24 6
 26  25 6
3665 3725 6
3725 3785 6
3785 3845 6
3845 3905 6
3905 3965 6
3965 4025 6
4025 4085 6
4085 4145 6
4145 4205 6
4205 4265 6
4265 4325 6
4325 4385 6
4385 4445 6
4445 4505 6
4505 4565 6
4565 4625 6
4625 4685 6
4685 4745 6
4745 4805 6
4805 4865 6
4865 4925 6
4925 4985 6
4985 5045 6
5045 5105 6
5105 5165 6
5165 5225 6
5225 5285 6
5285 5345 6
5345 5405 6
5405 5465 6
5465 5525 6
5525 5585 6
5585 5645 6
5645 5705 6
5705 5765 6
5765 5825 6
5825 5885 6
5885 5945 6
5945 6005 6
6005 6065 6
6065 6125 6
6125 6185 6
6185 6245 6
6245 6305 6
6305 6365 6
6365 6425 6
6425 6485 6
6485 6545 6
6545 6605 6
6605 6665 6
6665 6725 6
6725 6785 6
6785 6845 6
6845 6905 6
6905 6965 6
6965 7025 6
7025 7085 6
7085 7145 6
7145 3545 6
3640  40 7
3700 3640 7
3760 3700 7
3820 3760 7
3880 3820 7
3940 3880 7
4000 3940 7
4060 4000 7
4120 4060 7
4180 4120 7
4240 4180 7
4300 4240 7
4360 4300 7
4420 4360 7
4480 4420 7
4540 4480 7
4600 4540 7
4660 4600 7
4720 4660 7
4780 4720 7
4840 4780 7
4900 4840 7
4960 4900 7
5020 4960 7
5080 5020 7
5140 5080 7
5200 5140 7
5260 5200 7
5320 5260 7
5380 5320 7
5440 5380 7
5500 5440 7
5560 5500 7
5620 5560 7
5680 5620 7
5740 5680 7
5800 5740 7
5860 5800 7
5920 5860 7
5980 5920 7
6040 5980 7
6099 6100 7
6100 6040 7
6159 6099 7
2641 2642 7
2642 2643 7
2643 6243 7
6219 6159 7
6243 6244 7
6244 9844 7
6273 6274 7
6274 6275 7
6275 6276 7
6276 6277 7
6277 6278 7
6278 6279 7
6279 6219 7
3490 3550 7
7090 3490 7
9844 9845 7
9845 9846 7
9846 9847 7
9847 9848 7
9848 9849 7
9849 9850 7
9850 9851 7
9850 9910 7
9851 9852 7
9852 9853 7
9853 9854 7
9854 9855 7
9855 9856 7
9856 9857 7
9857 9858 7
9868 9869 7
9869 9870 7
9870 9871 7
9871 9872 7
9872 9873 7
9873 6273 7
9910 9970 7
9970 10030 7
10030 10090 7
10090 10150 7
10150 10210 7
10210 10270 7
10270 10330 7
10330 10390 7
10390 10450 7
10450 10510 7
10510 10570 7
10570 10630 7
10630 10690 7
10690 7090 7
9858 9859 7
9859 9860 7
9860 9861 7
9861 9862 7
9862 9863 7
9863 9864 7
9864 9865 7
9865 9866 7
9866 9867 7
9867 9868 7
 44  43 8
 45  44 8
 46  45 8
 47  46 8
 48  47 8
 49  48 8
 50  49 8
 51  50 8
 52  51 8
 53  52 8
 54  53 8
 55  54 8
 56  55 8
 57  56 8
 58  57 8
 59  58 8
3659  59 8
3719 3659 8
3779 3719 8
3839 3779 8
3899 3839 8
3959 3899 8
4019 3959 8
4079 4019 8
4139 4079 8
4199 4139 8
4259 4199 8
4319 4259 8
4379 4319 8
4439 4379 8
4499 4439 8
4559 4499 8
1079 4679 8
4619 4559 8
1139 1079 8
4679 4619 8
1199 1139 8
1200 1199 8
2100 2160 9
2160 2220 9
2220 2280 9
2280 2340 9
2340 2400 9
2400 2460 9
2460 2520 9
2520 2580 9
2580 2640 9
2640 6240 9
6240 9840 9
2702 2701 9
2703 2702 9
2704 2703 9
2705 2704 9
2706 2705 9
2707 2706 9
2708 2707 9
2709 2708 9
2710 2709 9
2711 2710 9
2712 2711 9
2713 2712 9
2714 2713 9
2715 2714 9
2716 2715 9
2717 2716 9
2718 2717 9
2719 2718 9
2720 2719 9
2721 2720 9
2722 2721 9
2723 2722 9
2724 2723 9
2725 2724 9
2726 2725 9
2727 2726 9
2728 2727 9
2729 2728 9
2730 2729 9
2731 2730 9
6331 2731 9
9840 9900 9
9900 9960 9
9931 6331 9
9932 9931 9
9933 9932 9
9934 9933 9
9935 9934 9
9936 9935 9
9937 9936 9
9938 9937 9
9939 9938 9
9940 9939 9
9941 9940 9
9942 9941 9
9943 9942 9
9944 9943 9
9945 9944 9
9946 9945 9
9947 9946 9
9948 9947 9
9949 9948 9
9950 9949 9
9951 9950 9
9952 9951 9
9953 9952 9
9954 9953 9
9955 9954 9
9956 9955 9
9957 9956 9
9958 9957 9
9959 9958 9
9960 9959 9
 39  38 10
3639  39 10
3699 3639 10
3759 3699 10
3819 3759 10
3879 3819 10
3939 3879 10
3999 3939 10
4059 3999 10
4119 4059 10
4179 4119 10
4239 4179 10
4299 4239 10
4359 4299 10
4419 4359 10
4479 4419 10
4539 4479 10
4599 4539 10
4659 4599 10
4719 4659 10
4779 4719 10
4839 4779 10
4899 4839 10
4959 4899 10
5019 4959 10
5079 5019 10
5139 5079 10
5199 5139 10
5259 5199 10
1779 5379 10
5319 5259 10
1780 1779 10
1781 1780 10
1782 1781 10
1783 1782 10
1784 1783 10
1785 1784 10
1786 1785 10
1787 1786 10
1788 1787 10
1789 1788 10
1790 1789 10
1791 1790 10
1792 1791 10
1793 1792 10
1794 1793 10
1795 1794 10
1796 1795 10
1797 1796 10
1798 1797 10
1799 1798 10
5379 5319 10
1859 1799 10
1859 1919 10
1860 1859 10
1919 1979 10
1979 2039 10
2039 2099 10
2099 2159 10
2159 2219 10
2219 2279 10
2279 2339 10
2339 2399 10
2399 2459 10
2459 2519 10
2519 2579 10
2579 2639 10
2639 2699 10
2699 2759 10
2759 2819 10
2819 2879 10
2879 2939 10
2939 2999 10
2999 3059 10
3059 3119 10
3119 3120 10
3619 3620 11
3620 3621 11
3621 3622 11
3622 3623 11
3623 3624 11
3624 3625 11
3625 3626 11
3626 3627 11
3627 3628 11
3628 3629 11
3629  29 11
3679 3619 11
3739 3679 11
3799 3739 11
3859 3799 11
3919 3859 11
3979 3919 11
4039 3979 11
4099 4039 11
4159 4099 11
4219 4159 11
4279 4219 11
4339 4279 11
4399 4339 11
4459 4399 11
4519 4459 11
4579 4519 11
4639 4579 11
4699 4639 11
4759 4699 11
4819 4759 11
4879 4819 11
4939 4879 11
4999 4939 11
5059 4999 11
5119 5059 11
5179 5119 11
5239 5179 11
5299 5239 11
5359 5299 11
5419 5359 11
5479 5419 11
5539 5479 11
5598 5599 11
5599 5539 11
5658 5598 11
2161 2162 11
2162 2163 11
2163 2164 11
2164 2165 11
2165 2166 11
2166 2167 11
2167 2168 11
2168 2169 11
2169 2170 11
2170 2171 11
2171 2172 11
2172 2173 11
2173 5773 11
5717 5718 11
5718 5658 11
5773 5774 11
5773 5833 11
5774 5775 11
5775 5776 11
5776 5777 11
5777 5717 11
5833 5893 11
5893 5953 11
5953 6013 11
6013 6073 11
6073 6133 11
6133 6193 11
6193 6253 11
6253 6313 11
6313 9913 11
3493 3553 11
7093 3493 11
9913 9973 11
9973 10033 11
10033 10093 11
10093 10153 11
10153 10213 11
10213 10273 11
10273 10333 11
10333 10393 11
10393 10453 11
10453 10513 11
10513 10573 11
10573 10633 11
10633 10693 11
10693 7093 11
1980 1920 12
5579 5580 12
5580 1980 12
5639 5579 12
5699 5639 12
5759 5699 12
5819 5759 12
5879 5819 12
5939 5879 12
5999 5939 12
6059 5999 12
6119 6059 12
6179 6119 12
6239 6179 12
6299 6239 12
6359 6299 12
6419 6359 12
6479 6419 12
6539 6479 12
6599 6539 12
6659 6599 12
3179 6779 12
6719 6659 12
3239 3179 12
6779 6719 12
3299 3239 12
3359 3299 12
3410 3411 12
3411 3412 12
3412 3413 12
3413 3414 12
3414 3415 12
3415 3416 12
3416 3417 12
3417 3418 12
3418 3419 12
3419 3359 12
3419 3420 12
3470 3410 12
3530 3470 12
3587 3588 12
3588 3589 12
3589 3590 12
3590 3530 12
3603   3 13
3663 3603 13
3723 3663 13
3783 3723 13
3843 3783 13
3903 3843 13
3963 3903 13
4023 3963 13
4083 4023 13
4143 4083 13
4203 4143 13
4263 4203 13
4323 4263 13
4383 4323 13
4443 4383 13
4503 4443 13
964 4564 13
4504 4503 13
965 964 13
966 965 13
967 966 13
968 967 13
969 968 13
970 969 13
971 970 13
972 971 13
973 972 13
974 973 13
975 974 13
976 975 13
977 976 13
978 977 13
979 978 13
980 979 13
981 980 13
982 981 13
983 982 13
984 983 13
985 984 13
986 985 13
987 986 13
988 987 13
989 988 13
990 989 13
991 990 13
992 991 13
993 992 13
994 993 13
995 994 13
996 995 13
997 996 13
998 997 13
999 998 13
1000 999 13
1001 1000 13
1002 1001 13
1003 1002 13
1004 1003 13
1005 1004 13
1006 1005 13
1007 1006 13
1008 1007 13
1009 1008 13
1010 1009 13
1011 1010 13
1012 1011 13
1013 1012 13
1014 1013 13
1015 1014 13
1016 1015 13
1017 1016 13
1018 1017 13
1018 1019 13
1019 1020 13
1020 1080 13
4564 4504 13
4618 1018 13
4678 4618 13
4738 4678 13
4798 4738 13
4858 4798 13
4918 4858 13
4978 4918 13
5038 4978 13
5098 5038 13
5158 5098 13
5218 5158 13
5278 5218 13
5338 5278 13
5398 5338 13
5458 5398 13
5518 5458 13
5578 5518 13
5638 5578 13
5698 5638 13
5758 5698 13
5818 5758 13
5878 5818 13
5938 5878 13
5998 5938 13
6058 5998 13
6118 6058 13
6178 6118 13
6238 6178 13
6298 6238 13
6358 6298 13
6418 6358 13
2880 6480 13
6478 6418 13
2940 2880 13
6480 10080 13
10078 6478 13
10079 10078 13
10080 10079 13
2941 2942 14
2942 2943 14
2943 2944 14
2944 2945 14
2945 2946 14
2946 2947 14
2947 2948 14
2948 2949 14
2949 2950 14
2950 2951 14
2951 2952 14
2952 2953 14
2953 2954 14
2954 2955 14
2955 2956 14
2956 2957 14
2957 2958 14
2958 2959 14
2959 2960 14
2960 2961 14
2961 2962 14
2962 2963 14
2963 2964 14
2964 2965 14
2965 2966 14
2966 2967 14
2967 2968 14
2968 2969 14
2969 2970 14
2970 2971 14
2971 6571 14
6571 6572 14
6572 6632 14
6632 6692 14
6692 6752 14
6752 6812 14
6812 6872 14
6872 6932 14
6932 6933 14
6933 6934 14
6934 6994 14
6994 6995 14
6995 6996 14
6996 6997 14
6997 6998 14
6998 7058 14
7058 7059 14
7059 7060 14
7060 7061 14
7061 7062 14
7062 7063 14
7063 7064 14
7064 7124 14
7124 7125 14
7125 7126 14
7126 7127 14
7127 7128 14
7128 7129 14
7129 7189 14
3593 3594 14
3594 3595 14
3595 3596 14
7189 7190 14
7190 7191 14
7191 7192 14
7192 7193 14
7193 3593 14
