# Cost: 1835

# Tail Head Net
106  16 1
106 196 1
107 106 1
108 107 1
109 108 1
110  20 1
110 109 1
111 110 1
112 111 1
113 112 1
114 113 1
115 114 1
116 115 1
117 116 1
118 117 1
119 118 1
120 119 1
121 120 1
122 121 1
123 122 1
124 123 1
125 124 1
126 125 1
127 126 1
128 127 1
129 128 1
130 129 1
131 130 1
132 131 1
133 132 1
134 133 1
135 134 1
136 135 1
137 136 1
138 137 1
139 138 1
140 139 1
141 140 1
142 141 1
143 142 1
144 143 1
145 144 1
146 145 1
147 146 1
148 147 1
149 148 1
150 149 1
151 150 1
 63 153 1
152 151 1
 64  63 1
153 152 1
 65  64 1
 66  65 1
 67  66 1
 68  67 1
 69  68 1
 70  69 1
 71  70 1
 72  71 1
 73  72 1
 74  73 1
 75  74 1
 76  75 1
 77  76 1
 78  77 1
 79  78 1
 80  79 1
 81  80 1
 82  81 1
 83  82 1
 84  83 1
 85  84 1
 86  85 1
184 274 1
185 184 1
186 185 1
187 186 1
188 187 1
189 188 1
190 189 1
191 190 1
192 191 1
193 192 1
194 193 1
195 194 1
196 195 1
274 364 1
364 454 1
453 543 1
454 453 1
542 632 1
543 542 1
632 722 1
722 812 1
812 902 1
902 992 1
992 1082 1
1082 1172 1
1172 1262 1
1262 1352 1
1352 1442 1
1442 1532 1
1532 1622 1
1622 1712 1
1712 1802 1
1802 1892 1
1892 1982 1
1981 2071 1
1982 1981 1
2071 2161 1
2161 2251 1
2251 2341 1
2341 2431 1
2431 2521 1
2521 2611 1
2611 2701 1
2701 2791 1
2791 2881 1
2881 2971 1
2971 3061 1
3061 3151 1
3151 3241 1
3241 3331 1
3331 3421 1
8103   3 2
8135  35 2
8193 8103 2
8225 8135 2
8283 8193 2
8315 8225 2
8373 8283 2
8405 8315 2
8463 8373 2
8495 8405 2
8553 8463 2
8585 8495 2
8643 8553 2
8675 8585 2
8733 8643 2
8765 8675 2
8823 8733 2
8855 8765 2
8913 8823 2
8945 8855 2
9003 8913 2
9035 8945 2
9093 9003 2
9125 9035 2
9183 9093 2
9215 9125 2
9273 9183 2
9305 9215 2
9363 9273 2
9395 9305 2
9453 9363 2
9485 9395 2
9486 9485 2
9543 9453 2
9576 9486 2
9633 9543 2
9666 9576 2
9723 9633 2
9756 9666 2
9813 9723 2
9846 9756 2
9903 9813 2
9936 9846 2
9993 9903 2
10026 9936 2
10083 9993 2
10116 10026 2
10117 10116 2
10173 10083 2
10207 10117 2
10263 10173 2
10297 10207 2
10298 10297 2
10353 10263 2
10388 10298 2
10443 10353 2
10478 10388 2
10533 10443 2
10568 10478 2
10623 10533 2
10658 10568 2
10713 10623 2
10748 10658 2
10749 10748 2
10803 10713 2
10839 10749 2
10893 10803 2
10929 10839 2
10983 10893 2
11019 10929 2
11020 11019 2
11073 10983 2
11110 11020 2
11163 11073 2
11200 11110 2
11253 11163 2
11254 11253 2
11290 11200 2
11344 11254 2
11380 11290 2
11434 11344 2
11470 11380 2
11524 11434 2
11560 11470 2
11614 11524 2
11650 11560 2
11704 11614 2
11740 11650 2
11794 11704 2
11830 11740 2
3822 11922 2
11884 11794 2
11920 11830 2
11921 11920 2
3912 3822 2
11922 11921 2
11974 11884 2
4002 3912 2
4003 4002 2
4004 4003 2
4005 4004 2
4006 4005 2
4007 4006 2
4008 4007 2
4009 4008 2
4010 4009 2
4011 4010 2
4012 4011 2
4013 4012 2
4014 4013 2
4015 4014 2
4016 4015 2
4017 4016 2
4018 4017 2
4019 4018 2
4020 4019 2
4021 4020 2
4022 4021 2
4023 4022 2
4024 4023 2
12064 11974 2
4114 4024 2
4115 4114 2
12154 12064 2
4205 4115 2
12244 12154 2
4295 4205 2
12334 12244 2
12335 12334 2
12336 12335 2
12337 12336 2
12338 12337 2
12339 12338 2
12340 12339 2
12341 12340 2
12342 12341 2
4385 4295 2
12432 12342 2
4475 4385 2
4476 4475 2
4477 4476 2
4478 4477 2
4479 4478 2
4480 4479 2
4481 4480 2
4482 4481 2
4483 4482 2
4484 4483 2
4485 4484 2
4486 4485 2
4487 4486 2
4488 4487 2
4489 4488 2
4490 4489 2
4491 4490 2
4492 4491 2
12522 12432 2
4534 12634 2
4535 4534 2
4536 4535 2
4537 4536 2
4538 4537 2
4539 4538 2
4540 4539 2
4541 4540 2
4542 4541 2
4543 4542 2
4544 4543 2
4545 4544 2
4546 4545 2
4547 4546 2
4548 4547 2
4549 4548 2
4550 4549 2
4550 4640 2
4551 4550 2
4552 4551 2
4553 4552 2
4554 4553 2
4555 4554 2
4556 4555 2
4557 4556 2
4558 4557 2
4559 4558 2
4560 4559 2
4561 4560 2
4562 4561 2
4563 4562 2
4564 4563 2
4565 4564 2
4566 4565 2
4567 4566 2
4568 4567 2
4569 4568 2
4570 4569 2
4571 4570 2
4572 4571 2
4573 4572 2
4574 4573 2
4575 4574 2
4576 4575 2
4577 4576 2
4578 4577 2
4579 4578 2
4579 4669 2
4580 4579 2
4581 4580 2
4582 4492 2
4582 4581 2
4583 4582 2
4584 4583 2
4585 4584 2
4586 4585 2
4587 4586 2
4588 4587 2
4589 4588 2
4590 4589 2
12612 12522 2
12613 12612 2
12614 12613 2
12615 12614 2
12616 12615 2
12617 12616 2
12618 12617 2
12619 12618 2
12620 12619 2
12621 12620 2
12622 12621 2
12623 12622 2
12624 12623 2
12625 12624 2
12626 12625 2
12627 12626 2
12628 12627 2
12629 12628 2
12630 12629 2
12631 12630 2
12632 12631 2
12633 12632 2
12634 12633 2
4640 4730 2
4669 4759 2
4730 4820 2
4759 4849 2
4820 4910 2
4849 4939 2
4910 5000 2
4939 5029 2
5000 5090 2
5029 5119 2
5090 5180 2
5119 5209 2
5180 5270 2
5209 5299 2
5270 5360 2
5299 5389 2
5360 5450 2
5389 5479 2
5450 5540 2
5479 5569 2
5540 5630 2
5569 5659 2
5630 5720 2
5659 5749 2
5720 5810 2
5749 5839 2
5810 5900 2
5839 5929 2
5900 5990 2
5929 6019 2
5990 6080 2
6019 6109 2
6080 6170 2
6109 6199 2
6170 6260 2
6199 6289 2
6260 6350 2
6289 6379 2
6350 6440 2
6379 6469 2
6440 6530 2
6469 6559 2
6530 6620 2
6559 6649 2
6620 6710 2
6649 6739 2
6710 6800 2
6739 6829 2
6800 6890 2
6829 6919 2
6890 6980 2
6919 7009 2
6980 7070 2
7009 7099 2
7070 7160 2
7099 7189 2
7160 7250 2
7189 7279 2
7250 7340 2
7279 7369 2
7340 7430 2
7369 7459 2
7430 7520 2
7459 7549 2
7520 7610 2
7549 7639 2
7610 7700 2
7639 7729 2
7700 7790 2
7729 7819 2
7790 7880 2
7819 7909 2
7880 7970 2
7909 7999 2
7970 8060 2
7999 8089 2
 47  46 3
8147  47 3
8148 8147 3
8149 8148 3
8150 8149 3
8151 8150 3
8152 8151 3
8153 8152 3
8154 8153 3
8155 8154 3
8156 8155 3
8157 8156 3
8158 8157 3
8159  59 3
8159 8158 3
8160 8159 3
8161 8160 3
8162 8161 3
8163 8162 3
8164 8163 3
8165 8164 3
8166 8165 3
8167 8166 3
8168 8167 3
8258 8168 3
8259 8258 3
8260 8350 3
8261 8260 3
8262 8261 3
8263 8262 3
8264 8263 3
8265 8264 3
8266 8265 3
8267 8266 3
8268 8267 3
8269 8268 3
8270 8269 3
8271 8270 3
8272 8271 3
8273 8272 3
8274 8273 3
8275 8274 3
8276 8275 3
8277 8276 3
8278 8277 3
8279 8278 3
8349 8259 3
8350 8349 3
8369 8279 3
8459 8369 3
8549 8459 3
8639 8549 3
8729 8639 3
8819 8729 3
8909 8819 3
8999 8909 3
9089 8999 3
9179 9089 3
9269 9179 3
9359 9269 3
9449 9359 3
9539 9449 3
9629 9539 3
9719 9629 3
9809 9719 3
9899 9809 3
9989 9899 3
9990 1890 3
9990 9989 3
10350 18450 3
10440 10350 3
10530 10440 3
10620 10530 3
10710 10620 3
10800 10710 3
10890 10800 3
10980 10890 3
11070 10980 3
11160 11070 3
11250 11160 3
11340 11250 3
11430 11340 3
11520 11430 3
11610 11520 3
11700 11610 3
11790 11700 3
11880 11790 3
11970 11880 3
12060 11970 3
12150 12060 3
12240 12150 3
12330 12240 3
12420 12330 3
12510 12420 3
12600 12510 3
12690 12600 3
12780 12690 3
12870 12780 3
12960 12870 3
13050 12960 3
13140 13050 3
13230 13140 3
13320 13230 3
13410 13320 3
13500 13410 3
13590 13500 3
13680 13590 3
13770 13680 3
13860 13770 3
5940 14040 3
13950 13860 3
6030 5940 3
14040 13950 3
6120 6030 3
6210 6120 3
6300 6210 3
6390 6300 3
6480 6390 3
6570 6480 3
6660 6570 3
6750 6660 3
6840 6750 3
6930 6840 3
7020 6930 3
7110 7020 3
7200 7110 3
7290 7200 3
7380 7290 3
7470 7380 3
7560 7470 3
7650 7560 3
7740 7650 3
7830 7740 3
7920 7830 3
18090 9990 3
18180 18090 3
18270 18180 3
18360 18270 3
18450 18360 3
8140  40 4
8230 8140 4
8317 8318 4
8318 8319 4
8319 8320 4
8320 8230 4
8407 8317 4
8497 8407 4
8587 8497 4
8677 8587 4
716 717 4
717 718 4
718 719 4
719 720 4
8767 8677 4
805 806 4
806 716 4
8857 8767 4
895 805 4
8947 8857 4
984 985 4
985 895 4
9037 8947 4
1073 1074 4
1074 984 4
9127 9037 4
1162 1163 4
1163 1073 4
9217 9127 4
1252 1162 4
9307 9217 4
1342 1252 4
9397 9307 4
1432 1342 4
9487 9397 4
1522 1432 4
9577 9487 4
1612 1522 4
1657 9757 4
9667 9577 4
1702 1612 4
1747 1657 4
9757 9667 4
1792 1702 4
9811 1711 4
9812 9811 4
1837 1747 4
1882 1792 4
9902 9812 4
1927 1837 4
1972 1882 4
9992 9902 4
2017 1927 4
2062 1972 4
10082 9992 4
2107 2017 4
2152 2062 4
10172 10082 4
2196 2197 4
2197 2107 4
2242 2152 4
10262 10172 4
2286 2196 4
2332 2242 4
10352 10262 4
2375 2376 4
2376 2286 4
2422 2332 4
10442 10352 4
2465 2375 4
2512 2422 4
10532 10442 4
2554 2555 4
2555 2465 4
2602 2512 4
10622 10532 4
2644 2554 4
2691 2692 4
2692 2602 4
10712 10622 4
2734 2644 4
2735 2734 4
2781 2691 4
10802 10712 4
2825 2735 4
2869 2870 4
2870 2871 4
2871 2781 4
2882 10982 4
10892 10802 4
2883 2882 4
2915 2825 4
2920 2921 4
2921 2922 4
2922 2923 4
2923 2924 4
2924 2925 4
2925 2926 4
2926 2927 4
2927 2928 4
2928 2929 4
2929 2930 4
2930 2931 4
2931 2932 4
2932 2933 4
2933 2934 4
2934 2935 4
2935 2936 4
2936 2937 4
2937 2938 4
2938 2939 4
2939 2940 4
2940 2941 4
2941 2942 4
2942 2943 4
2943 2944 4
2944 2945 4
2945 2946 4
2946 2947 4
2947 2948 4
2948 2949 4
2949 2950 4
2950 2951 4
2951 2952 4
2952 2953 4
2953 2954 4
2954 2955 4
2955 2956 4
2956 2957 4
2957 2958 4
2958 2959 4
2959 2869 4
10982 10892 4
2973 2883 4
3005 2915 4
3009 3010 4
3010 2920 4
3063 2973 4
3095 3005 4
3099 3009 4
3153 3063 4
3185 3095 4
3189 3099 4
3243 3153 4
3244 3243 4
3275 3185 4
3278 3279 4
3279 3189 4
3334 3244 4
3365 3275 4
3368 3278 4
3424 3334 4
3455 3365 4
3455 3456 4
3456 3457 4
3457 3458 4
3458 3368 4
3514 3424 4
3545 3455 4
3604 3514 4
3635 3545 4
3694 3604 4
3725 3635 4
3784 3694 4
3815 3725 4
3874 3784 4
3905 3815 4
3964 3874 4
3995 3905 4
4054 3964 4
4055 4054 4
4056 4055 4
4085 3995 4
4146 4056 4
4175 4085 4
4236 4146 4
4237 4236 4
4238 4237 4
4239 4238 4
4240 4239 4
4241 4240 4
4242 4241 4
4265 4175 4
4332 4242 4
4333 4332 4
4334 4333 4
4335 4334 4
4336 4335 4
4337 4336 4
4338 4337 4
4339 4338 4
4353 4354 4
4354 4355 4
4355 4265 4
4429 4339 4
4430 4429 4
4443 4353 4
4520 4430 4
4521 4520 4
4522 4521 4
4523 4522 4
4524 4523 4
4525 4524 4
4526 4525 4
4527 4526 4
4528 4527 4
4529 4528 4
4530 4529 4
4531 4530 4
4532 4531 4
4533 4443 4
4533 4532 4
4623 4533 4
4713 4623 4
4803 4713 4
4893 4803 4
4947 4948 4
4948 4949 4
4949 4950 4
4983 4893 4
5030 5031 4
5031 5032 4
5032 5033 4
5033 5034 4
5034 5035 4
5035 5036 4
5036 5037 4
5037 4947 4
5073 4983 4
5073 13173 4
13096 13097 4
13097 13098 4
13098 13099 4
13099 13100 4
13100 13101 4
13101 13102 4
13102 13103 4
13103 13104 4
13104 13105 4
13105 13106 4
13106 13107 4
13107 13108 4
13108 13109 4
13109 13110 4
13110 13111 4
13111 13112 4
13112 13113 4
13113 13114 4
13114 13115 4
13115 13116 4
13116 13117 4
13117 13118 4
13118 13119 4
13119 13120 4
13120 13121 4
13121 13122 4
13122 13123 4
13123 13124 4
13124 13125 4
13125 13126 4
13126 13127 4
13127 13128 4
13128 13129 4
13129 13130 4
13130 5030 4
5163 5073 4
13173 13174 4
13174 13175 4
13175 13176 4
13176 13177 4
13177 13178 4
13178 13179 4
13179 13180 4
13180 13181 4
13181 13182 4
13182 13183 4
13183 13184 4
13184 13185 4
13185 13186 4
13186 13096 4
5253 5163 4
5343 5253 4
5433 5343 4
5523 5433 4
5613 5523 4
5703 5613 4
5793 5703 4
5883 5793 4
5973 5883 4
6063 5973 4
6153 6063 4
6243 6153 4
6333 6243 4
6423 6333 4
6513 6423 4
6603 6513 4
6693 6603 4
6783 6693 4
6873 6783 4
6962 6963 4
6963 6873 4
7052 6962 4
7142 7052 4
7232 7142 4
7322 7232 4
7412 7322 4
7501 7502 4
7502 7412 4
7591 7501 4
7681 7591 4
7771 7681 4
7861 7771 4
7951 7861 4
8041 7951 4
8145  45 5
8235 8145 5
8325 8235 5
8415 8325 5
8505 8415 5
8595 8505 5
8685 8595 5
8775 8685 5
8821 721 5
8822 8821 5
8865 8775 5
8955 8865 5
9045 8955 5
9134 9135 5
9134 17234 5
9135 9045 5
9224 9134 5
9314 9224 5
9404 9314 5
9494 9404 5
9584 9494 5
9674 9584 5
9764 9674 5
9854 9764 5
9944 9854 5
10034 9944 5
10124 10034 5
10214 10124 5
10304 10214 5
10394 10304 5
10484 10394 5
2520 2430 5
10574 10484 5
2610 2520 5
10664 10574 5
2700 2610 5
10754 10664 5
2788 2789 5
2789 2790 5
2790 2700 5
10844 10754 5
2878 2788 5
10934 10844 5
2968 2878 5
11024 10934 5
3058 2968 5
11114 11024 5
3147 3148 5
3148 3058 5
11204 11114 5
3237 3147 5
11294 11204 5
3327 3237 5
11384 11294 5
3417 3327 5
11474 11384 5
3507 3417 5
11564 11474 5
11565 11564 5
3597 3507 5
11655 11565 5
3687 3597 5
11745 11655 5
3777 3687 5
11835 11745 5
3867 3777 5
11925 11835 5
3957 3867 5
12015 11925 5
4047 3957 5
12105 12015 5
4137 4047 5
12195 12105 5
4227 4137 5
12285 12195 5
4317 4227 5
12375 12285 5
4407 4317 5
12465 12375 5
4497 4407 5
12554 12555 5
12555 12465 5
12597 4497 5
12644 12554 5
12686 12687 5
12687 12597 5
4724 12824 5
12734 12644 5
12776 12686 5
4814 4724 5
12824 12734 5
12866 12776 5
4904 4814 5
12956 12866 5
4994 4904 5
13045 13046 5
13046 12956 5
5084 4994 5
13134 13135 5
13135 13045 5
5174 5084 5
13224 13134 5
5264 5174 5
13314 13224 5
5354 5264 5
13404 13314 5
5444 5354 5
13494 13404 5
5534 5444 5
13584 13494 5
5624 5534 5
13674 13584 5
5714 5624 5
13763 13764 5
13764 13674 5
5804 5714 5
13853 13763 5
5893 5894 5
5894 5804 5
13943 13853 5
5983 5893 5
14032 14033 5
14033 13943 5
6073 5983 5
14122 14032 5
6163 6073 5
14212 14122 5
6253 6163 5
14302 14212 5
6343 6253 5
14392 14302 5
6433 6343 5
14482 14392 5
6523 6433 5
14572 14482 5
6613 6523 5
14662 14572 5
6703 6613 5
14752 14662 5
6793 6703 5
14842 14752 5
6883 6793 5
14932 14842 5
6973 6883 5
15022 14932 5
7063 6973 5
15112 15022 5
7153 7063 5
15202 15112 5
7243 7153 5
15292 15202 5
7333 7243 5
15382 15292 5
7423 7333 5
15472 15382 5
7513 7423 5
15562 15472 5
7603 7513 5
15652 15562 5
7693 7603 5
15742 15652 5
7783 7693 5
7822 15922 5
15832 15742 5
7873 7783 5
7912 7822 5
15922 15832 5
7963 7873 5
8002 7912 5
8043 8042 5
8044 8043 5
8045 8044 5
8046 8045 5
8047 8046 5
8048 8047 5
8049 8048 5
8050 8049 5
8051 8050 5
8052 8051 5
8053 7963 5
8053 8052 5
8054 8053 5
8055 8054 5
8056 8055 5
8057 8056 5
8058 8057 5
8059 8058 5
8091 16191 5
8092 8002 5
8092 8091 5
16159 8059 5
16160 16159 5
16161 16160 5
16162 16161 5
16163 16162 5
16164 16163 5
16165 16164 5
16166 16165 5
16167 16166 5
16168 16167 5
16169 16168 5
16170 16169 5
16171 16170 5
16172 16171 5
16173 16172 5
16174 16173 5
16175 16174 5
16176 16175 5
16177 16176 5
16178 16177 5
16179 16178 5
16180 16179 5
16181 16180 5
16182 16181 5
16183 16182 5
16184 16183 5
16185 16184 5
16186 16185 5
16187 16186 5
16188 16187 5
16189 16188 5
16190 16189 5
16191 16190 5
16922 8822 5
16923 16922 5
16924 16923 5
16925 16924 5
16926 16925 5
16927 16926 5
16928 16927 5
16929 16928 5
16930 16929 5
16931 16930 5
16932 16931 5
16933 16932 5
16934 16933 5
16935 16934 5
16936 16935 5
16937 16936 5
16938 16937 5
16939 16938 5
16940 16939 5
16941 16940 5
16942 16941 5
16943 16942 5
16944 16943 5
16945 16944 5
16946 16945 5
16947 16946 5
16948 16947 5
16949 16948 5
16950 16949 5
16951 16950 5
16952 16951 5
16953 16952 5
16954 16953 5
16955 16954 5
16956 16955 5
16957 16956 5
16958 16957 5
16959 16958 5
17049 16959 5
17139 17049 5
17229 17139 5
17230 17229 5
17231 17230 5
17232 17231 5
17233 17232 5
17234 17233 5
3778 3779 6
3779 3780 6
11877 11878 6
11878 3778 6
11967 11877 6
12057 11967 6
12107 12108 6
12108 12109 6
12109 12110 6
12110 12111 6
12111 12112 6
12112 12113 6
12113 12114 6
12114 12115 6
12115 12116 6
12116 12117 6
12117 12118 6
12118 12119 6
12119 12120 6
12120 12121 6
12121 12122 6
12122 12123 6
12123 12124 6
12124 12125 6
12125 12126 6
12126 12127 6
12127 12128 6
12128 12129 6
12129 12130 6
12130 12131 6
12131 12132 6
12132 12133 6
12133 12134 6
12134 12135 6
12135 12136 6
12136 12137 6
12137 12138 6
12138 12139 6
12139 12140 6
12140 12141 6
12141 12142 6
12142 12143 6
12143 12144 6
12144 12145 6
12145 12146 6
12146 12147 6
12147 12057 6
12197 12107 6
12287 12197 6
12377 12287 6
12467 12377 6
12557 12467 6
12647 12557 6
12736 12737 6
12737 12647 6
12826 12736 6
12916 12826 6
13005 13006 6
13006 12916 6
13082 13083 6
13083 13084 6
13084 13085 6
13085 13086 6
13086 13087 6
13087 13088 6
13088 13089 6
13089 13090 6
13090 13091 6
13091 13092 6
13092 13093 6
13093 13094 6
13094 13095 6
13095 13005 6
13172 13082 6
13262 13172 6
13352 13262 6
13442 13352 6
13532 13442 6
13620 13621 6
13621 13622 6
13622 13532 6
13710 13620 6
13800 13710 6
13889 13890 6
13890 13800 6
13979 13889 6
14066 14067 6
14067 14068 6
14068 14069 6
14069 13979 6
14156 14066 6
14246 14156 6
14334 14335 6
14335 14336 6
14336 14246 6
14424 14334 6
14513 14514 6
14514 14424 6
14603 14513 6
14693 14603 6
14783 14693 6
14873 14783 6
6953 15053 6
14963 14873 6
7043 6953 6
15053 14963 6
7132 7133 6
7133 7043 6
7222 7132 6
7312 7222 6
7402 7312 6
7492 7402 6
7561 7562 6
7562 7563 6
7563 7564 6
7564 7565 6
7565 7566 6
7566 7567 6
7567 7568 6
7568 7569 6
7569 7570 6
7570 7571 6
7571 7572 6
7572 7573 6
7573 7574 6
7574 7575 6
7575 7576 6
7576 7577 6
7577 7578 6
7578 7579 6
7579 7580 6
7580 7581 6
7581 7582 6
7581 7671 6
7582 7492 6
7671 7761 6
7761 7851 6
7851 7941 6
7941 8031 6
8115 8116 7
8116 8117 7
8117 8118 7
8118  18 7
8200 8201 7
8201 8202 7
8202 8203 7
8203 8204 7
8204 8205 7
8205 8115 7
8371 271 7
7831 15931 7
15841 23941 7
15931 15841 7
16298 16299 7
16299 16300 7
16300 8200 7
16387 16388 7
16388 16298 7
16471 8371 7
16471 16472 7
16472 16473 7
16473 16474 7
16474 16475 7
16475 16476 7
16476 16477 7
16477 16387 7
16561 16471 7
16651 16561 7
16741 16651 7
16831 16741 7
16921 16831 7
17011 16921 7
17101 17011 7
17191 17101 7
17281 17191 7
17371 17281 7
17461 17371 7
17551 17461 7
17641 17551 7
17731 17641 7
17821 17731 7
17911 17821 7
18001 17911 7
18091 18001 7
18181 18091 7
18271 18181 7
18361 18271 7
18451 18361 7
18541 18451 7
18631 18541 7
18721 18631 7
18811 18721 7
18901 18811 7
18991 18901 7
19081 18991 7
19171 19081 7
19261 19171 7
19351 19261 7
19441 19351 7
19531 19441 7
19621 19531 7
19711 19621 7
19801 19711 7
19891 19801 7
19981 19891 7
20071 19981 7
20161 20071 7
20251 20161 7
20341 20251 7
20431 20341 7
20521 20431 7
20611 20521 7
20701 20611 7
20791 20701 7
20881 20791 7
20971 20881 7
21061 20971 7
21151 21061 7
21241 21151 7
21331 21241 7
21421 21331 7
21511 21421 7
21601 21511 7
21691 21601 7
21781 21691 7
21871 21781 7
21961 21871 7
22051 21961 7
22141 22051 7
22231 22141 7
22321 22231 7
22411 22321 7
22501 22411 7
22591 22501 7
22681 22591 7
22771 22681 7
22861 22771 7
22951 22861 7
23041 22951 7
23131 23041 7
23221 23131 7
23311 23221 7
23401 23311 7
23491 23401 7
23581 23491 7
23671 23581 7
23761 23671 7
23851 23761 7
23941 23851 7
8125  25 8
8215 8125 8
541 8641 8
8641 8642 8
8642 16742 8
10251 10252 8
10252 10253 8
10253 10254 8
10254 10255 8
10255 10256 8
10256 10257 8
10257 10347 8
10347 10348 8
10348 10349 8
10349 10439 8
10439 10529 8
10529 10619 8
10619 10709 8
10709 10799 8
10799 10889 8
10889 10979 8
10979 11069 8
11069 11159 8
11159 11249 8
11249 11339 8
11339 11429 8
11429 11519 8
11519 11609 8
11609 11699 8
11699 11789 8
11789 11879 8
11879 11969 8
11969 12059 8
12059 12149 8
12149 12239 8
12239 12329 8
12329 12419 8
12419 12509 8
12509 12599 8
12599 12689 8
4679 4680 8
12689 12779 8
4680 4770 8
12779 4679 8
4770 4860 8
16315 8215 8
16405 16315 8
16495 16405 8
16585 16495 8
16675 16585 8
16742 16743 8
16743 16744 8
16744 16745 8
16745 16746 8
16746 16747 8
16747 16748 8
16748 16749 8
16749 16750 8
16750 16751 8
16751 16752 8
16752 16753 8
16753 16754 8
16754 16755 8
16755 16756 8
16756 16757 8
16757 16758 8
16758 16759 8
16759 16760 8
16760 16761 8
16761 16762 8
16762 16763 8
16763 16764 8
16764 16765 8
16765 16675 8
16765 16855 8
16855 16856 8
16856 16857 8
16857 16858 8
16858 16859 8
16859 16860 8
16860 16861 8
16861 16862 8
16862 16863 8
16863 16864 8
16864 16865 8
16865 16866 8
16866 16867 8
16867 16868 8
16868 16869 8
16869 16870 8
16870 16871 8
16871 16872 8
16872 16873 8
16873 16874 8
16874 16875 8
16875 16876 8
16876 16966 8
16966 16967 8
16967 16968 8
16968 16969 8
16969 16970 8
16970 16971 8
16971 16972 8
16972 16973 8
16973 16974 8
16974 16975 8
16975 16976 8
16976 16977 8
16977 16978 8
16978 16979 8
16979 16980 8
16980 16981 8
16981 16982 8
16982 16983 8
16983 16984 8
16984 16985 8
16985 16986 8
16986 16987 8
16987 16988 8
16988 17078 8
17078 17079 8
17079 17169 8
17169 17170 8
17170 17171 8
17171 17172 8
17172 17173 8
17173 17174 8
17174 17175 8
17175 17265 8
17265 17266 8
17266 17267 8
17267 17268 8
17268 17269 8
17269 17359 8
17359 17449 8
17449 17539 8
17539 17540 8
17540 17541 8
17541 17631 8
17631 17721 8
17721 17811 8
17811 17901 8
17901 17991 8
17991 18081 8
18081 18171 8
18171 18261 8
18261 18351 8
18351 10251 8
 36 8136 9
 37  36 9
8136 8226 9
8226 8316 9
8316 8406 9
8406 8496 9
8496 8586 9
8586 8676 9
8676 8766 9
8766 8856 9
8856 8946 9
8946 9036 9
9036 9126 9
9126 9216 9
9216 17316 9
7022 7021 9
7023 7022 9
7024 7023 9
7025 7024 9
7026 7025 9
7027 7026 9
7028 7027 9
7029 7028 9
7030 7029 9
7031 7030 9
15131 7031 9
15132 15131 9
15133 15132 9
15134 15133 9
15135 15134 9
15136 15135 9
15137 15136 9
15138 15137 9
15139 15138 9
15140 15139 9
15141 15140 9
17316 17406 9
17406 17496 9
17496 17586 9
17586 17676 9
17676 17766 9
17766 17856 9
17856 17946 9
17946 18036 9
18036 18126 9
18126 18216 9
18216 18306 9
18306 18396 9
18396 18486 9
18486 18576 9
18576 18666 9
18666 18756 9
18756 18846 9
18846 18936 9
18936 19026 9
19026 19116 9
19116 19206 9
19206 19296 9
19296 19386 9
19386 19476 9
19476 19566 9
19566 19656 9
19656 19746 9
19746 19836 9
19836 19926 9
19926 20016 9
20016 20106 9
20106 20196 9
20196 20286 9
20286 20376 9
20376 20466 9
20465 20555 9
20466 20465 9
20555 20645 9
20645 20644 9
20734 20824 9
20822 20912 9
20823 20822 9
20824 20823 9
20912 21002 9
21002 21092 9
21092 21182 9
21182 21272 9
21272 21362 9
21362 21452 9
21452 21542 9
21542 21632 9
21632 21722 9
21722 21812 9
21812 21902 9
21902 21992 9
21992 22082 9
22082 22172 9
22172 22262 9
22262 22352 9
22352 22442 9
22442 22532 9
22532 22622 9
22622 22712 9
22712 22802 9
22802 22892 9
22892 22982 9
22981 23071 9
22982 22981 9
23071 23161 9
23160 23250 9
23161 23160 9
23241 15141 9
23242 23241 9
23243 23242 9
23244 23243 9
23245 23244 9
23246 23245 9
23247 23246 9
23248 23247 9
23249 23248 9
23250 23249 9
20644 20734 9
4771 4681 10
4861 4771 10
4951 4861 10
5041 4951 10
5131 5041 10
5221 5131 10
5311 5221 10
5401 5311 10
5491 5401 10
5581 5491 10
5671 5581 10
5761 5671 10
5851 5761 10
5941 5851 10
6031 5941 10
6121 6031 10
 29 8129 11
8129 8219 11
8219 8309 11
8309 8399 11
8399 8489 11
8489 8579 11
8579 8669 11
8669 8759 11
8759 8849 11
8849 8939 11
8939 9029 11
9029 9119 11
9119 9209 11
9209 9299 11
9299 9389 11
9389 9479 11
9479 9569 11
9569 9659 11
9659 9749 11
9749 9839 11
9839 9929 11
9929 10019 11
10019 10109 11
10109 10199 11
10199 10289 11
10289 10379 11
10379 10469 11
10469 10559 11
10559 10649 11
10649 10739 11
10739 10829 11
10829 10919 11
10919 11009 11
11009 11099 11
11099 11189 11
11189 11279 11
11279 11369 11
11369 11459 11
11459 11549 11
11549 11639 11
11639 11729 11
11729 11730 11
11730 11731 11
11731 11732 11
11732 11733 11
11733 11734 11
11734 11735 11
11735 11825 11
11825 11915 11
11915 12005 11
12005 12095 11
12095 12185 11
12185 12275 11
12275 12365 11
12365 12455 11
12455 12545 11
12545 12635 11
12635 12725 11
12725 12815 11
12815 12905 11
4895 4985 11
12905 12995 11
4985 5075 11
12995 4895 11
5075 5165 11
5165 5255 11
5255 5345 11
5345 5435 11
5435 5525 11
5525 5615 11
5615 5705 11
5705 5795 11
5795 5885 11
5885 5975 11
5975 6065 11
6065 6155 11
6155 6245 11
6245 6335 11
6335 6425 11
6425 6515 11
6515 6605 11
6605 6695 11
6695 6785 11
6785 6875 11
6875 6965 11
6965 7055 11
7055 7145 11
7145 7235 11
7235 7325 11
7325 7415 11
7415 7505 11
7505 7595 11
7595 7685 11
7685 7775 11
7775 7865 11
7865 7955 11
7955 7956 11
7956 7957 11
7957 7958 11
7958 7959 11
7959 7960 11
7960 7961 11
7961 7962 11
7962 16062 11
7971 8061 11
16062 16063 11
16063 16064 11
16064 16065 11
16065 16066 11
16066 16067 11
16067 16068 11
16068 16069 11
16069 16070 11
16070 16071 11
8061 8062 11
16071 7971 11
8062 8063 11
8063 8064 11
8064 8065 11
8065 8066 11
8066 8067 11
8067 8068 11
8068 8069 11
8069 8070 11
8070 8071 11
8071 8072 11
8072 8073 11
8073 8074 11
8074 8075 11
8075 8076 11
8076 8077 11
8077 8078 11
8078 8079 11
8079 8080 11
8080 8081 11
8081 8082 11
8082 8083 11
8083 8084 11
8084 8085 11
8085 8086 11
8086 8087 11
