# Cost: 578

# Tail Head Net
 17  16 1
 18  17 1
 19  18 1
 20  19 1
 21  20 1
 22  21 1
 23  22 1
 24  23 1
 25  24 1
 26  25 1
 27  26 1
 28  27 1
 29  28 1
 30  29 1
 30  70 1
 70 110 1
110 111 1
111 151 1
151 191 1
191 231 1
231 271 1
271 311 1
311 351 1
351 391 1
391 431 1
431 471 1
471 511 1
511 551 1
551 591 1
591 631 1
631 671 1
671 711 1
711 751 1
751 791 1
791 831 1
831 871 1
871 911 1
911 951 1
951 952 1
952 953 1
953 954 1
954 955 1
955 956 1
956 957 1
957 958 1
958 959 1
959 960 1
960 1000 1
 34  74 2
 74 114 2
114 154 2
154 194 2
194 234 2
234 274 2
274 314 2
314 354 2
354 394 2
393 433 2
394 393 2
433 473 2
473 2073 2
510 550 2
2070 2110 2
2071 2070 2
2072 2071 2
2073 2072 2
550 590 2
2110 510 2
590 630 2
630 670 2
670 710 2
710 750 2
750 790 2
762 761 2
763 762 2
764 763 2
765 764 2
766 765 2
767 766 2
768 767 2
769 768 2
770 769 2
771 770 2
772 771 2
773 772 2
774 773 2
775 774 2
776 775 2
777 776 2
778 777 2
779 778 2
780 779 2
781 780 2
789 829 2
790 789 2
821 781 2
828 868 2
829 828 2
861 821 2
867 866 2
868 867 2
862 861 2
863 862 2
864 863 2
865 864 2
866 865 2
866 906 2
906 946 2
946 986 2
986 1026 2
1026 1066 2
1066 1106 2
1106 1146 2
1146 1186 2
1186 1226 2
1226 1266 2
1266 1306 2
1306 1346 2
1346 1386 2
1386 1426 2
1426 1466 2
1466 1506 2
1506 1546 2
1546 1586 2
 73  33 3
113  73 3
153 113 3
193 153 3
233 193 3
273 233 3
313 273 3
353 313 3
1953 353 3
1993 1953 3
1994 1993 3
2034 1994 3
2074 2034 3
2114 2074 3
2154 2114 3
2194 2154 3
2234 2194 3
2274 2234 3
2314 2274 3
2354 2314 3
2394 2354 3
2434 2394 3
2435 2434 3
2475 2435 3
2515 2475 3
2555 2515 3
2595 2555 3
1075 2675 3
2635 2595 3
1076 1075 3
2675 2635 3
1116 1076 3
1117 1116 3
1117 1157 3
1118 1117 3
1119 1118 3
1120 1119 3
1157 1197 3
1197 1237 3
1237 1277 3
1277 1317 3
1317 1357 3
1357 1397 3
1397 1437 3
1437 1477 3
1477 1517 3
1517 1557 3
1557 1597 3
1603   3 4
1603 1604 4
1604 1605 4
1605 1606 4
1606 1607 4
1607 1608 4
1608 1609 4
1609 1610 4
1610 1611 4
1611 1612 4
1612 1613 4
1613 1614 4
1614 1615 4
1615 1616 4
1616 1617 4
1617 1618 4
1618 1619 4
1619 1620 4
1620 1621 4
1621 1622 4
1622 1623 4
1623 1624 4
1624 1625 4
1625 1626 4
1626 1627 4
1627 1628 4
1628 1629 4
1629 1630 4
1630 1631 4
1631 1632 4
1632 1633 4
1633 1634 4
1634 1635 4
1635  35 4
1643 1603 4
1683 1643 4
1722 1723 4
1723 1683 4
1762 1722 4
1801 1802 4
1802 1762 4
1841 1801 4
1881 1841 4
1921 1881 4
1961 1921 4
2001 1961 4
2041 2001 4
2081 2041 4
2121 2081 4
2161 2121 4
2201 2161 4
2241 2201 4
2281 2241 4
2321 2281 4
2361 2321 4
2401 2361 4
881 2481 4
2441 2401 4
921 881 4
2481 2441 4
241 242 5
242 282 5
282 322 5
322 362 5
362 402 5
402 442 5
442 482 5
482 522 5
522 2122 5
2122 2162 5
2162 2202 5
2202 2242 5
2242 2282 5
2282 2322 5
2322 2362 5
2362 2402 5
2402 2442 5
2442 2482 5
2482 2522 5
2522 2562 5
2562 2602 5
2602 2642 5
1082 1081 5
2642 2682 5
2682 1082 5
2682 2722 5
2722 2762 5
2762 2802 5
2802 2842 5
2842 2882 5
2882 2922 5
2922 2962 5
2962 3002 5
3002 3042 5
3042 3082 5
3082 3122 5
3122 3162 5
1587 1588 5
1588 1589 5
1589 1590 5
1590 1591 5
1591 1592 5
1592 1593 5
3162 3163 5
3163 3164 5
3164 3165 5
3165 3166 5
3166 3167 5
3167 3168 5
3168 3169 5
3169 3170 5
3170 3171 5
3171 3172 5
3172 3173 5
3173 3174 5
3174 3175 5
3175 3176 5
3176 3177 5
3177 3178 5
3178 3179 5
3179 3180 5
3180 3181 5
3181 3182 5
3182 3183 5
3183 3184 5
3184 3185 5
3185 3186 5
3186 3187 5
3187 1587 5
280 320 6
320 360 6
360 400 6
400 440 6
440 480 6
480 520 6
520 560 6
560 600 6
600 640 6
640 680 6
680 720 6
720 760 6
760 800 6
798 2398 6
799 798 6
800 799 6
2397 2437 6
2398 2397 6
2437 2477 6
2477 2517 6
2517 2557 6
2557 2597 6
2597 2637 6
2637 2677 6
2677 2717 6
2717 2757 6
2757 2797 6
2797 2837 6
2836 2876 6
2837 2836 6
2876 2916 6
2914 2954 6
2915 2914 6
2916 2915 6
2948 2988 6
2949 2948 6
2950 2949 6
2951 2950 6
2952 2951 6
2953 2952 6
2954 2953 6
2988 3028 6
3024 3064 6
3025 3024 6
3026 3025 6
3027 3026 6
3028 3027 6
3062 3102 6
3063 3062 6
3064 3063 6
1522 1521 6
1523 1522 6
3100 3140 6
3101 3100 6
3102 3101 6
3123 1523 6
3124 3123 6
3125 3124 6
3126 3125 6
3127 3126 6
3128 3127 6
3129 3128 6
3130 3129 6
3131 3130 6
3132 3131 6
3133 3132 6
3134 3133 6
3135 3134 6
3136 3135 6
3137 3136 6
3138 3137 6
3139 3138 6
3140 3139 6
 39  79 7
 79 119 7
119 159 7
159 199 7
199 239 7
239 279 7
279 319 7
319 359 7
359 399 7
399 439 7
439 479 7
479 519 7
519 559 7
559 599 7
599 639 7
639 679 7
679 719 7
718 758 7
719 718 7
757 797 7
758 757 7
797 837 7
836 2436 7
837 836 7
2436 2476 7
2476 2516 7
2516 2556 7
2556 2596 7
2596 2636 7
2636 2676 7
2676 2716 7
2716 2756 7
1196 1236 7
2756 2796 7
1236 1276 7
2796 1196 7
1276 1316 7
1316 1356 7
1356 1396 7
1396 1436 7
1436 1476 7
1476 1516 7
1516 1556 7
1556 1596 7
160 1760 8
1731 1771 8
1732 1731 8
1733 1732 8
1734 1733 8
1735 1734 8
1736 1735 8
1737 1736 8
1738 1737 8
1739 1738 8
1740 1739 8
1741 1740 8
1742 1741 8
1743 1742 8
1744 1743 8
1745 1744 8
1746 1745 8
1747 1746 8
1748 1747 8
1749 1748 8
1750 1749 8
1751 1750 8
1752 1751 8
1753 1752 8
1754 1753 8
1755 1754 8
1756 1755 8
1757 1756 8
1758 1757 8
1759 1758 8
1760 1759 8
1771 1811 8
1811 1851 8
1847 1887 8
1848 1847 8
1849 1848 8
1850 1849 8
1851 1850 8
325 365 8
1886 1926 8
1887 1886 8
365 405 8
1925 325 8
1926 1925 8
403 443 8
404 403 8
405 404 8
443 483 8
483 523 8
523 563 8
561 521 8
562 561 8
563 562 8
802 801 9
803 802 9
804 803 9
805 804 9
806 805 9
807 806 9
808 807 9
809 808 9
810 809 9
811 810 9
812 811 9
813 812 9
814 813 9
815 814 9
816 815 9
817 816 9
818 817 9
819 818 9
859 819 9
860 859 9
900 860 9
901 900 9
902 901 9
903 902 9
904 903 9
905 904 9
2505 905 9
2506 2505 9
947 2547 9
2546 2506 9
987 947 9
2547 2546 9
988 987 9
989 988 9
990 989 9
991 990 9
992 991 9
993 992 9
994 993 9
995 994 9
996 995 9
997 996 9
998 997 9
999 998 9
1039 999 9
1079 1039 9
2679 1079 9
1159 2759 9
2719 2679 9
1199 1159 9
2759 2719 9
1239 1199 9
1240 1239 9
1280 1240 9
1320 1280 9
1360 1320 9
  8   7 10
  9   8 10
 10   9 10
 11  10 10
 12  11 10
 13  12 10
 14  13 10
2800 1200 11
2840 2800 11
2880 2840 11
2920 2880 11
2957 2958 11
2958 2959 11
2959 2960 11
2960 2920 11
2997 2957 11
3037 2997 11
3076 3077 11
3077 3037 11
1542 1543 11
1543 1544 11
1544 1545 11
1545 3145 11
3114 3115 11
3115 3116 11
3116 3076 11
1582 1542 11
3145 3146 11
3146 3147 11
3147 3148 11
3148 3149 11
3149 3150 11
3150 3151 11
3151 3152 11
3152 3153 11
3153 3154 11
3154 3114 11
1562 1561 12
1563 1562 12
1564 1563 12
1565 1564 12
1566 1565 12
1567 1566 12
1568 1567 12
1569 1568 12
1570 1569 12
1571 1570 12
1572 1571 12
1573 1572 12
1574 1573 12
1575 1574 12
