# Cost: 1496

# Tail Head Net
 31  32 1
 32  33 1
 33  34 1
 33 103 1
 34  35 1
103 173 1
 35  36 1
 36  37 1
 37  38 1
 38  39 1
 39  40 1
 40  41 1
 41  42 1
 42  43 1
 43  44 1
 44  45 1
 45  46 1
 46  47 1
 47  48 1
 48  49 1
 49  50 1
 50  51 1
173 243 1
243 313 1
313 383 1
383 453 1
453 523 1
523 593 1
593 663 1
663 733 1
733 803 1
803 873 1
842 841 1
843 842 1
844 843 1
845 844 1
846 845 1
847 846 1
848 847 1
849 848 1
850 849 1
851 850 1
852 851 1
853 852 1
854 853 1
855 854 1
856 855 1
857 856 1
858 857 1
859 858 1
860 859 1
861 860 1
862 861 1
863 862 1
864 863 1
865 864 1
866 865 1
867 866 1
868 867 1
869 868 1
870 869 1
871 870 1
872 871 1
873 872 1
873 943 1
943 1013 1
1013 1083 1
1083 1153 1
1153 1223 1
1223 1293 1
1293 1363 1
1363 1433 1
1433 1503 1
1503 1573 1
1573 1643 1
1643 1713 1
1713 1783 1
1783 1853 1
1853 1923 1
1923 1993 1
1993 2063 1
2063 2133 1
2133 2203 1
2203 2273 1
2273 2343 1
2343 2413 1
2413 2483 1
2483 2553 1
2553 2623 1
2623 2693 1
2693 2763 1
2763 2833 1
2833 2834 1
2834 2904 1
2904 2974 1
2974 3044 1
3044 3114 1
3114 3184 1
3184 3185 1
3185 3186 1
3186 3187 1
3187 3257 1
3257 3258 1
3258 3259 1
3259 3329 1
3329 3399 1
3399 3469 1
3469 3539 1
3539 3609 1
3609 3679 1
3679 3680 1
3680 3750 1
3750 3751 1
3751 3752 1
3752 3753 1
3753 3823 1
3823 3824 1
3824 3825 1
3825 3895 1
3841 3842 1
3842 3843 1
3843 3844 1
3844 3845 1
3845 3846 1
3846 3847 1
3847 3848 1
3848 3849 1
3849 3850 1
3895 3896 1
3895 3965 1
3896 3897 1
3897 3898 1
3898 3899 1
3899 3900 1
3900 3901 1
3901 3902 1
3902 3903 1
3903 3904 1
3904 3905 1
3905 3906 1
3906 3907 1
3907 3908 1
3908 3909 1
3909 3910 1
3910 3911 1
3911 3841 1
3965 3966 1
3966 4036 1
4036 4106 1
4106 4107 1
4107 4177 1
4177 4247 1
4247 4317 1
4317 4387 1
4387 4457 1
4457 4527 1
4527 4528 1
4528 4598 1
4598 4599 1
4599 4669 1
4669 4739 1
4739 4809 1
4809 4879 1
5881 981 2
3570 3640 2
3640 3710 2
3710 8610 2
8541 3641 2
8541 13441 2
8542 8541 2
8543 8542 2
8544 8543 2
8545 8544 2
8546 8545 2
8547 8546 2
8548 8547 2
8549 8548 2
8550 8549 2
8551 8550 2
8552 8551 2
8553 8552 2
8554 8553 2
8555 8554 2
8556 8555 2
8557 8556 2
8558 8557 2
8559 8558 2
8560 8559 2
8561 8560 2
8562 8561 2
8563 8562 2
8564 8563 2
8565 8564 2
8566 8565 2
8567 8566 2
8568 8567 2
8569 8568 2
8570 8569 2
8571 8570 2
8572 8571 2
8573 8572 2
8574 8573 2
8575 8574 2
8576 8575 2
8577 8576 2
8578 8577 2
8579 8578 2
8580 8579 2
8581 8580 2
8582 8581 2
8583 8582 2
8584 8583 2
8585 8584 2
8586 8585 2
8586 8656 2
8587 8586 2
8588 8587 2
8589 8588 2
8590 8589 2
8591 8590 2
8592 8591 2
8593 8592 2
8594 8593 2
8595 8594 2
8596 8595 2
8597 8596 2
8598 8597 2
8599 8598 2
8600 8599 2
8601 8600 2
8602 8601 2
8603 8602 2
8604 8603 2
8605 8604 2
8606 8605 2
8607 8606 2
8608 8607 2
8609 8608 2
8610 8609 2
8610 8680 2
8656 8726 2
8680 8750 2
8726 8796 2
8750 8820 2
8794 8864 2
8795 8794 2
8796 8795 2
8820 8890 2
8864 8934 2
8890 3990 2
4104 4174 2
8934 9004 2
4174 4244 2
9004 4104 2
4244 4314 2
4314 4384 2
4384 4454 2
4454 4524 2
4524 4594 2
4594 4664 2
4664 4734 2
4734 4804 2
4804 4874 2
10781 5881 2
10851 10781 2
10921 10851 2
10991 10921 2
11061 10991 2
11131 11061 2
11201 11131 2
11271 11201 2
11341 11271 2
11411 11341 2
11481 11411 2
11551 11481 2
11621 11551 2
11691 11621 2
11761 11691 2
11831 11761 2
11901 11831 2
11971 11901 2
12041 11971 2
12111 12041 2
12181 12111 2
12251 12181 2
12321 12251 2
12391 12321 2
12461 12391 2
12531 12461 2
12601 12531 2
12671 12601 2
12741 12671 2
12811 12741 2
12881 12811 2
12951 12881 2
13021 12951 2
13091 13021 2
13161 13091 2
13231 13161 2
13301 13231 2
13371 13301 2
13441 13371 2
121 122 3
122 123 3
123  53 3
191 121 3
261 191 3
331 261 3
401 331 3
471 401 3
541 471 3
611 541 3
681 611 3
751 681 3
821 751 3
891 821 3
961 891 3
1031 961 3
1101 1031 3
1171 1101 3
1241 1171 3
1311 1241 3
1381 1311 3
1451 1381 3
1521 1451 3
1591 1521 3
1661 1591 3
1731 1661 3
1801 1731 3
1871 1801 3
1941 1871 3
2011 1941 3
2081 2011 3
2151 2081 3
2221 2151 3
2291 2221 3
2361 2291 3
2431 2361 3
2501 2431 3
2571 2501 3
2641 2571 3
2711 2641 3
2781 2711 3
2851 2781 3
2921 2851 3
2991 2921 3
3061 2991 3
3131 3061 3
3198 8098 3
3199 3198 3
3200 3199 3
3201 3131 3
3201 3200 3
3202 3201 3
3203 3202 3
3204 3203 3
3205 3204 3
3206 3205 3
3207 3206 3
3208 3207 3
3209 3208 3
3210 3209 3
3211 3210 3
3212 3211 3
3213 3212 3
3214 3213 3
3215 3214 3
3216 3215 3
3217 3216 3
3218 3217 3
3219 3218 3
3220 3219 3
8094 8164 3
8095 8094 3
8096 8095 3
8096 8166 3
8097 8096 3
8098 8097 3
8164 8234 3
8166 8236 3
8234 8304 3
8236 8306 3
8301 8371 3
8302 8301 3
8303 8302 3
8304 8303 3
8305 8375 3
8306 8305 3
8359 8429 3
8360 8359 3
8361 8360 3
8362 8361 3
8363 8362 3
8364 8363 3
8365 8364 3
8366 8365 3
8367 8366 3
8368 8367 3
8369 8368 3
8370 8369 3
8371 8370 3
8374 8444 3
8375 8374 3
3597 3667 3
8429 8499 3
3608 3678 3
8440 8510 3
8441 8440 3
8442 8441 3
8443 8442 3
8444 8443 3
3667 3737 3
8497 3597 3
8498 8497 3
8499 8498 3
3678 3748 3
8508 3608 3
8509 8508 3
8510 8509 3
3733 3803 3
3734 3733 3
3735 3734 3
3736 3735 3
3737 3736 3
3748 3818 3
3801 3871 3
3802 3801 3
3803 3802 3
3818 3888 3
3863 3933 3
3864 3863 3
3865 3864 3
3865 3935 3
3866 3865 3
3867 3866 3
3868 3867 3
3869 3868 3
3870 3869 3
3871 3870 3
3888 3958 3
3932 4002 3
3933 3932 3
3935 4005 3
3958 4028 3
3992 3991 3
3993 3992 3
3994 3993 3
3995 3994 3
3996 3995 3
3997 3996 3
3998 3997 3
3999 3998 3
4000 3999 3
4001 4000 3
4002 4001 3
4005 4075 3
4028 4098 3
4075 4145 3
4098 4168 3
4145 4215 3
4168 4238 3
4214 4284 3
4215 4214 3
4237 4307 3
4238 4237 3
4283 4353 3
4284 4283 3
4306 4376 3
4307 4306 3
4353 4423 3
4376 4446 3
4423 4493 3
4446 4516 3
4493 4563 3
4516 4586 3
4563 4633 3
4586 4656 3
4633 4703 3
4656 4726 3
4703 4773 3
4725 4795 3
4726 4725 3
4772 4842 3
4773 4772 3
4795 4865 3
 23  22 4
 24  23 4
 25  24 4
 26  25 4
 96  26 4
 30  29 4
100  30 4
166  96 4
167 166 4
168 167 4
169 168 4
170 100 4
170 169 4
240 170 4
241 240 4
242 241 4
312 242 4
382 312 4
452 382 4
492 491 4
493 492 4
494 493 4
495 494 4
496 495 4
497 496 4
498 497 4
499 498 4
500 499 4
501 500 4
502 501 4
503 502 4
504 503 4
522 452 4
5404 504 4
592 522 4
5474 5404 4
5475 5474 4
5476 5475 4
5477 5476 4
5478 5477 4
5479 5478 4
5480 5479 4
5481 5480 4
5482 5481 4
5483 5482 4
5484 5483 4
662 592 4
5554 5484 4
5555 5554 4
5562 662 4
5563 5562 4
5625 5555 4
5626 5625 4
5627 5626 4
5628 5627 4
5629 5628 4
5633 5563 4
5699 5629 4
5700 5699 4
5701 5700 4
5702 5701 4
5703 5633 4
5703 5702 4
5773 5703 4
5843 5773 4
5913 5843 4
7630 2730 4
8960 13860 4
9030 8960 4
9100 9030 4
9170 9100 4
9240 9170 4
4480 9380 4
9310 9240 4
4550 4480 4
9380 9310 4
4620 4550 4
10813 5913 4
10883 10813 4
10953 10883 4
10954 10953 4
10955 10954 4
10956 10955 4
11026 10956 4
11096 11026 4
11166 11096 4
11236 11166 4
11237 11236 4
11307 11237 4
11308 11307 4
11378 11308 4
11448 11378 4
11449 11448 4
11519 11449 4
11520 11519 4
11521 11520 4
11522 11521 4
11592 11522 4
11593 11592 4
11594 11593 4
11664 11594 4
11665 11664 4
11666 11665 4
11667 11666 4
11668 11667 4
11738 11668 4
11739 11738 4
11809 11739 4
11810 11809 4
11811 11810 4
11812 11811 4
11813 11812 4
11814 11813 4
11815 11814 4
11885 11815 4
11886 11885 4
11887 11886 4
11888 11887 4
11889 11888 4
11959 11889 4
11960 11959 4
11961 11960 4
11962 11961 4
12032 11962 4
12033 12032 4
12034 12033 4
12035 12034 4
12105 12035 4
12106 12105 4
12107 12106 4
12108 12107 4
12178 12108 4
12179 12178 4
12180 12179 4
12250 12180 4
12320 12250 4
12390 12320 4
12460 12390 4
12530 7630 4
12530 12460 4
12600 12530 4
12670 12600 4
12740 12670 4
12810 12740 4
12880 12810 4
12950 12880 4
13020 12950 4
13090 13020 4
13160 13090 4
13230 13160 4
13300 13230 4
13370 13300 4
13440 13370 4
13510 13440 4
13580 13510 4
13650 13580 4
13720 13650 4
13790 13720 4
13860 13790 4
2661 2731 5
2731 2801 5
2801 2871 5
2871 2941 5
2941 3011 5
3011 3081 5
3081 3151 5
3151 3221 5
3221 3291 5
3291 3292 5
3291 3361 5
3292 3293 5
3293 3294 5
3294 3295 5
3295 3296 5
3296 3297 5
3297 3298 5
3298 3368 5
3298 8198 5
3358 3359 5
3359 3360 5
3368 3438 5
8198 8199 5
8199 8200 5
8200 8201 5
8201 8202 5
8202 8203 5
8203 8204 5
8204 8205 5
8205 8206 5
8206 8207 5
8207 8208 5
8208 8209 5
8209 8210 5
8210 8211 5
8211 8212 5
8212 8213 5
8213 8214 5
8214 8215 5
8215 8216 5
8216 8217 5
8217 8218 5
8218 8219 5
8219 8220 5
8220 8221 5
8221 8222 5
8222 8223 5
8223 8224 5
8224 8225 5
8225 8226 5
8226 8227 5
8227 8228 5
8228 8229 5
8229 8230 5
8230 8231 5
8231 8232 5
8232 8233 5
8233 13133 5
8252 8253 5
8253 8254 5
8254 8255 5
8255 8256 5
8256 8257 5
8257 8258 5
8258 3358 5
3438 3508 5
3508 3509 5
3509 3579 5
3579 3649 5
3649 3650 5
3650 3720 5
3720 3790 5
3790 8690 5
8690 8760 5
8760 8830 5
8830 8900 5
8900 8970 5
4140 4210 5
8970 9040 5
4210 4280 5
9040 4140 5
9040 9110 5
4280 4350 5
9110 9111 5
9111 9181 5
4350 4420 5
9181 9182 5
9182 9183 5
9183 9253 5
4420 4490 5
9253 9254 5
9254 9255 5
9255 9256 5
9256 9326 5
4490 4560 5
9326 9327 5
9327 9328 5
9328 9398 5
4560 4630 5
9398 9399 5
9399 9400 5
9400 9470 5
4630 4700 5
9470 9540 5
4700 4770 5
9540 9610 5
9578 9648 5
4770 4840 5
9610 9611 5
9611 9612 5
9612 9682 5
9648 9718 5
9682 9752 5
4888 4889 5
9718 9788 5
9752 4852 5
9788 4888 5
13133 13134 5
13134 13135 5
13135 13136 5
13136 13137 5
13137 13138 5
13138 13139 5
13139 13140 5
13140 13141 5
13141 13142 5
13142 13143 5
13143 13144 5
13144 13145 5
13145 13146 5
13146 13147 5
13147 13148 5
13148 13149 5
13149 13150 5
13150 13151 5
13151 13152 5
13152 8252 5
13152 13222 5
13222 13292 5
13292 13362 5
13362 13432 5
13432 13502 5
13502 13572 5
13568 13638 5
13569 13568 5
13570 13569 5
13571 13570 5
13572 13571 5
13638 13708 5
13708 13778 5
13778 13848 5
13848 13918 5
13918 13988 5
13988 14058 5
14058 14128 5
14128 14198 5
14198 14268 5
14268 14338 5
14338 14408 5
14408 14478 5
14478 9578 5
 68  69 6
137 138 6
138  68 6
207 137 6
277 207 6
332 333 6
333 334 6
334 335 6
335 336 6
336 337 6
337 338 6
338 339 6
339 340 6
340 341 6
341 342 6
342 343 6
343 344 6
344 345 6
345 346 6
346 347 6
347 277 6
5206 5207 6
5207 5208 6
5208 5209 6
5209 5210 6
5210 5211 6
5211 5212 6
5212 5213 6
5213 5214 6
5214 5215 6
5215 5216 6
5216 5217 6
5217 5218 6
5218 5219 6
5219 5220 6
5220 5221 6
5221 5222 6
5222 5223 6
5223 5224 6
5224 5225 6
5225 5226 6
5226 5227 6
5227 5228 6
5228 5229 6
5229 5230 6
5230 5231 6
5231 5232 6
5232 332 6
5263 5264 6
5264 5265 6
5265 5266 6
5266 5267 6
5267 5268 6
5268 5269 6
5269 5270 6
5270 5271 6
5271 5272 6
5272 5273 6
5273 5274 6
5274 5275 6
5275 5276 6
5276 5206 6
5321 421 6
5322 5321 6
5332 5333 6
5333 5263 6
5392 5322 6
5397 5398 6
5398 5399 6
5399 5400 6
5400 5401 6
5401 5402 6
5402 5332 6
5462 5392 6
5463 5462 6
5464 5463 6
5464 5465 6
5465 5466 6
5466 5467 6
5467 5397 6
5534 5464 6
5604 5534 6
5674 5604 6
5744 5674 6
5814 5744 6
5884 5814 6
1122 1123 6
1123 6023 6
5954 5884 6
6022 1122 6
6023 6024 6
6024 5954 6
6092 6022 6
6162 6092 6
1402 1401 6
6232 6162 6
6302 1402 6
6302 6232 6
6372 6302 6
6442 6372 6
6512 6442 6
6582 6512 6
6652 6582 6
6722 6652 6
6791 6792 6
6792 6722 6
6861 6791 6
6931 6861 6
7001 6931 6
7071 7001 6
7141 7071 6
7211 7141 6
7281 7211 6
7351 7281 6
7421 7351 6
7491 7421 6
7561 7491 6
7631 7561 6
7701 7631 6
7771 7701 6
7841 7771 6
7911 7841 6
7981 7911 6
8051 7981 6
8121 8051 6
8191 8121 6
3431 3501 6
3431 8331 6
8261 8191 6
3501 3571 6
8331 8261 6
3571 3572 6
3572 3642 6
3642 3712 6
3712 3713 6
3713 8613 6
8613 8683 6
8683 8753 6
8753 8823 6
8823 8893 6
8893 8894 6
8894 8895 6
8895 8896 6
8896 8966 6
8966 9036 6
9036 9037 6
9037 9038 6
9038 9108 6
9108 9178 6
9178 9179 6
9179 9180 6
9180 9250 6
9250 9320 6
9320 9390 6
9390 9391 6
9391 9392 6
9392 9462 6
9462 9532 6
9532 9602 6
9602 9672 6
4778 4779 6
4779 4780 6
4780 4781 6
4781 4782 6
4782 4783 6
4783 4853 6
4836 4835 6
4837 4836 6
4838 4837 6
9670 9740 6
9671 9670 6
9672 9671 6
9672 9673 6
9673 9674 6
9674 9675 6
9675 9676 6
9676 9677 6
9677 9678 6
9678 4778 6
9738 4838 6
9739 9738 6
9740 9739 6
  3 4903 7
4903 9803 7
1961 2031 7
1962 1961 7
6862 1962 7
6863 6862 7
9015 9016 7
9016 9017 7
9017 9018 7
9018 9019 7
9019 9020 7
9020 9021 7
9021 9022 7
9022 9023 7
9023 9024 7
9024 9025 7
9025 9026 7
9026 9027 7
9027 9028 7
9028 9098 7
4199 4200 7
4200 4270 7
4209 4279 7
9098 9099 7
9099 4199 7
4279 4349 7
9109 4209 7
4349 4419 7
4419 4489 7
9297 9298 7
9298 9299 7
9299 9369 7
4489 4559 7
9369 9370 7
9370 9371 7
9371 9372 7
9372 9373 7
9373 9443 7
4559 4629 7
9443 9444 7
9444 9445 7
9445 9446 7
9446 9447 7
4617 4618 7
9447 9517 7
4618 4619 7
4619 4689 7
4629 4699 7
9517 4617 7
4689 4690 7
4690 4760 7
4699 4769 7
4769 4839 7
9803 9873 7
9873 9943 7
9943 10013 7
10013 10083 7
10083 10153 7
10153 10223 7
10223 10293 7
10293 10363 7
10363 10433 7
10433 10503 7
10503 10573 7
10573 10643 7
10643 10713 7
10713 10783 7
10783 10853 7
10853 10923 7
10923 10993 7
10993 11063 7
11063 11133 7
11133 11203 7
11203 11273 7
11273 11343 7
11343 11413 7
11413 11483 7
11483 11553 7
11553 11623 7
11623 11693 7
11693 11763 7
11763 6863 7
11763 11833 7
11833 11834 7
11834 11904 7
11904 11974 7
11974 12044 7
12044 12114 7
12114 12184 7
12184 12254 7
12254 12324 7
12324 12394 7
12394 12464 7
12464 12534 7
12534 12604 7
12604 12674 7
12674 12675 7
12675 12676 7
12676 12746 7
12746 12747 7
12747 12748 7
12748 12818 7
12818 12888 7
12888 12958 7
12958 13028 7
13028 13098 7
13098 13168 7
13168 13238 7
13238 13308 7
13308 13378 7
13378 13448 7
13448 13518 7
13518 13588 7
13588 13589 7
13589 13659 7
13659 13729 7
13729 13730 7
13729 13799 7
13730 13731 7
13731 13732 7
13732 13733 7
13733 13734 7
13734 13735 7
13735 13805 7
13799 13869 7
13805 13806 7
13806 13807 7
13807 13808 7
13808 13809 7
13809 13810 7
13810 13811 7
13811 13812 7
13812 13813 7
13813 13814 7
13814 13815 7
13815 13816 7
13816 13817 7
13817 13818 7
13818 13819 7
13819 13820 7
13820 13821 7
13821 13822 7
13822 13823 7
13823 13893 7
13869 13939 7
13893 13894 7
13894 13895 7
13895 13896 7
13896 13897 7
13897 13898 7
13898 13899 7
13899 13900 7
13900 13901 7
13901 13902 7
13902 13903 7
13903 13904 7
13904 13905 7
13905 13906 7
13906 13907 7
13907 13908 7
13908 13909 7
13909 13910 7
13910 13911 7
13911 13912 7
13912 13913 7
13913 13914 7
13913 13983 7
13914 13915 7
13915 9015 7
13939 14009 7
13983 14053 7
14009 9109 7
14053 14054 7
14054 14055 7
14055 14056 7
14056 14126 7
14126 14196 7
14196 14197 7
14197 9297 7
  9   8 8
  9  10 8
  9  79 8
 10  11 8
 79 4979 8
 11  12 8
 12  13 8
 13  14 8
 14  15 8
 15  16 8
 16  17 8
 17  18 8
 18  19 8
 19  20 8
 20  21 8
 21 4921 8
4921 4922 8
4922 4923 8
4923 4924 8
4924 4925 8
4925 4926 8
4926 4927 8
4927 4928 8
4928 4929 8
4929 4930 8
4930 4931 8
4931 5001 8
4979 5049 8
5001 5002 8
5002 5003 8
5003 5004 8
5004 5005 8
5005 5006 8
5006 5007 8
5007 5008 8
5008 5009 8
5009 5079 8
5049 5119 8
5079 5080 8
5080 5081 8
5081 5082 8
5082 5083 8
5083 5084 8
5084 5085 8
5085 5155 8
279 280 8
5119 5189 8
5155 5156 8
5156 5157 8
5157 5158 8
5158 5159 8
5159 5160 8
5160 5161 8
5161 5162 8
5162 5163 8
5163 5164 8
5164 5165 8
5165 5166 8
5166 5167 8
5167 5168 8
5168 5169 8
5169 5170 8
5170 5171 8
5171 5172 8
5172 5173 8
5173 5174 8
5174 5175 8
5175 5176 8
5176 5177 8
5177 5178 8
5178 5179 8
5178 5248 8
5179 279 8
5189 5259 8
5248 5318 8
5259 10159 8
5318 5388 8
558 628 8
5388 5458 8
628 698 8
5458 558 8
698 768 8
768 838 8
838 908 8
908 978 8
5748 5818 8
978 1048 8
987 1057 8
5817 5887 8
5818 5817 8
1048 1118 8
1057 1127 8
5887 987 8
1118 1188 8
1127 1197 8
1188 1258 8
1195 1265 8
1196 1195 8
1197 1196 8
1258 1259 8
1259 1329 8
1265 1335 8
1329 1399 8
1335 1405 8
1399 1469 8
1404 1474 8
1405 1404 8
1469 1539 8
1473 1543 8
1474 1473 8
1539 1540 8
1540 1610 8
1543 1613 8
1610 1680 8
1613 1683 8
1680 1750 8
1683 1753 8
1750 1820 8
1752 1822 8
1753 1752 8
1820 1890 8
1822 1821 8
1890 1960 8
1960 2030 8
2030 2100 8
2100 2170 8
10159 10229 8
10229 10299 8
10299 10369 8
10368 10438 8
10369 10368 8
10438 10508 8
10508 10578 8
10578 10648 8
10648 5748 8
3429 3499 9
3430 3429 9
3499 3569 9
3569 3639 9
3639 3709 9
3709 3779 9
3779 8679 9
8679 8749 9
8749 8819 9
8819 13719 9
9169 9239 9
4409 4410 9
9239 9309 9
9309 4409 9
9309 9379 9
9379 9449 9
9449 9519 9
9519 9589 9
9589 9659 9
4815 4885 9
4816 4815 9
4817 4816 9
4818 4817 9
4819 4818 9
4820 4819 9
4821 4820 9
4822 4821 9
4823 4822 9
4824 4823 9
4825 4824 9
4826 4825 9
4827 4826 9
4828 4827 9
4829 4828 9
4829 4899 9
9659 9729 9
4884 4883 9
4885 4884 9
9729 4829 9
13719 13789 9
13789 13859 9
13859 13929 9
13929 13999 9
13999 14069 9
14069 9169 9
559 560 10
560 490 10
5459 559 10
632 631 10
633 632 10
634 633 10
635 634 10
5529 5459 10
5535 635 10
5536 5535 10
5537 5536 10
5538 5537 10
5539 5538 10
5540 5539 10
5541 5540 10
5542 5541 10
5543 5542 10
5544 5543 10
5599 5529 10
5614 5544 10
5615 5614 10
5668 5669 10
5669 5599 10
5685 5615 10
5686 5685 10
5687 5686 10
5688 5687 10
5689 5688 10
5690 5689 10
5691 5690 10
5738 5668 10
5761 5691 10
5808 5738 10
5831 5761 10
5832 5831 10
5833 5832 10
5834 5833 10
5835 5834 10
5836 5835 10
5837 5836 10
5838 5837 10
5839 5838 10
5840 5839 10
5878 5808 10
5910 5840 10
5911 5910 10
5912 5911 10
5948 5878 10
5982 5912 10
5983 5982 10
5984 5983 10
5985 5984 10
5986 5985 10
5987 5986 10
5988 5987 10
5989 5988 10
6018 5948 10
6059 5989 10
6060 6059 10
6061 6060 10
6062 6061 10
6063 6062 10
6064 6063 10
6065 6064 10
6066 6065 10
6088 6018 10
6136 6066 10
6137 6136 10
6138 6137 10
6139 6138 10
6158 6088 10
6209 6139 10
6228 6158 10
6279 6209 10
6298 6228 10
6349 6279 10
6350 6349 10
6351 6350 10
6352 6351 10
6353 6352 10
6354 6353 10
6355 6354 10
6356 6355 10
6357 6356 10
6358 6357 10
6359 6358 10
6360 6359 10
6368 6298 10
6430 6360 10
6431 6430 10
6432 6431 10
6433 6432 10
6434 6433 10
6435 6434 10
6436 6435 10
6437 6436 10
6438 6368 10
6438 6437 10
6508 6438 10
6578 6508 10
6648 6578 10
6718 6648 10
6788 6718 10
6858 6788 10
6928 6858 10
6998 6928 10
7068 6998 10
7138 7068 10
7208 7138 10
7278 7208 10
7348 7278 10
9168 14068 10
9238 9168 10
9308 9238 10
9378 9308 10
9448 9378 10
9518 9448 10
9588 9518 10
9658 9588 10
4897 4898 10
4898 9798 10
9728 9658 10
9798 9728 10
12248 7348 10
12318 12248 10
12388 12318 10
12458 12388 10
12528 12458 10
12598 12528 10
12668 12598 10
12738 12668 10
12808 12738 10
12878 12808 10
12948 12878 10
13018 12948 10
13088 13018 10
13158 13088 10
13228 13158 10
13298 13228 10
13368 13298 10
13438 13368 10
13508 13438 10
13578 13508 10
13648 13578 10
13718 13648 10
13788 13718 10
13858 13788 10
13928 13858 10
13998 13928 10
14068 13998 10
