# Cost: 1240

# Tail Head Net
841 771 1
911 841 1
981 911 1
1051 981 1
1121 1051 1
1191 1121 1
1192 1191 1
1262 1192 1
1332 1262 1
1402 1332 1
1472 1402 1
1542 1472 1
1612 1542 1
1682 1612 1
1752 1682 1
1822 1752 1
1892 1822 1
1962 1892 1
2032 1962 1
2102 2032 1
2172 2102 1
2242 2172 1
2312 2242 1
2382 2312 1
2452 2382 1
2522 2452 1
2592 2522 1
2662 2592 1
2732 2662 1
2802 2732 1
2872 2802 1
2942 2872 1
3012 2942 1
3082 3012 1
3152 3082 1
3222 3152 1
3292 3222 1
3362 3292 1
3432 3362 1
3502 3432 1
3572 3502 1
3642 3572 1
3712 3642 1
3782 3712 1
3852 3782 1
3922 3852 1
3992 3922 1
4062 3992 1
4063 4062 1
4133 4063 1
4133 4203 1
4134 4133 1
4135 4134 1
4136 4135 1
4137 4136 1
4138 4137 1
4139 4138 1
4140 4139 1
4141 4140 1
4142 4141 1
4143 4142 1
4144 4143 1
4145 4144 1
4146 4145 1
4147 4146 1
4148 4147 1
4202 4201 1
4203 4202 1
4218 4148 1
4219 4218 1
4220 4219 1
4221 4220 1
4222 4221 1
4223 4222 1
4224 4223 1
4225 4224 1
4226 4225 1
4227 4226 1
4228 4227 1
4229 4228 1
4230 4229 1
4231 4230 1
4232 4231 1
4233 4232 1
4234 4233 1
4235 4234 1
4236 4235 1
4306 4236 1
4376 4306 1
4446 4376 1
4447 4446 1
4517 4447 1
4587 4517 1
4657 4587 1
4727 4657 1
4797 4727 1
4867 4797 1
4867 4868 1
4868 4869 1
4869 4870 1
4870 4871 1
4871 4872 1
4872 4873 1
4873 4874 1
4874 4875 1
4875 4876 1
4876 4877 1
4877 4878 1
4878 4879 1
4879 4880 1
4880 4881 1
4881 4882 1
4882 4883 1
4883 4884 1
4884 4885 1
4885 4886 1
4886 4887 1
4887 4888 1
4888 4889 1
4889 4890 1
4890 4891 1
211 141 2
281 211 2
351 281 2
421 351 2
491 421 2
561 491 2
631 561 2
701 631 2
5601 701 2
5671 5601 2
5741 5671 2
5811 5741 2
5881 5811 2
5951 5881 2
6021 5951 2
6091 6021 2
6161 6091 2
6231 6161 2
6301 6231 2
6371 6301 2
6441 6371 2
6511 6441 2
6581 6511 2
6651 6581 2
6721 1821 2
6721 6651 2
6722 6721 2
6792 6722 2
6862 6792 2
6932 6862 2
7002 6932 2
7072 7002 2
7073 7072 2
7143 7073 2
7213 7143 2
7283 7213 2
7353 7283 2
7423 7353 2
7493 7423 2
7563 7493 2
7633 7563 2
7634 7633 2
7704 7634 2
7705 7704 2
7775 7705 2
7776 7775 2
7777 7776 2
7847 7777 2
7917 7847 2
7918 7917 2
7988 7918 2
8058 7988 2
8128 8058 2
8129 8128 2
8199 8129 2
8200 8199 2
8270 8200 2
8340 8270 2
8410 8340 2
8480 8410 2
8550 8480 2
8620 8550 2
8621 8620 2
8691 8621 2
8761 8691 2
8831 8761 2
8901 8831 2
8971 8901 2
8972 8971 2
8973 8972 2
8974 8973 2
9044 8974 2
9045 9044 2
9046 9045 2
9116 9046 2
9186 9116 2
9256 9186 2
9326 9256 2
9396 9326 2
9466 9396 2
9536 9466 2
9606 9536 2
4846 4847 2
4846 9746 2
9676 9606 2
4847 4848 2
4848 4849 2
4849 4850 2
4850 4851 2
4851 4852 2
4852 4853 2
4853 4854 2
9746 9676 2
4970  70 3
2101 7001 3
7001 7071 3
7071 7141 3
7141 7142 3
7142 7212 3
7212 7282 3
7282 7352 3
7352 7422 3
7422 7492 3
7492 7562 3
7562 7632 3
7632 7702 3
2803 2804 3
2804 2805 3
2805 2806 3
2806 2807 3
2807 2808 3
2808 2809 3
2809 2810 3
2810 2811 3
2811 2881 3
7702 7703 3
7703 2803 3
2881 2882 3
2882 2883 3
2883 2884 3
2884 2885 3
2885 2886 3
2886 2887 3
2887 2957 3
2957 2958 3
2958 2959 3
2959 2960 3
2960 2961 3
2961 2962 3
2962 2963 3
2963 3033 3
3033 3034 3
3034 3035 3
3035 3036 3
3036 3037 3
3037 3038 3
3038 3039 3
3039 3109 3
3109 3110 3
3110 3111 3
3111 3181 3
3181 3182 3
3182 3183 3
3183 3184 3
3184 3185 3
3185 3186 3
3186 3187 3
3187 3188 3
3188 3189 3
3189 3190 3
3190 3191 3
3191 3192 3
3192 3193 3
3193 3194 3
3194 3195 3
3195 3196 3
3196 3197 3
3197 3198 3
3198 3199 3
3199 3200 3
3200 3201 3
3201 3202 3
3202 3203 3
3203 3204 3
3204 3205 3
3205 3206 3
3206 3207 3
3207 3208 3
3208 3209 3
3209 3210 3
3210 3211 3
3211 3212 3
3212 3213 3
3213 3214 3
3214 3215 3
3215 3216 3
3216 3217 3
3217 3218 3
3218 3288 3
3288 3289 3
3289 3359 3
3289 8189 3
8120 13020 3
3359 3429 3
8189 8259 3
8190 8120 3
3429 3499 3
8259 8260 3
8260 8190 3
3499 3500 3
3500 3570 3
3570 3640 3
3640 3710 3
3710 8610 3
8610 8680 3
8680 8750 3
8750 8820 3
8820 8890 3
8890 8960 3
8960 9030 3
9030 9100 3
9100 9170 3
9170 9240 3
9240 9310 3
9310 4410 3
9870 4970 3
9940 9870 3
10010 9940 3
10080 10010 3
10150 10080 3
10220 10150 3
10290 10220 3
10360 10290 3
10430 10360 3
10500 10430 3
10570 10500 3
10640 10570 3
10710 10640 3
10780 10710 3
10850 10780 3
10920 10850 3
10990 10920 3
11060 10990 3
11130 11060 3
11200 11130 3
11270 11200 3
11340 11270 3
11410 11340 3
11480 11410 3
11550 11480 3
11620 11550 3
11690 11620 3
11760 11690 3
11830 11760 3
11900 11830 3
11970 11900 3
12040 11970 3
12110 12040 3
12180 12110 3
12250 12180 3
12320 12250 3
12390 12320 3
12460 12390 3
12530 12460 3
12600 12530 3
12670 12600 3
12740 12670 3
12810 12740 3
12880 12810 3
12950 12880 3
13020 12950 3
 15  14 4
4915  15 4
 92  22 4
4985 4915 4
4986 4985 4
4987 4986 4
4988 4987 4
4989 4988 4
4990 4989 4
4991 4990 4
4992  92 4
4992 4991 4
4993 4992 4
4994 4993 4
4995 4994 4
5065 4995 4
5135 5065 4
5205 5135 4
5275 5205 4
5345 5275 4
5415 5345 4
5485 5415 4
5555 5485 4
5625 5555 4
5695 5625 4
5696 5695 4
5697 5696 4
5698 5697 4
5699 5698 4
5700 5699 4
5701 5700 4
5771 5701 4
5841 5771 4
5911 5841 4
5981 5911 4
5982 5981 4
6052 5982 4
6122 6052 4
6192 6122 4
6262 6192 4
6332 6262 4
6402 6332 4
6472 6402 4
6542 6472 4
6612 6542 4
6682 6612 4
6752 6682 4
6822 6752 4
6892 6822 4
6962 6892 4
7032 6962 4
7102 7032 4
7172 7102 4
7242 7172 4
7312 7242 4
7382 7312 4
7452 7382 4
7522 7452 4
7592 7522 4
7662 7592 4
7732 7662 4
7802 7732 4
7872 7802 4
7942 7872 4
8012 7942 4
8082 8012 4
8152 8082 4
8222 8152 4
8292 8222 4
8362 8292 4
8432 8362 4
8502 8432 4
8572 8502 4
8642 8572 4
8712 8642 4
8782 8712 4
8852 8782 4
8922 8852 4
8992 8922 4
9062 8992 4
9132 9062 4
9202 9132 4
9272 9202 4
9342 9272 4
9412 9342 4
9482 9412 4
9552 9482 4
4792 9692 4
9622 9552 4
4862 4792 4
9692 9622 4
4863 4862 4
4864 4863 4
4865 4864 4
4866 4865 4
4929  29 5
2731 7631 5
7631 12531 5
4269 4270 5
9167 9168 5
9168 9169 5
9169 4269 5
9829 4929 5
9899 9829 5
9969 9899 5
10039 9969 5
10109 10039 5
10179 10109 5
10249 10179 5
10319 10249 5
10389 10319 5
10459 10389 5
10529 10459 5
10599 10529 5
10669 10599 5
10739 10669 5
10809 10739 5
10879 10809 5
10949 10879 5
11019 10949 5
11089 11019 5
11159 11089 5
11229 11159 5
11299 11229 5
11369 11299 5
11439 11369 5
11509 11439 5
11579 11509 5
11649 11579 5
11719 11649 5
11789 11719 5
11859 11789 5
11929 11859 5
11999 11929 5
12069 11999 5
12139 12069 5
12209 12139 5
12279 12209 5
12349 12279 5
12419 12349 5
12489 12419 5
12531 12532 5
12532 12533 5
12533 12534 5
12534 12535 5
12535 12536 5
12536 12537 5
12537 12538 5
12538 12539 5
12539 12540 5
12540 12541 5
12541 12542 5
12542 12543 5
12543 12544 5
12544 12545 5
12545 12546 5
12546 12547 5
12547 12548 5
12548 12549 5
12549 12550 5
12550 12551 5
12551 12552 5
12552 12553 5
12553 12554 5
12554 12555 5
12555 12556 5
12556 12557 5
12557 12558 5
12558 12559 5
12559 12489 5
12559 12560 5
12560 12630 5
12630 12631 5
12631 12632 5
12632 12633 5
12633 12634 5
12634 12635 5
12635 12636 5
12636 12637 5
12637 12638 5
12638 12639 5
12639 12640 5
12640 12641 5
12641 12642 5
12642 12643 5
12643 12644 5
12644 12645 5
12645 12646 5
12646 12647 5
12647 12648 5
12648 12649 5
12649 12650 5
12650 12651 5
12651 12652 5
12652 12653 5
12653 12654 5
12654 12655 5
12655 12656 5
12656 12726 5
12726 12727 5
12727 12728 5
12728 12798 5
12798 12868 5
12868 12869 5
12869 12870 5
12870 12871 5
12871 12941 5
12941 13011 5
13011 13012 5
13012 13082 5
13082 13152 5
13152 13222 5
13222 13223 5
13223 13293 5
13293 13363 5
13363 13433 5
13433 13434 5
13434 13504 5
13504 13574 5
13574 13575 5
13575 13645 5
13645 13646 5
13646 13716 5
13716 13717 5
13717 13787 5
13787 13857 5
13857 13927 5
13927 13997 5
13997 14067 5
14067 9167 5
1610 1540 6
1680 1610 6
1750 1680 6
1820 1750 6
1890 1820 6
1960 1890 6
2030 1960 6
2100 2030 6
2170 2100 6
2240 2170 6
2310 2240 6
2380 2310 6
2450 2380 6
2520 2450 6
2590 2520 6
2660 2590 6
2730 2660 6
2800 2730 6
2870 2800 6
2940 2870 6
3010 2940 6
3080 3010 6
3150 3080 6
3220 3150 6
3290 3220 6
3360 3290 6
3430 3360 6
8330 3430 6
8400 8330 6
8470 8400 6
8539 8540 6
8540 8470 6
8609 8539 6
8679 8609 6
8749 8679 6
8819 8749 6
8889 8819 6
8959 8889 6
9028 9029 6
9029 8959 6
9096 9097 6
9097 9098 6
9098 9028 6
9166 9096 6
9236 9166 6
9306 9236 6
9376 9306 6
9446 9376 6
9502 9503 6
9503 9504 6
9504 9505 6
9505 9506 6
9506 9507 6
9507 9508 6
9508 9509 6
9509 9510 6
9510 9511 6
9511 9512 6
9512 9513 6
9513 9514 6
9514 9515 6
9515 9516 6
9516 9446 6
9571 9572 6
9572 9502 6
9632 9633 6
9633 9634 6
9634 9635 6
9635 9636 6
9636 9637 6
9637 9638 6
9638 9639 6
9639 9640 6
9640 9641 6
9641 9571 6
4857 9757 6
9697 9698 6
9698 9699 6
9699 9700 6
9700 9701 6
9701 9702 6
9702 9632 6
9757 9758 6
9758 9759 6
9759 9760 6
9760 9761 6
9761 9762 6
9762 9763 6
9763 9764 6
9764 9765 6
9765 9766 6
9766 9767 6
9767 9697 6
103  33 7
173 103 7
243 173 7
313 243 7
383 313 7
5283 383 7
5353 5283 7
526 527 7
527 528 7
528 529 7
529 530 7
530 531 7
531 532 7
532 533 7
533 534 7
534 535 7
535 536 7
536 537 7
537 538 7
538 539 7
539 540 7
540 541 7
541 542 7
542 543 7
543 544 7
544 545 7
545 546 7
546 547 7
547 548 7
548 549 7
549 550 7
550 551 7
551 552 7
552 553 7
553 554 7
554 555 7
555 556 7
556 557 7
557 558 7
558 559 7
559 560 7
5423 5353 7
5423 5424 7
5424 5425 7
5425 5426 7
5426 526 7
5493 5423 7
5563 5493 7
5633 5563 7
5703 5633 7
5773 5703 7
5843 5773 7
5913 5843 7
5983 5913 7
6053 5983 7
6123 6053 7
6193 6123 7
6263 6193 7
6333 6263 7
6403 6333 7
6473 6403 7
6543 6473 7
6613 6543 7
6683 6613 7
6753 6683 7
6823 6753 7
6893 6823 7
6963 6893 7
7033 6963 7
7103 7033 7
7173 7103 7
7243 7173 7
7313 7243 7
7383 7313 7
7453 7383 7
7523 7453 7
7593 7523 7
7663 7593 7
7733 7663 7
7803 7733 7
3501 8401 7
8338 13238 7
3571 3501 7
8401 8402 7
8402 8403 7
8403 8404 7
8404 8405 7
8405 8406 7
8406 8407 7
8407 8408 7
8408 8338 7
3641 3571 7
12696 12697 7
12697 12698 7
12698 12699 7
12699 12700 7
12700 12701 7
12701 12702 7
12702 12703 7
12703 7803 7
12765 12766 7
12766 12696 7
12831 12832 7
12832 12833 7
12833 12834 7
12834 12835 7
12835 12765 7
12901 12831 7
12969 12970 7
12970 12971 7
12971 12901 7
13037 13038 7
13038 13039 7
13039 12969 7
13106 13107 7
13107 13037 7
13172 13173 7
13173 13174 7
13174 13175 7
13175 13176 7
13176 13106 7
13238 13239 7
13239 13240 7
13240 13241 7
13241 13242 7
13242 13172 7
 17  18 8
 18  19 8
 87  17 8
 19  20 8
 20  21 8
 21 4921 8
4921 4922 8
4922 4923 8
4923 4924 8
4924 4925 8
4925 4926 8
4926 4927 8
4927 4928 8
4928 4998 8
4961 4962 8
4962 4963 8
4963 4964 8
4964 4965 8
4965 4966 8
 67  68 8
4966 4967 8
 68  69 8
4967  67 8
157  87 8
4998 4999 8
4999 5000 8
5000 5001 8
5001 5002 8
5002 5003 8
5003 5004 8
5004 5005 8
5005 5006 8
5006 5007 8
5007 5008 8
5008 5009 8
5009 5010 8
5010 5011 8
5011 5012 8
5012 5013 8
5013 5014 8
5014 5015 8
5015 5016 8
5016 5017 8
5017 5018 8
5018 5019 8
5019 5020 8
5020 5021 8
5021 5022 8
5022 5023 8
5023 5024 8
5024 5025 8
5025 5026 8
5026 5027 8
5027 5028 8
5028 5029 8
5029 5030 8
5030 5031 8
5031 4961 8
5057 157 8
5127 5057 8
5197 5127 8
5267 5197 8
5337 5267 8
5407 5337 8
5477 5407 8
5547 5477 8
5617 5547 8
5687 5617 8
5757 5687 8
5827 5757 8
5897 5827 8
5967 5897 8
6037 5967 8
6107 6037 8
6177 6107 8
6247 6177 8
6317 6247 8
6387 6317 8
6457 6387 8
6527 6457 8
6597 6527 8
6667 6597 8
6737 6667 8
6807 6737 8
6877 6807 8
6947 6877 8
7017 6947 8
7087 7017 8
7157 7087 8
7227 7157 8
7297 7227 8
7367 7297 8
7437 7367 8
7507 7437 8
7577 7507 8
7647 7577 8
7717 7647 8
7787 7717 8
7857 7787 8
7927 7857 8
7997 7927 8
8067 7997 8
8137 8067 8
8207 8137 8
8277 8207 8
8347 8277 8
8417 8347 8
8487 8417 8
8557 8487 8
8627 8557 8
8697 8627 8
8767 8697 8
8837 8767 8
8907 8837 8
8977 8907 8
4205 4206 8
4206 4207 8
4207 4208 8
4208 4209 8
4209 4210 8
4210 4211 8
4211 4212 8
4212 4213 8
4213 4214 8
4214 4215 8
4215 4216 8
4216 4217 8
4217 9117 8
9047 8977 8
4271 4272 8
4272 4273 8
4273 4274 8
4274 4275 8
4275 4205 8
9117 9047 8
4341 4271 8
4411 4341 8
4481 4411 8
4551 4481 8
  9  79 9
 79 149 9
149 150 9
150 151 9
151 152 9
152 222 9
222 223 9
223 224 9
224 225 9
225 226 9
226 227 9
227 228 9
228 229 9
229 230 9
230 231 9
231 232 9
232 233 9
233 234 9
234 235 9
235 236 9
236 237 9
237 238 9
238 239 9
239 240 9
240 5140 9
247 317 9
5140 5141 9
5141 5142 9
5142 5143 9
5143 5144 9
5144 5145 9
5145 5146 9
5146 5147 9
317 318 9
5147 247 9
318 319 9
319 320 9
320 321 9
321 322 9
322 323 9
323 324 9
324 325 9
325 326 9
326 327 9
327 328 9
328 329 9
329 330 9
330 331 9
331 332 9
332 333 9
333 334 9
334 335 9
335 336 9
336 337 9
337 338 9
338 339 9
339 340 9
340 341 9
341 342 9
342 343 9
343 344 9
344 345 9
345 346 9
346 347 9
347 348 9
348 349 9
349 350 9
 25  95 10
 95 165 10
165 166 10
166 167 10
167 168 10
168 169 10
169 170 10
170 5070 10
5070 5071 10
5071 5072 10
5072 5073 10
5073 5074 10
5074 5075 10
5075 5076 10
5076 5077 10
5077 5078 10
5078 5079 10
5079 5080 10
5080 5081 10
5081 5082 10
5082 5083 10
5083 5084 10
5084 5085 10
5085 5086 10
5086 5087 10
5087 5088 10
5088 5089 10
5089 5090 10
5090 5091 10
5091 5092 10
5092 5093 10
5093 5094 10
5094 5095 10
5095 5096 10
5096 5097 10
5097 5098 10
5098 5099 10
5099 5100 10
5100 5101 10
5101 5102 10
5102 5103 10
5103 5104 10
5104 5105 10
5105 5106 10
5106 5107 10
5107 5108 10
5108 5178 10
5178 5248 10
5248 5318 10
5318 5388 10
5388 5458 10
5458 5528 10
5528 5598 10
5598 5668 10
5668 5738 10
5738 5808 10
5808 5878 10
5878 5948 10
5948 6018 10
6018 6088 10
6088 6158 10
6158 6228 10
6228 6298 10
6298 6368 10
6368 6438 10
6438 6508 10
6508 6578 10
6578 6648 10
6648 6718 10
6718 6788 10
6788 6858 10
6858 6928 10
6928 6998 10
6998 7068 10
7068 7138 10
7138 7208 10
7208 7278 10
7278 7348 10
7348 7418 10
7418 7488 10
7488 7558 10
7558 7628 10
7628 7698 10
7698 7768 10
7768 7838 10
7838 7908 10
7908 7978 10
7978 8048 10
8048 8118 10
8118 8188 10
3358 3428 10
8188 8258 10
3428 3498 10
8258 3358 10
3498 3568 10
3568 3569 10
3569 3639 10
3639 3709 10
3709 3779 10
3779 3780 10
 38 108 11
 39  38 11
108 178 11
 40  39 11
 41  40 11
 42  41 11
 43  42 11
178 248 11
248 5148 11
5148 5218 11
5217 5287 11
5218 5217 11
5287 5357 11
5357 5427 11
5427 5497 11
5494 5564 11
5495 5494 11
5496 5495 11
5497 5496 11
5564 5634 11
5634 5704 11
5704 5774 11
5774 5844 11
5844 5914 11
5914 5984 11
5984 6054 11
6054 6124 11
6124 6194 11
6194 6264 11
6264 6334 11
6334 6404 11
6404 6474 11
6474 6544 11
6544 6614 11
6614 6684 11
6684 6754 11
6754 6824 11
6824 6894 11
6894 6964 11
6964 7034 11
7034 7104 11
7104 7174 11
7174 7244 11
7244 7314 11
7314 7384 11
7384 7454 11
7454 7524 11
7524 7594 11
7594 7664 11
7664 7734 11
7734 7804 11
7804 7874 11
7873 7943 11
7874 7873 11
7943 8013 11
8013 8083 11
8083 8153 11
8153 8223 11
8223 8293 11
8293 8363 11
8363 8433 11
8433 8503 11
8503 8573 11
8573 8643 11
8643 8713 11
8713 8783 11
8783 8853 11
8853 8923 11
8923 8993 11
8993 9063 11
9063 9133 11
4302 4372 11
4303 4302 11
9133 9203 11
4368 4438 11
4369 4368 11
4370 4369 11
4371 4370 11
4372 4371 11
9203 4303 11
4437 4507 11
4438 4437 11
4504 4574 11
4505 4504 11
4506 4505 11
4507 4506 11
4572 4642 11
4573 4572 11
4574 4573 11
4623 4693 11
4624 4623 11
4625 4624 11
4626 4625 11
4627 4626 11
4628 4627 11
4629 4628 11
4630 4629 11
4631 4630 11
4632 4631 11
4633 4632 11
4634 4633 11
4635 4634 11
4636 4635 11
4637 4636 11
4638 4637 11
4639 4638 11
4640 4639 11
4641 4640 11
4642 4641 11
4692 4762 11
4693 4692 11
4761 4831 11
4762 4761 11
