# Cost: 895

# Tail Head Net
 33  83 1
 83 133 1
133 183 1
183 233 1
233 234 1
234 284 1
246 247 1
247 248 1
248 249 1
249 250 1
284 334 1
295 296 1
296 246 1
334 335 1
335 385 1
340 341 1
341 342 1
342 392 1
345 295 1
385 386 1
386 387 1
387 388 1
387 437 1
388 389 1
389 390 1
390 340 1
392 393 1
393 394 1
394 395 1
395 345 1
437 487 1
487 537 1
537 587 1
587 588 1
588 638 1
638 688 1
688 738 1
738 788 1
788 838 1
838 888 1
888 938 1
938 939 1
939 989 1
989 1039 1
1039 1089 1
1089 1139 1
1139 1189 1
1189 1239 1
1239 1289 1
1289 1339 1
1339 1389 1
1389 1439 1
1402 1401 1
1439 1489 1
1452 1402 1
1453 1452 1
1454 1453 1
1455 1454 1
1456 1455 1
1457 1456 1
1458 1457 1
1459 1458 1
1460 1459 1
1461 1460 1
1462 1461 1
1463 1462 1
1464 1463 1
1465 1464 1
1466 1465 1
1467 1466 1
1468 1467 1
1469 1468 1
1470 1469 1
1471 1470 1
1472 1471 1
1473 1472 1
1474 1473 1
1475 1474 1
1476 1475 1
1477 1476 1
1478 1477 1
1479 1478 1
1480 1479 1
1481 1480 1
1482 1481 1
1483 1482 1
1484 1483 1
1485 1484 1
1486 1485 1
1487 1486 1
1488 1487 1
1489 1488 1
1489 1539 1
1539 1589 1
1589 1639 1
1639 1689 1
1689 1739 1
1739 1789 1
1789 1839 1
1839 1889 1
1889 1890 1
1890 1940 1
1940 1941 1
1941 1991 1
1991 2041 1
2041 2091 1
2091 2141 1
2141 2191 1
2191 2241 1
2241 2291 1
2291 2341 1
2341 2391 1
2391 2392 1
2392 2442 1
2442 2443 1
2443 2444 1
2444 2494 1
 66 116 2
 18  68 2
 67  66 2
 19  18 2
 68  67 2
 20  19 2
 21  20 2
 22  21 2
 23  22 2
 24  23 2
 25  24 2
2525  25 2
2526 2525 2
2527 2526 2
2528 2527 2
2529 2528 2
2530 2529 2
2531 2530 2
2532 2531 2
2533 2532 2
2534 2533 2
2535 2534 2
2536 2535 2
2537 2536 2
2538 2537 2
 40  41 2
 40 2540 2
2539 2538 2
 41  42 2
2540 2539 2
 42  43 2
 43  44 2
 44  45 2
 45  46 2
 46  47 2
 47  48 2
 48  49 2
116 166 2
166 216 2
215 265 2
216 215 2
262 312 2
263 262 2
264 263 2
265 264 2
312 362 2
362 412 2
412 462 2
462 512 2
506 556 2
507 506 2
508 507 2
509 508 2
510 509 2
511 510 2
512 511 2
554 604 2
555 554 2
556 555 2
604 654 2
654 704 2
704 754 2
754 804 2
804 854 2
854 904 2
903 953 2
904 903 2
952 1002 2
953 952 2
1002 1052 2
1052 1102 2
1102 1152 2
1152 1151 2
 16 2516 3
2516 2517 3
2517 2518 3
2518 2519 3
2519 2520 3
2520 2521 3
2521 2522 3
2522 2523 3
2523 2573 3
 80  30 3
2573 2574 3
2574 2575 3
2575 2576 3
2576 2577 3
2577 2578 3
2578 2579 3
2579 2580 3
2580  80 3
2580 2581 3
2581 2582 3
2582 2583 3
2583 2584 3
2584 2585 3
2585 2586 3
2586 2587 3
2587 2588 3
2588 2589 3
2589 2590 3
2590 2591 3
2591 2592 3
2592 2593 3
2593 2594 3
2594 2644 3
2644 2645 3
2645 2695 3
2695 2745 3
2745 2795 3
2795 2845 3
2845 2846 3
2846 2847 3
2847 2897 3
2897 2947 3
2947 2997 3
2997 3047 3
3047 3048 3
3048 3098 3
3098 3148 3
3148 3198 3
748 749 3
3198 3248 3
749 750 3
749 799 3
3248 748 3
799 849 3
849 899 3
899 949 3
949 999 3
999 1049 3
1049 1099 3
1099 1149 3
1149 1199 3
1199 1249 3
1249 1299 3
1299 1349 3
1349 1399 3
1399 1449 3
1449 1499 3
1499 1549 3
1549 1599 3
1599 1649 3
1649 1699 3
1699 1749 3
1749 1799 3
1799 1849 3
1849 1899 3
1899 1949 3
1949 1999 3
1999 2049 3
2049 2099 3
2099 2149 3
2149 2199 3
2199 2249 3
2249 2299 3
2299 2349 3
2349 2399 3
2399 2449 3
2449 2499 3
950 900 4
1000 950 4
1050 1000 4
3550 1050 4
3551 1051 4
3600 3550 4
3601 3551 4
3602 3601 4
3650 3600 4
3652 3602 4
3700 3650 4
3702 3652 4
3703 3702 4
3704 3703 4
3705 3704 4
3706 3705 4
3707 3706 4
3708 3707 4
3750 1250 4
3750 3700 4
3758 3708 4
3799 3800 4
3800 3750 4
3808 3758 4
3809 3808 4
3810 3809 4
3811 3810 4
3812 3811 4
3848 3849 4
3849 3799 4
3862 3812 4
3863 3862 4
3898 3848 4
3913 3863 4
3946 3947 4
3947 3948 4
3948 3898 4
3963 3913 4
3994 3995 4
3995 3996 4
3996 3946 4
4013 3963 4
4014 4013 4
4044 3994 4
4064 4014 4
4065 4064 4
4091 4092 4
4092 4093 4
4093 4094 4
4094 4044 4
4115 4065 4
4134 4135 4
4135 4136 4
4136 4137 4
4137 4138 4
4138 4139 4
4139 4140 4
4140 4141 4
4141 4091 4
4165 4115 4
4166 4165 4
4167 4166 4
4168 4167 4
4178 4179 4
4179 4180 4
4180 4181 4
4181 4182 4
4182 4183 4
4183 4184 4
4184 4134 4
4218 4168 4
4228 4178 4
4268 4218 4
4269 4268 4
4277 4278 4
4278 4228 4
4319 4269 4
4326 4327 4
4327 4277 4
4369 4319 4
4370 4371 4
4371 4372 4
4372 4373 4
4373 4374 4
4374 4375 4
4375 4376 4
4376 4326 4
4419 4369 4
4419 4420 4
4420 4370 4
4469 4419 4
4519 4469 4
4568 4569 4
4569 4519 4
4617 4618 4
4618 4568 4
4667 4617 4
4717 4667 4
4767 4717 4
2367 4867 4
4817 4767 4
2417 2367 4
4867 4817 4
2467 2417 4
 53   3 5
103  53 5
153 103 5
203 153 5
253 203 5
303 253 5
353 303 5
403 353 5
2903 403 5
2953 2903 5
3003 2953 5
3053 3003 5
3103 3053 5
3153 3103 5
3203 3153 5
3253 3203 5
3303 3253 5
3353 3303 5
3403 3353 5
3453 3403 5
1053 3553 5
3503 3453 5
1103 1053 5
3553 3503 5
1153 1103 5
1201 1202 5
1202 1203 5
1203 1153 5
1251 1201 5
3751 1251 5
3801 3751 5
3851 3801 5
3901 3851 5
1501 4001 5
3951 3901 5
1551 1501 5
4001 3951 5
1601 1551 5
1601 1651 5
1651 1701 5
1701 1751 5
1751 1752 5
1752 1802 5
1802 1803 5
1803 1853 5
1853 1854 5
1854 1855 5
1855 1905 5
1905 1906 5
1906 1907 5
1907 1908 5
1908 1909 5
1909 1959 5
1959 2009 5
2009 2059 5
2059 2109 5
2109 2110 5
2110 2160 5
2160 2161 5
2161 2162 5
2162 2212 5
2212 2262 5
2262 2263 5
2263 2264 5
2264 2265 5
2265 2315 5
2315 2316 5
2316 2317 5
2317 2318 5
2318 2368 5
2368 2369 5
2369 2370 5
2370 2371 5
2371 2372 5
2372 2373 5
2373 2423 5
2423 2473 5
2473 2474 5
2474 2475 5
2475 2476 5
2476 2477 5
2477 2478 5
2478 2479 5
2479 2480 5
2480 2481 5
2481 2482 5
2482 2483 5
2483 2484 5
2484 2485 5
2485 2486 5
2486 2487 5
2487 2488 5
2488 2489 5
2489 2490 5
2490 2491 5
2491 2492 5
2492 2493 5
 29  79 6
 79 129 6
 89  39 6
129 130 6
130 131 6
131 132 6
132 2632 6
139  89 6
2632 2633 6
2633 2634 6
2634 2635 6
2635 2636 6
2636 2637 6
2637 2638 6
2638 2639 6
2639 139 6
2639 2689 6
2689 2739 6
2739 2789 6
2789 2839 6
2839 2889 6
2889 2939 6
2939 2989 6
2989 3039 6
3039 3089 6
3089 3139 6
3139 3189 6
3189 3239 6
3239 3289 6
3289 3339 6
3339 3389 6
3389 3439 6
3439 3489 6
3489 3539 6
3539 3589 6
3589 3639 6
3639 3689 6
3689 3739 6
3739 3789 6
3789 3839 6
3839 3889 6
3889 3939 6
3939 3989 6
3989 4039 6
4039 4089 6
1590 1591 6
1591 1592 6
1592 1593 6
1593 1594 6
1594 1595 6
1595 1596 6
1596 1597 6
1597 1598 6
1598 4098 6
4089 4090 6
4090 1590 6
4098 4099 6
4099 4100 6
4100 1600 6
501 502 7
501 551 7
502 503 7
503 504 7
504 3004 7
3004 3054 7
3054 3104 7
3104 3154 7
3154 3204 7
3204 3254 7
3254 3304 7
3304 3354 7
3354 3404 7
3404 3454 7
3454 3504 7
1054 1104 7
3504 3554 7
1104 1154 7
3554 1054 7
1154 1204 7
1204 1254 7
1254 1304 7
1304 1354 7
1354 1404 7
1403 3903 7
1404 1403 7
3903 3953 7
3953 4003 7
4003 4053 7
4053 4103 7
4102 4152 7
4103 4102 7
4151 4201 7
4152 4151 7
4201 4251 7
1801 1851 7
4251 4301 7
1851 1901 7
4301 1801 7
  7   8 8
  8   9 8
  9  10 8
 10  11 8
 11  12 8
 12  62 8
 62 112 8
112 162 8
162 2662 8
2662 2712 8
2712 2762 8
2762 2812 8
2812 2813 8
2813 2863 8
2863 2913 8
2913 2914 8
2914 2915 8
2915 2965 8
2965 3015 8
3015 3065 8
3065 3115 8
3115 3165 8
3165 3215 8
3215 3265 8
3265 3315 8
3315 3365 8
3365 3415 8
3415 3465 8
3465 3515 8
3515 3565 8
3565 3615 8
3615 3665 8
3665 3715 8
3715 3765 8
3765 3815 8
3815 3865 8
3865 3915 8
3915 3965 8
1515 1516 8
3965 4015 8
1516 1517 8
1517 1518 8
1518 1519 8
1519 1520 8
1520 1521 8
1521 1522 8
1522 1523 8
1523 1524 8
1524 1525 8
1525 1526 8
1526 1527 8
1527 1528 8
1528 1529 8
1529 1530 8
1530 1531 8
1531 1532 8
1532 1533 8
1533 1534 8
1534 1535 8
1535 1536 8
1536 1586 8
4015 1515 8
1586 1636 8
1636 1686 8
1686 1736 8
1736 1786 8
1786 1836 8
1836 1886 8
1886 1936 8
1936 1986 8
1986 2036 8
2036 2086 8
2086 2136 8
2136 2186 8
2186 2236 8
2236 4736 8
4736 4786 8
4786 4787 8
4787 4788 8
4788 4789 8
4789 4790 8
4790 4791 8
4791 4792 8
4792 4793 8
4793 4794 8
4794 4795 8
4795 4796 8
4796 4797 8
4797 4798 8
4798 4799 8
4799 4849 8
4849 4899 8
4899 4900 8
4900 2400 8
 27  26 9
 28  27 9
452 451 10
453 452 10
454 453 10
455 454 10
456 455 10
457 456 10
458 457 10
459 458 10
460 459 10
2960 460 10
2961 2960 10
2962 2961 10
513 3013 10
514 513 10
515 514 10
3012 2962 10
3013 3012 10
565 515 10
615 565 10
665 615 10
715 665 10
765 715 10
815 765 10
865 815 10
915 865 10
965 915 10
1015 965 10
1065 1015 10
1115 1065 10
1165 1115 10
1215 1165 10
1265 1215 10
1315 1265 10
1365 1315 10
1415 1365 10
1416 1415 10
3916 1416 10
3966 3916 10
4016 3966 10
4066 4016 10
4116 4066 10
4117 4116 10
4118 4117 10
4119 4118 10
4169 4119 10
4170 4169 10
4220 4170 10
4270 4220 10
1825 4325 10
4320 4270 10
4321 4320 10
4322 4321 10
4323 4322 10
4324 4323 10
1875 1825 10
4325 4324 10
1876 1875 10
1877 1876 10
4377 1877 10
4378 4377 10
4379 4378 10
4380 4379 10
4381 4380 10
4382 4381 10
4383 4382 10
4433 4383 10
4434 4433 10
4435 4434 10
4485 4435 10
4486 4485 10
4536 4486 10
4537 4536 10
4538 4537 10
4539 4538 10
4540 4539 10
4541 4540 10
4542 4541 10
4543 4542 10
4544 4543 10
4545 4544 10
4546 4545 10
4547 4546 10
4548 4547 10
4549 4548 10
4550 4549 10
2150 4650 10
4600 4550 10
4650 4600 10
464 465 11
465 466 11
466 516 11
2964 464 11
516 3016 11
538 539 11
539 589 11
3014 2964 11
3016 3017 11
3017 3018 11
3018 3019 11
3019 3020 11
3020 3021 11
3021 3022 11
3022 3023 11
3023 3024 11
3024 3025 11
3025 3026 11
3026 3027 11
3027 3028 11
3028 3029 11
3029 3030 11
3030 3031 11
3031 3032 11
3032 3033 11
3033 3034 11
3034 3035 11
3035 3036 11
3036 3037 11
3037 3038 11
3038 538 11
589 639 11
3064 3014 11
639 689 11
3114 3064 11
689 690 11
690 691 11
691 692 11
692 693 11
693 694 11
694 695 11
695 696 11
696 697 11
697 698 11
698 699 11
699 700 11
3164 3114 11
3214 3164 11
3264 3214 11
3314 3264 11
3364 3314 11
3414 3364 11
3464 3414 11
3514 3464 11
3564 3514 11
3614 3564 11
3663 3664 11
3664 3614 11
1252 3752 11
1257 1258 11
1258 1259 11
1259 1260 11
1260 1261 11
1261 1262 11
1262 3762 11
3712 3713 11
3713 3663 11
1301 1302 11
1302 1252 11
3752 3753 11
3753 3754 11
3754 3755 11
3755 3756 11
3756 3757 11
3757 1257 11
3762 3712 11
2851 2901 12
2852 2851 12
2853 2852 12
2854 2853 12
2901 2951 12
2904 2854 12
2905 2904 12
2951 3001 12
2955 2905 12
3001 3051 12
3005 2955 12
3051 3101 12
3055 3005 12
651 701 12
3101 3151 12
3105 3055 12
701 751 12
3151 651 12
3155 3105 12
751 801 12
3205 3155 12
801 851 12
3255 3205 12
851 901 12
3305 3255 12
901 951 12
3355 3305 12
3405 3355 12
3455 3405 12
3505 3455 12
3555 3505 12
1155 3655 12
3605 3555 12
1205 1155 12
3655 3605 12
1255 1205 12
1305 1255 12
3805 1305 12
3854 3855 12
3855 3805 12
3904 3854 12
3954 3904 12
4004 3954 12
4054 4004 12
4104 4054 12
4153 4154 12
4154 4104 12
4203 4153 12
4252 4253 12
4253 4203 12
4302 4252 12
4352 4302 12
1952 4452 12
4402 4352 12
2002 1952 12
4452 4402 12
2051 2052 12
2052 2002 12
2101 2051 12
