# Cost: 1365

# Tail Head Net
 33  34 1
 34 3634 1
 93  33 1
3634 3635 1
3635 3636 1
3636 3637 1
3637 3638 1
3638 3639 1
3639 3640 1
 41  42 1
3640 3641 1
 42  43 1
3641  41 1
153  93 1
212 213 1
213 153 1
272 212 1
331 332 1
332 272 1
391 331 1
451 391 1
510 511 1
511 451 1
570 510 1
630 570 1
690 630 1
750 690 1
809 810 1
810 750 1
869 809 1
929 869 1
989 929 1
1049 989 1
1109 1049 1
1169 1109 1
1229 1169 1
1289 1229 1
1349 1289 1
1409 1349 1
1469 1409 1
1529 1469 1
1589 1529 1
1649 1589 1
1709 1649 1
1769 1709 1
1829 1769 1
1889 1829 1
1949 1889 1
1982 2042 1
1985 5585 1
1986 1985 1
1987 1986 1
1988 1987 1
1989 1988 1
1990 1989 1
1991 1990 1
1992 1991 1
1993 1992 1
1994 1993 1
1995 1994 1
1996 1995 1
1997 1996 1
1998 1997 1
1999 1998 1
2000 1999 1
2001 2000 1
2002 2001 1
2003 2002 1
2004 2003 1
2005 2004 1
2006 2005 1
2007 2006 1
2008 2007 1
2009 1949 1
2009 2008 1
2042 2041 1
5582 1982 1
5583 5582 1
5584 5583 1
5585 5584 1
2069 2009 1
2129 2069 1
2189 2129 1
2249 2189 1
2309 2249 1
2369 2309 1
2429 2369 1
2489 2429 1
2549 2489 1
2609 2549 1
2609 2610 1
2610 2611 1
2611 2612 1
2612 2613 1
2613 2614 1
2632 2633 1
2633 2634 1
2634 2635 1
2635 2636 1
2636 2637 1
2637 2638 1
2638 2639 1
2639 2640 1
2669 2609 1
2614 6214 1
6214 6215 1
6215 6216 1
6216 6217 1
6217 6218 1
6218 6219 1
6219 6220 1
6220 6221 1
6221 6222 1
6222 6223 1
6223 6224 1
6224 6225 1
6225 6226 1
6226 6227 1
6227 6228 1
6228 6229 1
6229 6230 1
6230 6231 1
6231 6232 1
6232 2632 1
2729 2669 1
2789 2729 1
2849 2789 1
2909 2849 1
2969 2909 1
3029 2969 1
3089 3029 1
3149 3089 1
3209 3149 1
3268 3269 1
3269 3209 1
3325 3326 1
3326 3327 1
3327 3328 1
3328 3268 1
3384 3385 1
3385 3325 1
3441 3442 1
3442 3443 1
3443 3444 1
3444 3384 1
3500 3501 1
3501 3441 1
3559 3560 1
3560 3500 1
 23  83 2
 83 143 2
 44  45 2
103 104 2
 45  46 2
104  44 2
143 203 2
143 3743 2
163 103 2
203 263 2
3743 3744 2
3744 3745 2
3745 3746 2
3746 3747 2
3747 3748 2
3748 3749 2
3749 3750 2
3750 3751 2
3751 3752 2
3752 3812 2
3763 163 2
263 323 2
3812 3872 2
3823 3763 2
323 383 2
3872 3873 2
3873 3874 2
3874 3875 2
3875 3876 2
3876 3877 2
3877 3878 2
3878 3879 2
3879 3880 2
3880 3881 2
3881 3882 2
3882 3883 2
3883 3823 2
3883 3943 2
349 409 2
383 443 2
3943 3944 2
3944 4004 2
3945 3946 2
3946 3947 2
3947 3948 2
3948 3949 2
409 469 2
3949 349 2
441 501 2
442 441 2
443 442 2
4004 4005 2
4005 3945 2
469 470 2
470 530 2
501 561 2
530 531 2
531 591 2
560 620 2
561 560 2
591 651 2
619 679 2
620 619 2
651 711 2
676 736 2
677 676 2
678 677 2
679 678 2
711 771 2
736 796 2
771 772 2
771 831 2
772 773 2
773 774 2
774 775 2
775 776 2
776 777 2
777 778 2
778 779 2
779 780 2
780 840 2
793 853 2
794 793 2
795 794 2
796 795 2
831 891 2
840 900 2
851 911 2
852 851 2
853 852 2
891 951 2
908 968 2
909 908 2
910 909 2
911 910 2
951 1011 2
966 1026 2
967 966 2
968 967 2
1011 1071 2
1026 1086 2
1071 1131 2
1086 1146 2
1131 1191 2
1146 1206 2
1190 1250 2
1191 1190 2
1204 1264 2
1205 1204 2
1206 1205 2
1206 1266 2
1250 1310 2
1262 1261 2
1263 1262 2
1264 1263 2
1266 1326 2
1310 1370 2
1326 1386 2
1370 1430 2
1386 1446 2
1430 1490 2
1446 1506 2
1490 1550 2
1506 1566 2
1550 1610 2
1566 1626 2
1610 1670 2
1626 1686 2
1670 1730 2
1686 1746 2
1730 1790 2
1743 1803 2
1744 1743 2
1745 1744 2
1746 1745 2
1790 1850 2
1803 1863 2
1850 1910 2
1863 1923 2
1910 1970 2
1923 1983 2
1970 2030 2
1983 2043 2
2030 2090 2
2043 2103 2
2090 2150 2
2101 2161 2
2102 2101 2
2103 2102 2
2150 2210 2
2161 2221 2
2210 2270 2
2221 2281 2
2270 2330 2
2330 2390 2
2390 2450 2
2450 2510 2
2510 2570 2
2570 2571 2
2571 2631 2
2631 2691 2
2691 2751 2
2751 2811 2
2811 2871 2
2871 2931 2
2931 2932 2
2932 2992 2
2992 2993 2
2993 3053 2
3053 3054 2
3054 3055 2
3055 3056 2
3056 3057 2
3057 3117 2
3117 3177 2
3177 3178 2
3178 3179 2
3179 3180 2
3180 3240 2
3240 3300 2
 63   3 3
 95  35 3
3659  59 3
122 121 3
123  63 3
123 122 3
124 123 3
125 124 3
126 125 3
127 126 3
128 127 3
129 128 3
130 129 3
131 130 3
132 131 3
133 132 3
134 133 3
135 134 3
136 135 3
137 136 3
138 137 3
139 138 3
140 139 3
141 140 3
155  95 3
3719 3659 3
201 141 3
215 155 3
3779 3719 3
261 201 3
275 215 3
3839 3779 3
321 261 3
335 275 3
3899 3839 3
381 321 3
395 335 3
3959 3899 3
3981 381 3
3982 3981 3
3983 3982 3
3984 3983 3
455 395 3
4019 3959 3
4044 3984 3
4045 4044 3
515 455 3
4079 4019 3
4105 4045 3
575 515 3
4139 4079 3
4165 4105 3
635 575 3
4199 4139 3
4225 4165 3
4226 4225 3
4227 4226 3
4228 4227 3
4229 4228 3
4230 4229 3
695 635 3
4259 4199 3
4290 4230 3
4291 4290 3
4292 4291 3
4293 4292 3
4294 4293 3
755 695 3
4295 4294 3
4296 4295 3
4297 4296 3
4298 4297 3
4319 4259 3
815 755 3
4358 4298 3
4379 4319 3
4380 4379 3
875 815 3
4418 4358 3
4419 4418 3
4440 4380 3
935 875 3
4479 4419 3
4500 4440 3
995 935 3
4539 4479 3
4540 4539 3
4541 4540 3
4542 4541 3
4543 4542 3
4544 4543 3
4545 4544 3
4546 4545 3
4547 4546 3
4560 4500 3
1055 995 3
4607 4547 3
4620 4560 3
1115 1055 3
4667 4607 3
4680 4620 3
1175 1115 3
4727 4667 3
4740 4680 3
1235 1175 3
4787 4727 3
4800 4740 3
1295 1235 3
4847 4787 3
4860 4800 3
1355 1295 3
4907 4847 3
4920 4860 3
1415 1355 3
4967 4907 3
4980 4920 3
1475 1415 3
5027 4967 3
5040 4980 3
1535 1475 3
5087 5027 3
5100 5040 3
1595 1535 3
1607 5207 3
5147 5087 3
5160 5100 3
1655 1595 3
1667 1607 3
5207 5147 3
5220 5160 3
1715 1655 3
1727 1667 3
5280 5220 3
1775 1715 3
1787 1727 3
1788 1787 3
5340 5280 3
1835 1775 3
1848 1788 3
5400 5340 3
1895 1835 3
1908 1848 3
5460 5400 3
1955 1895 3
1968 1908 3
5520 5460 3
2015 1955 3
2028 1968 3
5580 5520 3
2075 2015 3
2088 2028 3
5640 5580 3
2135 2075 3
2148 2088 3
5700 5640 3
2195 2135 3
2208 2148 3
5760 5700 3
2255 2195 3
2268 2208 3
5820 5760 3
2315 2255 3
2328 2268 3
5880 5820 3
2375 2315 3
2388 2328 3
5940 5880 3
2435 2375 3
2436 2435 3
2437 2436 3
2438 2437 3
2439 2438 3
2440 2439 3
2448 2388 3
6000 5940 3
2500 2440 3
2508 2448 3
6060 6000 3
2560 2500 3
2568 2508 3
6120 6060 3
2620 2560 3
2628 2568 3
2629 2628 3
2630 2629 3
6180 6120 3
2680 2620 3
2681 2680 3
2682 2681 3
2683 2682 3
2684 2683 3
2685 2684 3
2686 2685 3
2687 2686 3
2688 2687 3
2689 2688 3
2690 2630 3
2690 2689 3
6240 6180 3
2750 2690 3
6300 6240 3
2810 2750 3
6360 6300 3
2870 2810 3
6420 6360 3
2930 2870 3
6480 6420 3
2990 2930 3
6540 6480 3
3050 2990 3
3051 3050 3
3052 3051 3
6600 6540 3
3112 3052 3
6660 6600 3
3172 3112 3
3173 3172 3
3174 3173 3
3175 3174 3
6720 6660 3
3235 3175 3
3236 3235 3
3237 3236 3
6780 6720 3
3297 3237 3
3298 3297 3
3299 3298 3
6840 6780 3
3359 3299 3
3360 3359 3
6900 6840 3
3420 3360 3
6960 6900 3
3480 3420 3
3480 7080 3
7020 6960 3
3540 3480 3
7080 7020 3
3568 3567 3
3569 3568 3
3570 3569 3
3571 3570 3
3572 3571 3
3573 3572 3
3574 3573 3
3575 3574 3
3576 3575 3
3577 3576 3
3578 3577 3
3579 3578 3
3580 3579 3
3581 3580 3
3582 3581 3
3583 3582 3
3584 3583 3
3585 3584 3
3586 3585 3
3587 3586 3
3588 3587 3
3589 3588 3
3590 3589 3
3591 3590 3
3592 3591 3
3593 3592 3
3594 3593 3
3595 3594 3
3596 3595 3
3597 3596 3
3598 3597 3
3599 3598 3
3600 3540 3
3600 3599 3
4141 541 4
1561 1501 4
1621 1561 4
1681 1621 4
1741 1681 4
1801 1741 4
1861 1801 4
5401 9001 4
1862 1861 4
5461 5401 4
5462 1862 4
5462 5461 4
5463 5462 4
5464 5463 4
5465 5464 4
5466 5465 4
5526 5466 4
5586 5526 4
5587 5586 4
5588 5587 4
5648 5588 4
5649 5648 4
5709 5649 4
5769 5709 4
2279 2280 4
2280 2220 4
5829 5769 4
2339 2279 4
5889 5829 4
5939 2339 4
5949 5889 4
5999 5939 4
6009 5949 4
6010 6009 4
6011 6010 4
6012 6011 4
6059 5999 4
6072 6012 4
6073 6072 4
6119 6059 4
6133 6073 4
6179 6119 4
6193 6133 4
6239 6179 4
6253 6193 4
2759 6359 4
6299 6239 4
2760 2759 4
6313 6253 4
6359 6299 4
2820 2760 4
6373 6313 4
2880 2820 4
6433 6373 4
2940 2880 4
6493 6433 4
6493 6553 4
6494 6493 4
6495 6494 4
6496 6495 4
6497 6496 4
6498 6497 4
6499 6498 4
6500 6499 4
6501 6500 4
6502 6501 4
6503 6502 4
6504 6503 4
6505 6504 4
6506 6505 4
6507 6506 4
6508 6507 4
6509 6508 4
6510 6509 4
6511 6510 4
6512 6511 4
6513 6512 4
3000 2940 4
3009 3069 4
6549 6609 4
6550 6549 4
6551 6550 4
6552 6551 4
6553 6552 4
6573 6513 4
6574 6573 4
6575 6574 4
6576 6575 4
6577 6576 4
6578 6577 4
6579 6578 4
6580 6579 4
6581 6580 4
6582 6581 4
6583 6582 4
6584 6583 4
6585 6584 4
6586 6585 4
6587 6586 4
6588 6587 4
3059 6659 4
3060 3000 4
3060 3059 4
3069 3129 4
6609 3009 4
6648 6588 4
6649 6648 4
6650 6649 4
6651 6650 4
6652 6651 4
6653 6652 4
6654 6653 4
6655 6654 4
6656 6655 4
6657 6656 4
6658 6657 4
6659 6658 4
3128 3188 4
3129 3128 4
3187 3247 4
3188 3187 4
3247 3307 4
3307 3367 4
3367 3427 4
3426 3486 4
3427 3426 4
3486 3546 4
7741 4141 4
7801 7741 4
7861 7801 4
7921 7861 4
7981 7921 4
8041 7981 4
8101 8041 4
8161 8101 4
8221 8161 4
8281 8221 4
8341 8281 4
8401 8341 4
8461 8401 4
8521 8461 4
8581 8521 4
8641 8581 4
8701 8641 4
8761 8701 4
8821 8761 4
8881 8821 4
8941 8881 4
9001 8941 4
 84 3684 5
 85  84 5
 86  26 5
 86  85 5
 87  86 5
 88  28 5
 88  87 5
 97  37 5
 97 3697 5
3682 3742 5
3683 3682 5
3684 3683 5
3688  88 5
3689 3688 5
3690 3689 5
3691 3690 5
3692 3691 5
3693 3692 5
3694 3693 5
3695 3694 5
3696 3695 5
157  97 5
3697 3696 5
3740 3800 5
3741 3740 5
3742 3741 5
217 157 5
243 303 5
244 243 5
245 244 5
246 245 5
247 246 5
248 247 5
249 248 5
250 249 5
251 250 5
252 251 5
3797 3857 5
3798 3797 5
3799 3798 5
3800 3799 5
277 217 5
278 277 5
279 278 5
280 279 5
281 280 5
282 281 5
283 282 5
284 283 5
285 284 5
286 285 5
287 286 5
288 287 5
289 288 5
290 289 5
291 290 5
292 291 5
293 292 5
294 293 5
295 294 5
296 295 5
297 296 5
298 297 5
299 298 5
300 299 5
303 363 5
3852 252 5
3853 3852 5
3854 3853 5
3855 3854 5
3856 3855 5
3857 3856 5
362 361 5
363 362 5
100  40 6
3700 100 6
1260 1200 6
1320 1260 6
1380 1320 6
1440 1380 6
1500 1440 6
1560 1500 6
1620 1560 6
1680 1620 6
1740 1680 6
1800 1740 6
1859 1860 6
1860 1800 6
1919 1859 6
1979 1919 6
2039 1979 6
2098 2099 6
2099 2039 6
2099 2159 6
5698 2098 6
2159 2160 6
5758 5698 6
3336 3337 6
3337 6937 6
3396 3336 6
6937 10537 6
3456 3396 6
3506 3507 6
3507 3508 6
3508 3509 6
3509 3510 6
3510 3511 6
3511 3512 6
3512 3513 6
3513 3514 6
3514 3515 6
3515 3516 6
3516 3456 6
3564 3565 6
3565 3566 6
3566 3506 6
7300 3700 6
7360 7300 6
7420 7360 6
7480 7420 6
7540 7480 6
7600 7540 6
7660 7600 6
7720 7660 6
7780 7720 6
7840 7780 6
7900 7840 6
7960 7900 6
8019 8020 6
8020 7960 6
8079 8019 6
8139 8079 6
8199 8139 6
8259 8199 6
8319 8259 6
8379 8319 6
8439 8379 6
8499 8439 6
8559 8499 6
8619 8559 6
8679 8619 6
8739 8679 6
8799 8739 6
8859 8799 6
8919 8859 6
8979 8919 6
9039 8979 6
9099 9039 6
9159 9099 6
9219 9159 6
9279 9219 6
9339 9279 6
9339 9340 6
9340 9341 6
9341 9342 6
9342 9343 6
9343 9344 6
9344 9345 6
9345 9346 6
9346 9347 6
9347 9348 6
9348 9349 6
9349 9350 6
9350 9351 6
9351 9352 6
9352 9353 6
9353 9354 6
9354 9355 6
9355 9356 6
9356 9357 6
9357 9358 6
9358 5758 6
9398 9399 6
9399 9339 6
9458 9398 6
9518 9458 6
9578 9518 6
9638 9578 6
9698 9638 6
9758 9698 6
9818 9758 6
9878 9818 6
9938 9878 6
9998 9938 6
10058 9998 6
10117 10118 6
10118 10058 6
10177 10117 6
10237 10177 6
10297 10237 6
10357 10297 6
10417 10357 6
10477 10417 6
10537 10477 6
3601   1 7
  5   6 7
 64  65 7
  6   7 7
 65   5 7
  7   8 7
  8   9 7
  9  10 7
 10  11 7
 11  12 7
 12  13 7
 13  14 7
 14  15 7
 15  16 7
 16  17 7
3661 3601 7
3664  64 7
3721 3661 7
3722 3721 7
3722 3723 7
3723 3724 7
3724 3664 7
3782 3722 7
3842 3782 7
3902 3842 7
3962 3902 7
482 4082 7
4022 3962 7
542 482 7
4082 4022 7
602 542 7
661 662 7
662 602 7
721 661 7
781 721 7
841 781 7
901 841 7
961 901 7
1021 961 7
1081 1021 7
1081 4681 7
4681 4741 7
4741 4801 7
4801 4861 7
4861 4921 7
4921 4981 7
4981 5041 7
5041 5101 7
5101 5161 7
5161 5221 7
5221 5222 7
5222 8822 7
5521 5581 7
5581 5641 7
5641 5701 7
5701 5761 7
5761 5821 7
5821 5881 7
5881 5941 7
2401 2461 7
5941 6001 7
2461 2521 7
6001 2401 7
2521 2581 7
2581 2641 7
8822 8882 7
8882 8942 7
8942 9002 7
9002 9062 7
9062 9122 7
9121 5521 7
9122 9121 7
105 106 8
106 107 8
107 108 8
108 109 8
109  49 8
3702 3703 8
3703 3704 8
3704 3705 8
3705 105 8
3762 3702 8
3822 3762 8
3920 3921 8
3921 3922 8
3922 3923 8
3923 3924 8
3924 3925 8
3925 3926 8
3926 3927 8
3927 3928 8
3928 3929 8
3929 3930 8
3930 3931 8
3931 3932 8
3932 3933 8
3933 3934 8
3934 3935 8
3935 3936 8
3936 3937 8
3937 3938 8
3938 3939 8
3939 3940 8
3940 3941 8
3941 7541 8
3979 3980 8
3980 3920 8
4039 3979 8
4099 4039 8
4159 4099 8
4219 4159 8
4279 4219 8
4339 4279 8
4399 4339 8
4459 4399 8
4517 4518 8
4518 4519 8
4519 4459 8
4577 4517 8
4629 4630 8
4630 4631 8
4631 4632 8
4632 4633 8
4633 4634 8
4634 4635 8
4635 4636 8
4636 4637 8
4637 4577 8
4688 4689 8
4689 4629 8
4748 4688 8
4808 4748 8
1324 1325 8
1325 4925 8
4866 4867 8
4867 4868 8
4868 4808 8
1381 1382 8
1381 1441 8
1382 1383 8
1383 1384 8
1384 1324 8
4925 4926 8
4926 4866 8
7422 3822 8
7482 7422 8
7541 7542 8
7542 7482 8
657 658 9
658 659 9
659 660 9
4248 4249 9
4249 4250 9
4250 4251 9
4251 4252 9
4252 4253 9
4253 4254 9
4254 4255 9
4255 4256 9
4256 4257 9
4257 657 9
4308 4248 9
4368 4308 9
4428 4368 9
4488 4428 9
4548 4488 9
4608 4548 9
4668 4608 9
4728 4668 9
4788 4728 9
4848 4788 9
4908 4848 9
4968 4908 9
5028 4968 9
5088 5028 9
5148 5088 9
5208 5148 9
5259 5260 9
5260 5261 9
5261 5262 9
5262 5263 9
5263 5264 9
5264 5265 9
5265 5266 9
5266 5267 9
5267 5268 9
5268 5208 9
5315 5316 9
5316 5317 9
5317 5318 9
5318 5319 9
5319 5259 9
5373 5374 9
5374 5375 9
5375 5315 9
5431 5432 9
5432 5433 9
5433 5373 9
5489 5490 9
5490 5491 9
5491 5431 9
5546 5547 9
5547 5548 9
5548 5549 9
5549 5489 9
2063 2064 9
2064 5664 9
5604 5605 9
5605 5606 9
5606 5546 9
2116 2117 9
2117 2118 9
2118 2119 9
2119 2120 9
2120 2121 9
2121 2122 9
2122 2123 9
2123 2063 9
5664 5604 9
2176 2116 9
2235 2236 9
2236 2176 9
2293 2294 9
2294 2295 9
2295 2235 9
2352 2353 9
2353 2293 9
2412 2352 9
2472 2412 9
2532 2472 9
2592 2532 9
2652 2592 9
2712 2652 9
2772 2712 9
2832 2772 9
2892 2832 9
2952 2892 9
3012 2952 9
3072 3012 9
3132 3072 9
3192 3132 9
3252 3192 9
3312 3252 9
3371 3372 9
3372 3312 9
3431 3371 9
3491 3431 9
3545 3544 9
3550 3551 9
3550 7150 9
3551 3491 9
7145 3545 9
7146 7145 9
7147 7146 9
7148 7147 9
7149 7148 9
7150 7149 9
 50 3650 10
 51  50 10
3650 3710 10
 52  51 10
 53  52 10
 54  53 10
3710 3770 10
3770 3830 10
3830 3890 10
3890 3950 10
3950 4010 10
444 504 10
445 444 10
446 445 10
447 446 10
448 447 10
449 448 10
450 449 10
4009 4069 10
4010 4009 10
502 562 10
503 502 10
504 503 10
4050 450 10
4051 4050 10
4052 4051 10
4053 4052 10
4054 4053 10
4055 4054 10
4056 4055 10
4057 4056 10
4058 4057 10
4059 4058 10
4060 4059 10
4061 4060 10
4062 4061 10
4063 4062 10
4064 4063 10
4065 4064 10
4066 4065 10
4067 4066 10
4068 4067 10
4069 4068 10
562 622 10
622 682 10
682 742 10
737 797 10
738 737 10
739 738 10
740 739 10
741 740 10
742 741 10
797 857 10
854 914 10
855 854 10
856 855 10
857 856 10
912 972 10
913 912 10
914 913 10
969 1029 10
970 969 10
971 970 10
972 971 10
1027 1087 10
1028 1027 10
1029 1028 10
1087 1147 10
1147 1207 10
1207 1267 10
1267 1327 10
1327 1387 10
1387 1447 10
1447 1507 10
1507 1567 10
1567 1627 10
1627 1687 10
1687 1747 10
1747 1807 10
1804 1864 10
1805 1804 10
1806 1805 10
1807 1806 10
1864 1924 10
1924 1984 10
1984 2044 10
2044 2104 10
2104 2164 10
2164 2224 10
2224 2284 10
2284 2344 10
2344 2404 10
2404 2464 10
2464 2524 10
2524 2584 10
2584 2644 10
2644 2704 10
2704 2764 10
2764 2824 10
2824 2884 10
2884 2944 10
2944 3004 10
3004 3064 10
3064 3124 10
3124 3184 10
3184 3244 10
3244 3304 10
3302 3362 10
3303 3302 10
3304 3303 10
3362 3361 10
3627  27 11
 38  39 11
 98  38 11
3687 3627 11
3698  98 11
3906 3907 11
3907 3908 11
3908 3909 11
3909 3910 11
3910 3911 11
3911 3912 11
3912 3913 11
3913 7513 11
421 422 11
422 423 11
423 424 11
424 4024 11
3966 3906 11
481 421 11
4024 4025 11
4025 4026 11
4026 3966 11
7287 3687 11
7287 7288 11
7288 7289 11
7289 7290 11
7290 7291 11
7291 7292 11
7292 7293 11
7293 7294 11
7294 7295 11
7295 7296 11
7296 7297 11
7297 7298 11
7298 3698 11
7347 7287 11
7405 7406 11
7406 7407 11
7407 7347 11
7455 7456 11
7456 7457 11
7457 7458 11
7458 7459 11
7459 7460 11
7460 7461 11
7461 7462 11
7462 7463 11
7463 7464 11
7464 7465 11
7465 7405 11
7513 7514 11
7514 7515 11
7515 7455 11
