# Cost: 907

# Tail Head Net
147  67 1
227 147 1
307 227 1
387 307 1
467 387 1
547 467 1
627 547 1
707 627 1
787 707 1
867 787 1
947 867 1
1027 947 1
1105 1106 1
1106 1107 1
1107 1027 1
1185 1105 1
1265 1185 1
1345 1265 1
1425 1345 1
1505 1425 1
1585 1505 1
1665 1585 1
1745 1665 1
1825 1745 1
1905 1825 1
1985 1905 1
2065 1985 1
2145 2065 1
2225 2145 1
2305 2225 1
2385 2305 1
2465 2385 1
2545 2465 1
2625 2545 1
2705 2625 1
2785 2705 1
2865 2785 1
2945 2865 1
3025 2945 1
3105 3025 1
3185 3105 1
3265 3185 1
3345 3265 1
3425 3345 1
3441 3361 1
3505 3425 1
3521 3441 1
3585 3505 1
3601 3521 1
3665 3585 1
3681 3601 1
3745 3665 1
3761 3681 1
3825 3745 1
3841 3761 1
3905 3825 1
3921 3841 1
3985 3905 1
4001 3921 1
4065 3985 1
4081 4001 1
4145 4065 1
4161 4081 1
4225 4145 1
4241 4161 1
4305 4225 1
4321 4241 1
4385 4305 1
4401 4321 1
4465 4385 1
4481 4401 1
4545 4465 1
4561 4481 1
4625 4545 1
4641 4561 1
4705 4625 1
4721 4641 1
4785 4705 1
4801 4721 1
4865 4785 1
4881 4801 1
4945 4865 1
4961 4881 1
5025 4945 1
5041 4961 1
5105 5025 1
5121 5041 1
5185 5105 1
5201 5121 1
5265 5185 1
5281 5201 1
5345 5265 1
5361 5281 1
5425 5345 1
5441 5361 1
5505 5425 1
5521 5441 1
5585 5505 1
5601 5521 1
5665 5585 1
5681 5601 1
5745 5665 1
5761 5681 1
5825 5745 1
5841 5761 1
5905 5825 1
5921 5841 1
5985 5905 1
6001 5921 1
6065 5985 1
6081 6001 1
6145 6065 1
6161 6081 1
6223 6224 1
6224 6225 1
6225 6145 1
6241 6161 1
6298 6299 1
6299 6300 1
6300 6301 1
6301 6302 1
6302 6303 1
6303 6223 1
6321 6241 1
6322 6321 1
6323 6322 1
6324 6323 1
6325 6324 1
6326 6325 1
6327 6326 1
6328 6327 1
6329 6328 1
6330 6329 1
6331 6330 1
6332 6331 1
6333 6332 1
6334 6333 1
6335 6334 1
6336 6335 1
6337 6336 1
6338 6337 1
6339 6338 1
6340 6339 1
6341 6340 1
6342 6341 1
6343 6342 1
6344 6343 1
6345 6344 1
6346 6345 1
6347 6346 1
6348 6347 1
6349 6348 1
6350 6349 1
6351 6350 1
6352 6351 1
6353 6352 1
6354 6353 1
6355 6354 1
6356 6355 1
6357 6356 1
6358 6357 1
6359 6358 1
6360 6359 1
6361 6360 1
6361 6362 1
6362 6363 1
6363 6364 1
6364 6365 1
6365 6366 1
6366 6367 1
6367 6368 1
6368 6369 1
6369 6370 1
6370 6371 1
6371 6372 1
6372 6373 1
6373 6374 1
6374 6375 1
6375 6376 1
6376 6377 1
6377 6378 1
6378 6298 1
6440  40 2
6520 6440 2
6600 6520 2
6680 6600 2
6760 6680 2
6840 6760 2
6920 6840 2
7000 6920 2
7080 7000 2
7160 7080 2
7240 7160 2
7320 7240 2
7400 7320 2
7480 7400 2
7560 7480 2
7640 7560 2
7720 7640 2
7721 7720 2
7722 7721 2
7723 7722 2
7724 7723 2
7725 7724 2
7726 7725 2
7727 7726 2
7728 7727 2
7729 7728 2
7730 7729 2
7731 7730 2
7732 7731 2
7733 7732 2
7734 7733 2
7735 7734 2
7736 7735 2
7737 7736 2
7738 7737 2
7739 7738 2
7740 7739 2
7741 7740 2
7742 7741 2
1426 7826 2
1427 1426 2
1428 1427 2
1429 1428 2
1430 1429 2
1431 1430 2
1432 1431 2
1433 1432 2
1434 1433 2
1435 1434 2
1436 1435 2
1437 1436 2
1438 1437 2
1439 1438 2
1440 1439 2
1440 1520 2
7822 7742 2
7823 7822 2
7824 7823 2
7825 7824 2
7826 7825 2
1520 1600 2
1600 1680 2
1680 1760 2
1760 1840 2
1840 1920 2
1920 2000 2
2000 2080 2
2080 2160 2
2160 2240 2
2240 2320 2
2320 2400 2
2400 2480 2
2480 2560 2
2560 2640 2
2640 2720 2
2720 2800 2
2800 2880 2
2880 2960 2
2960 3040 2
3040 3120 2
3120 3200 2
3200 3280 2
3280 3360 2
3360 3440 2
3440 3520 2
3520 3600 2
3600 3680 2
3680 3760 2
3760 3840 2
3840 3920 2
3920 4000 2
4000 4080 2
4080 4160 2
4160 4240 2
4240 4320 2
4320 4400 2
4400 4480 2
4480 4560 2
4560 4640 2
4640 4720 2
4720 4800 2
4800 4880 2
4880 4960 2
4960 5040 2
5040 5120 2
5120 5200 2
6386 6385 3
6387 6386 3
6388 6387 3
6389 6388 3
6390 6389 3
125  45 4
205 125 4
285 205 4
365 285 4
445 365 4
525 445 4
605 525 4
685 605 4
765 685 4
845 765 4
925 845 4
1005 925 4
1085 1005 4
1165 1085 4
1245 1165 4
1325 1245 4
1405 1325 4
1485 1405 4
1565 1485 4
1645 1565 4
1725 1645 4
1805 1725 4
1885 1805 4
1965 1885 4
2045 1965 4
2125 2045 4
2205 2125 4
2285 2205 4
2365 2285 4
2445 2365 4
2525 2445 4
2605 2525 4
2685 2605 4
2765 2685 4
2845 2765 4
2925 2845 4
3005 2925 4
3085 3005 4
3165 3085 4
3245 3165 4
3325 3245 4
3405 3325 4
3485 3405 4
3565 3485 4
3645 3565 4
3725 3645 4
3805 3725 4
3885 3805 4
3965 3885 4
4045 3965 4
4125 4045 4
4205 4125 4
4285 4205 4
4365 4285 4
4445 4365 4
4525 4445 4
4605 4525 4
4685 4605 4
4765 4685 4
4845 4765 4
4925 4845 4
5005 4925 4
5085 5005 4
5165 5085 4
5245 5165 4
5325 5245 4
5405 5325 4
5485 5405 4
5565 5485 4
5645 5565 4
5725 5645 4
5805 5725 4
5885 5805 4
5965 5885 4
6045 5965 4
6125 6045 4
6205 6125 4
6285 6205 4
6286 6285 4
6287 6286 4
6288 6287 4
6289 6288 4
6290 6289 4
6291 6290 4
6292 6291 4
6293 6292 4
6294 6293 4
6295 6294 4
6296 6295 4
6297 6296 4
12697 6297 4
12698 12697 4
6379 12779 4
6380 6379 4
12778 12698 4
12779 12778 4
  8   7 5
  9   8 5
 10   9 5
 11  10 5
 12  11 5
 13  12 5
 14  13 5
 38  37 6
 39  38 6
119  39 6
120 119 6
121 120 6
6521 121 6
6522 6521 6
6523 6522 6
6524 6523 6
6525 6524 6
6526 6525 6
6527 6526 6
6607 6527 6
6608 6607 6
311 6711 6
312 311 6
313 312 6
314 313 6
315 314 6
316 315 6
317 316 6
318 317 6
319 318 6
320 319 6
6688 6608 6
6689 6688 6
6690 6689 6
6691 6690 6
6692 6691 6
6693 6692 6
6694 6693 6
6695 6694 6
6696 6695 6
6697 6696 6
6698 6697 6
6699 6698 6
6700 6699 6
6701 6700 6
6702 6701 6
6703 6702 6
6704 6703 6
6705 6704 6
6706 6705 6
6707 6706 6
6708 6707 6
6709 6708 6
6710 6709 6
6711 6710 6
8161 1761 7
8241 8161 7
8321 8241 7
8401 8321 7
8481 8401 7
8561 8481 7
8641 8561 7
8721 8641 7
8801 8721 7
8881 8801 7
8961 8881 7
9041 8961 7
9121 9041 7
9201 9121 7
9281 9201 7
9361 9281 7
9441 9361 7
9521 9441 7
9601 9521 7
9681 9601 7
9761 9681 7
9841 9761 7
9921 9841 7
10001 9921 7
10081 10001 7
10161 10081 7
10241 10161 7
10321 10241 7
10401 10321 7
10481 10401 7
10561 10481 7
10641 10561 7
10721 10641 7
10801 10721 7
10881 10801 7
10961 10881 7
11041 10961 7
11121 11041 7
11201 11121 7
11281 11201 7
11361 11281 7
11441 11361 7
11521 11441 7
11601 11521 7
11681 11601 7
11761 11681 7
11841 11761 7
11921 11841 7
12001 11921 7
12081 12001 7
12161 12081 7
12241 12161 7
12321 12241 7
12401 12321 7
6160 12560 7
12481 12401 7
12482 12481 7
12483 12482 7
12484 12483 7
12485 12484 7
12486 12485 7
12487 12486 7
12488 12487 7
12489 12488 7
12490 12489 7
12491 12490 7
12492 12491 7
12493 12492 7
12494 12493 7
12495 12494 7
12496 12495 7
12497 12496 7
12498 12497 7
12499 12498 7
12500 12499 7
12501 12500 7
12502 12501 7
12503 12502 7
12504 12503 7
12505 12504 7
12506 12505 7
12507 12506 7
12508 12507 7
12509 12508 7
12510 12509 7
12511 12510 7
12512 12511 7
12513 12512 7
12514 12513 7
12515 12514 7
12516 12515 7
12517 12516 7
12518 12517 7
12519 12518 7
12520 12519 7
12521 12520 7
12522 12521 7
12523 12522 7
12524 12523 7
12525 12524 7
12526 12525 7
12527 12526 7
12528 12527 7
12529 12528 7
12530 12529 7
12531 12530 7
12532 12531 7
12533 12532 7
12534 12533 7
12535 12534 7
12536 12535 7
12537 12536 7
12538 12537 7
12539 12538 7
12540 12539 7
12541 12540 7
12542 12541 7
12543 12542 7
12544 12543 7
12545 12544 7
12546 12545 7
12547 12546 7
12548 12547 7
12549 12548 7
12550 12549 7
12551 12550 7
12552 12551 7
12553 12552 7
12554 12553 7
12555 12554 7
12556 12555 7
12557 12556 7
12558 12557 7
12559 12558 7
12560 12559 7
 82   2 8
162  82 8
242 162 8
322 242 8
402 322 8
482 402 8
562 482 8
642 562 8
722 642 8
802 722 8
882 802 8
962 882 8
1042 962 8
1122 1042 8
1202 1122 8
1282 1202 8
1362 1282 8
1442 1362 8
1522 1442 8
1602 1522 8
1682 1602 8
1762 1682 8
1841 1842 8
1842 1762 8
1921 1841 8
2001 1921 8
2081 2001 8
2161 2081 8
2241 2161 8
2321 2241 8
2401 2321 8
2481 2401 8
400 6800 9
6800 6880 9
6880 6960 9
6960 7040 9
7040 7120 9
7120 7200 9
7200 7280 9
7280 7360 9
7360 7440 9
7440 7520 9
7520 7600 9
7600 7680 9
7680 7760 9
7760 7840 9
7840 7920 9
7841 1441 9
7842 7841 9
7843 7842 9
7844 7843 9
7845 7844 9
7846 7845 9
7847 7846 9
7848 7847 9
7849 7848 9
7850 7849 9
7851 7850 9
7852 7851 9
7853 7852 9
7854 7853 9
7855 7854 9
7856 7855 9
7857 7856 9
7858 7857 9
7859 7858 9
7860 7859 9
7861 7860 9
7862 7861 9
7863 7862 9
7864 7863 9
7865 7864 9
7866 7865 9
7867 7866 9
7868 7867 9
7869 7868 9
7870 7869 9
7871 7870 9
7872 7871 9
7873 7872 9
7874 7873 9
7875 7874 9
7876 7875 9
7877 7876 9
7878 7877 9
7879 7878 9
7880 7879 9
7881 7880 9
7882 7881 9
7883 7882 9
7884 7883 9
7885 7884 9
7886 7885 9
7887 7886 9
7888 7887 9
7889 7888 9
7890 7889 9
7891 7890 9
7892 7891 9
7893 7892 9
7894 7893 9
7895 7894 9
7896 7895 9
7897 7896 9
7898 7897 9
7899 7898 9
7900 7899 9
7901 7900 9
7902 7901 9
7903 7902 9
7904 7903 9
7905 7904 9
7906 7905 9
7907 7906 9
7908 7907 9
7909 7908 9
7910 7909 9
7911 7910 9
7912 7911 9
7913 7912 9
7914 7913 9
7915 7914 9
7916 7915 9
7917 7916 9
7918 7917 9
7919 7918 9
7920 7919 9
6071 6072 10
6072 6073 10
6073 6074 10
6074 6075 10
6075 6076 10
6076 6077 10
6077 6078 10
6078 6079 10
6079 6080 10
6151 6071 10
6231 6151 10
6304 6305 10
6305 6306 10
6306 6307 10
6307 6308 10
6308 6309 10
6309 6310 10
6310 6311 10
6311 6231 10
6381 6382 10
6382 6383 10
6383 6384 10
6384 6304 10
 31  32 11
 32  33 11
 33  34 11
 34  35 11
 35  36 11
 36 116 11
116 117 11
117 118 11
118 198 11
198 199 11
199 200 11
200 280 11
280 360 11
360 440 11
440 520 11
520 600 11
600 680 11
680 760 11
760 840 11
840 920 11
920 921 11
921 1001 11
1001 1081 11
1081 1161 11
1161 1162 11
1162 1242 11
1242 1322 11
1322 1402 11
1402 1482 11
1482 1562 11
1562 1642 11
1642 1722 11
1722 1802 11
1802 1882 11
1882 1962 11
1962 2042 11
2042 2122 11
2122 2202 11
2202 2282 11
2282 2362 11
2362 2442 11
2442 2522 11
2522 2602 11
2602 2682 11
2682 2762 11
2762 2842 11
2842 2922 11
2922 3002 11
3002 3082 11
3082 3162 11
3162 3242 11
3242 3322 11
3322 3402 11
3402 3482 11
3482 3562 11
3562 3563 11
3563 3643 11
3643 3723 11
3723 3803 11
3803 3883 11
3883 3963 11
3963 4043 11
4043 4123 11
4123 4203 11
4203 4283 11
4283 4363 11
4363 4443 11
4443 4523 11
4523 4603 11
4603 4683 11
4683 4763 11
4763 4843 11
4843 4923 11
4923 5003 11
5003 5083 11
5083 5163 11
5163 5243 11
5243 5323 11
5323 5403 11
5403 5483 11
5483 5563 11
5563 5643 11
5643 5723 11
5723 5803 11
5803 5883 11
5883 5963 11
5963 6043 11
6043 6044 11
6044 6124 11
6124 6204 11
6204 12604 11
6239 6240 11
12604 12605 11
12605 12606 11
12606 12607 11
12607 12608 11
12608 12609 11
12609 12610 11
12610 12611 11
12611 12612 11
12612 12613 11
12613 12614 11
12614 12615 11
12615 12616 11
12616 12617 11
12617 12618 11
12618 12619 11
12619 12620 11
12620 12621 11
12621 12622 11
12622 12623 11
12623 12624 11
12624 12625 11
12625 12626 11
12626 12627 11
12627 12628 11
12628 12629 11
12629 12630 11
12630 12631 11
12631 12632 11
12632 12633 11
12633 12634 11
12634 12635 11
12635 12636 11
12636 12637 11
12637 12638 11
12638 12639 11
12639 6239 11
 88  89 12
 89  90 12
 90  91 12
 91  92 12
 92  93 12
 93  94 12
 15  16 12
 94  95 12
 16  17 12
 95  15 12
 17  18 12
163 164 12
164 165 12
165 166 12
166 167 12
167 168 12
168  88 12
243 163 12
323 243 12
403 323 12
483 403 12
563 483 12
643 563 12
723 643 12
803 723 12
883 803 12
963 883 12
1043 963 12
1123 1043 12
1203 1123 12
1283 1203 12
1363 1283 12
1443 1363 12
1523 1443 12
1603 1523 12
1683 1603 12
1763 1683 12
1843 1763 12
1923 1843 12
2003 1923 12
2082 2083 12
2083 2003 12
2162 2082 12
2242 2162 12
2322 2242 12
2402 2322 12
2482 2402 12
2561 2562 12
2562 2482 12
2641 2561 12
