# Tail Head Cost
  1   2 1
  2   1 1
  1  31 1
 31   1 1
  1 901 1
901   1 1
  2   3 1
  3   2 1
  2  32 1
 32   2 1
  2 902 1
902   2 1
  3   4 1
  4   3 1
  3  33 1
 33   3 1
  3 903 1
903   3 1
  4   5 1
  5   4 1
  4  34 1
 34   4 1
  4 904 1
904   4 1
  5   6 1
  6   5 1
  5  35 1
 35   5 1
  5 905 1
905   5 1
  6   7 1
  7   6 1
  6  36 1
 36   6 1
  6 906 1
906   6 1
  7   8 1
  8   7 1
  7  37 1
 37   7 1
  7 907 1
907   7 1
  8   9 1
  9   8 1
  8  38 1
 38   8 1
  8 908 1
908   8 1
  9  10 1
 10   9 1
  9  39 1
 39   9 1
  9 909 1
909   9 1
 10  11 1
 11  10 1
 10  40 1
 40  10 1
 10 910 1
910  10 1
 11  12 1
 12  11 1
 11  41 1
 41  11 1
 11 911 1
911  11 1
 12  13 1
 13  12 1
 12  42 1
 42  12 1
 12 912 1
912  12 1
 13  14 1
 14  13 1
 13  43 1
 43  13 1
 13 913 1
913  13 1
 14  15 1
 15  14 1
 14  44 1
 44  14 1
 14 914 1
914  14 1
 15  16 1
 16  15 1
 15  45 1
 45  15 1
 15 915 1
915  15 1
 16  17 1
 17  16 1
 16  46 1
 46  16 1
 16 916 1
916  16 1
 17  18 1
 18  17 1
 17  47 1
 47  17 1
 17 917 1
917  17 1
 18  19 1
 19  18 1
 18  48 1
 48  18 1
 18 918 1
918  18 1
 19  20 1
 20  19 1
 19  49 1
 49  19 1
 19 919 1
919  19 1
 20  21 1
 21  20 1
 20  50 1
 50  20 1
 20 920 1
920  20 1
 21  22 1
 22  21 1
 21  51 1
 51  21 1
 21 921 1
921  21 1
 22  23 1
 23  22 1
 22  52 1
 52  22 1
 22 922 1
922  22 1
 23  24 1
 24  23 1
 23  53 1
 53  23 1
 23 923 1
923  23 1
 24  25 1
 25  24 1
 24  54 1
 54  24 1
 24 924 1
924  24 1
 25  26 1
 26  25 1
 25  55 1
 55  25 1
 25 925 1
925  25 1
 26  27 1
 27  26 1
 26  56 1
 56  26 1
 26 926 1
926  26 1
 27  28 1
 28  27 1
 27  57 1
 57  27 1
 27 927 1
927  27 1
 28  29 1
 29  28 1
 28  58 1
 58  28 1
 28 928 1
928  28 1
 29  30 1
 30  29 1
 29  59 1
 59  29 1
 29 929 1
929  29 1
 30  60 1
 60  30 1
 30 930 1
930  30 1
 31  32 1
 32  31 1
 31  61 1
 61  31 1
 31 931 1
931  31 1
 32  33 1
 33  32 1
 32  62 1
 62  32 1
 32 932 1
932  32 1
 33  34 1
 34  33 1
 33  63 1
 63  33 1
 33 933 1
933  33 1
 34  35 1
 35  34 1
 34  64 1
 64  34 1
 34 934 1
934  34 1
 35  36 1
 36  35 1
 35  65 1
 65  35 1
 35 935 1
935  35 1
 36  37 1
 37  36 1
 36  66 1
 66  36 1
 36 936 1
936  36 1
 37  38 1
 38  37 1
 37  67 1
 67  37 1
 37 937 1
937  37 1
 38  39 1
 39  38 1
 38  68 1
 68  38 1
 38 938 1
938  38 1
 39  40 1
 40  39 1
 39  69 1
 69  39 1
 39 939 1
939  39 1
 40  41 1
 41  40 1
 40  70 1
 70  40 1
 40 940 1
940  40 1
 41  42 1
 42  41 1
 41  71 1
 71  41 1
 41 941 1
941  41 1
 42  43 1
 43  42 1
 42  72 1
 72  42 1
 42 942 1
942  42 1
 43  44 1
 44  43 1
 43  73 1
 73  43 1
 43 943 1
943  43 1
 44  45 1
 45  44 1
 44  74 1
 74  44 1
 44 944 1
944  44 1
 45  46 1
 46  45 1
 45  75 1
 75  45 1
 45 945 1
945  45 1
 46  47 1
 47  46 1
 46  76 1
 76  46 1
 46 946 1
946  46 1
 47  48 1
 48  47 1
 47  77 1
 77  47 1
 47 947 1
947  47 1
 48  49 1
 49  48 1
 48  78 1
 78  48 1
 48 948 1
948  48 1
 49  50 1
 50  49 1
 49  79 1
 79  49 1
 49 949 1
949  49 1
 50  51 1
 51  50 1
 50  80 1
 80  50 1
 50 950 1
950  50 1
 51  52 1
 52  51 1
 51  81 1
 81  51 1
 51 951 1
951  51 1
 52  53 1
 53  52 1
 52  82 1
 82  52 1
 52 952 1
952  52 1
 53  54 1
 54  53 1
 53  83 1
 83  53 1
 53 953 1
953  53 1
 54  55 1
 55  54 1
 54  84 1
 84  54 1
 54 954 1
954  54 1
 55  56 1
 56  55 1
 55  85 1
 85  55 1
 55 955 1
955  55 1
 56  57 1
 57  56 1
 56  86 1
 86  56 1
 56 956 1
956  56 1
 57  58 1
 58  57 1
 57  87 1
 87  57 1
 57 957 1
957  57 1
 58  59 1
 59  58 1
 58  88 1
 88  58 1
 58 958 1
958  58 1
 59  60 1
 60  59 1
 59  89 1
 89  59 1
 59 959 1
959  59 1
 60  90 1
 90  60 1
 60 960 1
960  60 1
 61  62 1
 62  61 1
 61  91 1
 91  61 1
 61 961 1
961  61 1
 62  63 1
 63  62 1
 62  92 1
 92  62 1
 62 962 1
962  62 1
 63  64 1
 64  63 1
 63  93 1
 93  63 1
 63 963 1
963  63 1
 64  65 1
 65  64 1
 64  94 1
 94  64 1
 64 964 1
964  64 1
 65  66 1
 66  65 1
 65  95 1
 95  65 1
 65 965 1
965  65 1
 66  67 1
 67  66 1
 66  96 1
 96  66 1
 66 966 1
966  66 1
 67  68 1
 68  67 1
 67  97 1
 97  67 1
 67 967 1
967  67 1
 68  69 1
 69  68 1
 68  98 1
 98  68 1
 68 968 1
968  68 1
 69  70 1
 70  69 1
 69  99 1
 99  69 1
 69 969 1
969  69 1
 70  71 1
 71  70 1
 70 100 1
100  70 1
 70 970 1
970  70 1
 71  72 1
 72  71 1
 71 101 1
101  71 1
 71 971 1
971  71 1
 72  73 1
 73  72 1
 72 102 1
102  72 1
 72 972 1
972  72 1
 73  74 1
 74  73 1
 73 103 1
103  73 1
 73 973 1
973  73 1
 74  75 1
 75  74 1
 74 104 1
104  74 1
 74 974 1
974  74 1
 75  76 1
 76  75 1
 75 105 1
105  75 1
 75 975 1
975  75 1
 76  77 1
 77  76 1
 76 106 1
106  76 1
 76 976 1
976  76 1
 77  78 1
 78  77 1
 77 107 1
107  77 1
 77 977 1
977  77 1
 78  79 1
 79  78 1
 78 108 1
108  78 1
 78 978 1
978  78 1
 79  80 1
 80  79 1
 79 109 1
109  79 1
 79 979 1
979  79 1
 80  81 1
 81  80 1
 80 110 1
110  80 1
 80 980 1
980  80 1
 81  82 1
 82  81 1
 81 111 1
111  81 1
 81 981 1
981  81 1
 82  83 1
 83  82 1
 82 112 1
112  82 1
 82 982 1
982  82 1
 83  84 1
 84  83 1
 83 113 1
113  83 1
 83 983 1
983  83 1
 84  85 1
 85  84 1
 84 114 1
114  84 1
 84 984 1
984  84 1
 85  86 1
 86  85 1
 85 115 1
115  85 1
 85 985 1
985  85 1
 86  87 1
 87  86 1
 86 116 1
116  86 1
 86 986 1
986  86 1
 87  88 1
 88  87 1
 87 117 1
117  87 1
 87 987 1
987  87 1
 88  89 1
 89  88 1
 88 118 1
118  88 1
 88 988 1
988  88 1
 89  90 1
 90  89 1
 89 119 1
119  89 1
 89 989 1
989  89 1
 90 120 1
120  90 1
 90 990 1
990  90 1
 91  92 1
 92  91 1
 91 121 1
121  91 1
 91 991 1
991  91 1
 92  93 1
 93  92 1
 92 122 1
122  92 1
 92 992 1
992  92 1
 93  94 1
 94  93 1
 93 123 1
123  93 1
 93 993 1
993  93 1
 94  95 1
 95  94 1
 94 124 1
124  94 1
 94 994 1
994  94 1
 95  96 1
 96  95 1
 95 125 1
125  95 1
 95 995 1
995  95 1
 96  97 1
 97  96 1
 96 126 1
126  96 1
 96 996 1
996  96 1
 97  98 1
 98  97 1
 97 127 1
127  97 1
 97 997 1
997  97 1
 98  99 1
 99  98 1
 98 128 1
128  98 1
 98 998 1
998  98 1
 99 100 1
100  99 1
 99 129 1
129  99 1
 99 999 1
999  99 1
100 101 1
101 100 1
100 130 1
130 100 1
100 1000 1
1000 100 1
101 102 1
102 101 1
101 131 1
131 101 1
101 1001 1
1001 101 1
102 103 1
103 102 1
102 132 1
132 102 1
102 1002 1
1002 102 1
103 104 1
104 103 1
103 133 1
133 103 1
103 1003 1
1003 103 1
104 105 1
105 104 1
104 134 1
134 104 1
104 1004 1
1004 104 1
105 106 1
106 105 1
105 135 1
135 105 1
105 1005 1
1005 105 1
106 107 1
107 106 1
106 136 1
136 106 1
106 1006 1
1006 106 1
107 108 1
108 107 1
107 137 1
137 107 1
107 1007 1
1007 107 1
108 109 1
109 108 1
108 138 1
138 108 1
108 1008 1
1008 108 1
109 110 1
110 109 1
109 139 1
139 109 1
109 1009 1
1009 109 1
110 111 1
111 110 1
110 140 1
140 110 1
110 1010 1
1010 110 1
111 112 1
112 111 1
111 141 1
141 111 1
111 1011 1
1011 111 1
112 113 1
113 112 1
112 142 1
142 112 1
112 1012 1
1012 112 1
113 114 1
114 113 1
113 143 1
143 113 1
113 1013 1
1013 113 1
114 115 1
115 114 1
114 144 1
144 114 1
114 1014 1
1014 114 1
115 116 1
116 115 1
115 145 1
145 115 1
115 1015 1
1015 115 1
116 117 1
117 116 1
116 146 1
146 116 1
116 1016 1
1016 116 1
117 118 1
118 117 1
117 147 1
147 117 1
117 1017 1
1017 117 1
118 119 1
119 118 1
118 148 1
148 118 1
118 1018 1
1018 118 1
119 120 1
120 119 1
119 149 1
149 119 1
119 1019 1
1019 119 1
120 150 1
150 120 1
120 1020 1
1020 120 1
121 122 1
122 121 1
121 151 1
151 121 1
121 1021 1
1021 121 1
122 123 1
123 122 1
122 152 1
152 122 1
122 1022 1
1022 122 1
123 124 1
124 123 1
123 153 1
153 123 1
123 1023 1
1023 123 1
124 125 1
125 124 1
124 154 1
154 124 1
124 1024 1
1024 124 1
125 126 1
126 125 1
125 155 1
155 125 1
125 1025 1
1025 125 1
126 127 1
127 126 1
126 156 1
156 126 1
126 1026 1
1026 126 1
127 128 1
128 127 1
127 157 1
157 127 1
127 1027 1
1027 127 1
128 129 1
129 128 1
128 158 1
158 128 1
128 1028 1
1028 128 1
129 130 1
130 129 1
129 159 1
159 129 1
129 1029 1
1029 129 1
130 131 1
131 130 1
130 160 1
160 130 1
130 1030 1
1030 130 1
131 132 1
132 131 1
131 161 1
161 131 1
131 1031 1
1031 131 1
132 133 1
133 132 1
132 162 1
162 132 1
132 1032 1
1032 132 1
133 134 1
134 133 1
133 163 1
163 133 1
133 1033 1
1033 133 1
134 135 1
135 134 1
134 164 1
164 134 1
134 1034 1
1034 134 1
135 136 1
136 135 1
135 165 1
165 135 1
135 1035 1
1035 135 1
136 137 1
137 136 1
136 166 1
166 136 1
136 1036 1
1036 136 1
137 138 1
138 137 1
137 167 1
167 137 1
137 1037 1
1037 137 1
138 139 1
139 138 1
138 168 1
168 138 1
138 1038 1
1038 138 1
139 140 1
140 139 1
139 169 1
169 139 1
139 1039 1
1039 139 1
140 141 1
141 140 1
140 170 1
170 140 1
140 1040 1
1040 140 1
141 142 1
142 141 1
141 171 1
171 141 1
141 1041 1
1041 141 1
142 143 1
143 142 1
142 172 1
172 142 1
142 1042 1
1042 142 1
143 144 1
144 143 1
143 173 1
173 143 1
143 1043 1
1043 143 1
144 145 1
145 144 1
144 174 1
174 144 1
144 1044 1
1044 144 1
145 146 1
146 145 1
145 175 1
175 145 1
145 1045 1
1045 145 1
146 147 1
147 146 1
146 176 1
176 146 1
146 1046 1
1046 146 1
147 148 1
148 147 1
147 177 1
177 147 1
147 1047 1
1047 147 1
148 149 1
149 148 1
148 178 1
178 148 1
148 1048 1
1048 148 1
149 150 1
150 149 1
149 179 1
179 149 1
149 1049 1
1049 149 1
150 180 1
180 150 1
150 1050 1
1050 150 1
151 152 1
152 151 1
151 181 1
181 151 1
151 1051 1
1051 151 1
152 153 1
153 152 1
152 182 1
182 152 1
152 1052 1
1052 152 1
153 154 1
154 153 1
153 183 1
183 153 1
153 1053 1
1053 153 1
154 155 1
155 154 1
154 184 1
184 154 1
154 1054 1
1054 154 1
155 156 1
156 155 1
155 185 1
185 155 1
155 1055 1
1055 155 1
156 157 1
157 156 1
156 186 1
186 156 1
156 1056 1
1056 156 1
157 158 1
158 157 1
157 187 1
187 157 1
157 1057 1
1057 157 1
158 159 1
159 158 1
158 188 1
188 158 1
158 1058 1
1058 158 1
159 160 1
160 159 1
159 189 1
189 159 1
159 1059 1
1059 159 1
160 161 1
161 160 1
160 190 1
190 160 1
160 1060 1
1060 160 1
161 162 1
162 161 1
161 191 1
191 161 1
161 1061 1
1061 161 1
162 163 1
163 162 1
162 192 1
192 162 1
162 1062 1
1062 162 1
163 164 1
164 163 1
163 193 1
193 163 1
163 1063 1
1063 163 1
164 165 1
165 164 1
164 194 1
194 164 1
164 1064 1
1064 164 1
165 166 1
166 165 1
165 195 1
195 165 1
165 1065 1
1065 165 1
166 167 1
167 166 1
166 196 1
196 166 1
166 1066 1
1066 166 1
167 168 1
168 167 1
167 197 1
197 167 1
167 1067 1
1067 167 1
168 169 1
169 168 1
168 198 1
198 168 1
168 1068 1
1068 168 1
169 170 1
170 169 1
169 199 1
199 169 1
169 1069 1
1069 169 1
170 171 1
171 170 1
170 200 1
200 170 1
170 1070 1
1070 170 1
171 172 1
172 171 1
171 201 1
201 171 1
171 1071 1
1071 171 1
172 173 1
173 172 1
172 202 1
202 172 1
172 1072 1
1072 172 1
173 174 1
174 173 1
173 203 1
203 173 1
173 1073 1
1073 173 1
174 175 1
175 174 1
174 204 1
204 174 1
174 1074 1
1074 174 1
175 176 1
176 175 1
175 205 1
205 175 1
175 1075 1
1075 175 1
176 177 1
177 176 1
176 206 1
206 176 1
176 1076 1
1076 176 1
177 178 1
178 177 1
177 207 1
207 177 1
177 1077 1
1077 177 1
178 179 1
179 178 1
178 208 1
208 178 1
178 1078 1
1078 178 1
179 180 1
180 179 1
179 209 1
209 179 1
179 1079 1
1079 179 1
180 210 1
210 180 1
180 1080 1
1080 180 1
181 182 1
182 181 1
181 211 1
211 181 1
181 1081 1
1081 181 1
182 183 1
183 182 1
182 212 1
212 182 1
182 1082 1
1082 182 1
183 184 1
184 183 1
183 213 1
213 183 1
183 1083 1
1083 183 1
184 185 1
185 184 1
184 214 1
214 184 1
184 1084 1
1084 184 1
185 186 1
186 185 1
185 215 1
215 185 1
185 1085 1
1085 185 1
186 187 1
187 186 1
186 216 1
216 186 1
186 1086 1
1086 186 1
187 188 1
188 187 1
187 217 1
217 187 1
187 1087 1
1087 187 1
188 189 1
189 188 1
188 218 1
218 188 1
188 1088 1
1088 188 1
189 190 1
190 189 1
189 219 1
219 189 1
189 1089 1
1089 189 1
190 191 1
191 190 1
190 220 1
220 190 1
190 1090 1
1090 190 1
191 192 1
192 191 1
191 221 1
221 191 1
191 1091 1
1091 191 1
192 193 1
193 192 1
192 222 1
222 192 1
192 1092 1
1092 192 1
193 194 1
194 193 1
193 223 1
223 193 1
193 1093 1
1093 193 1
194 195 1
195 194 1
194 224 1
224 194 1
194 1094 1
1094 194 1
195 196 1
196 195 1
195 225 1
225 195 1
195 1095 1
1095 195 1
196 197 1
197 196 1
196 226 1
226 196 1
196 1096 1
1096 196 1
197 198 1
198 197 1
197 227 1
227 197 1
197 1097 1
1097 197 1
198 199 1
199 198 1
198 228 1
228 198 1
198 1098 1
1098 198 1
199 200 1
200 199 1
199 229 1
229 199 1
199 1099 1
1099 199 1
200 201 1
201 200 1
200 230 1
230 200 1
200 1100 1
1100 200 1
201 202 1
202 201 1
201 231 1
231 201 1
201 1101 1
1101 201 1
202 203 1
203 202 1
202 232 1
232 202 1
202 1102 1
1102 202 1
203 204 1
204 203 1
203 233 1
233 203 1
203 1103 1
1103 203 1
204 205 1
205 204 1
204 234 1
234 204 1
204 1104 1
1104 204 1
205 206 1
206 205 1
205 235 1
235 205 1
205 1105 1
1105 205 1
206 207 1
207 206 1
206 236 1
236 206 1
206 1106 1
1106 206 1
207 208 1
208 207 1
207 237 1
237 207 1
207 1107 1
1107 207 1
208 209 1
209 208 1
208 238 1
238 208 1
208 1108 1
1108 208 1
209 210 1
210 209 1
209 239 1
239 209 1
209 1109 1
1109 209 1
210 240 1
240 210 1
210 1110 1
1110 210 1
211 212 1
212 211 1
211 241 1
241 211 1
211 1111 1
1111 211 1
212 213 1
213 212 1
212 242 1
242 212 1
212 1112 1
1112 212 1
213 214 1
214 213 1
213 243 1
243 213 1
213 1113 1
1113 213 1
214 215 1
215 214 1
214 244 1
244 214 1
214 1114 1
1114 214 1
215 216 1
216 215 1
215 245 1
245 215 1
215 1115 1
1115 215 1
216 217 1
217 216 1
216 246 1
246 216 1
216 1116 1
1116 216 1
217 218 1
218 217 1
217 247 1
247 217 1
217 1117 1
1117 217 1
218 219 1
219 218 1
218 248 1
248 218 1
218 1118 1
1118 218 1
219 220 1
220 219 1
219 249 1
249 219 1
219 1119 1
1119 219 1
220 221 1
221 220 1
220 250 1
250 220 1
220 1120 1
1120 220 1
221 222 1
222 221 1
221 251 1
251 221 1
221 1121 1
1121 221 1
222 223 1
223 222 1
222 252 1
252 222 1
222 1122 1
1122 222 1
223 224 1
224 223 1
223 253 1
253 223 1
223 1123 1
1123 223 1
224 225 1
225 224 1
224 254 1
254 224 1
224 1124 1
1124 224 1
225 226 1
226 225 1
225 255 1
255 225 1
225 1125 1
1125 225 1
226 227 1
227 226 1
226 256 1
256 226 1
226 1126 1
1126 226 1
227 228 1
228 227 1
227 257 1
257 227 1
227 1127 1
1127 227 1
228 229 1
229 228 1
228 258 1
258 228 1
228 1128 1
1128 228 1
229 230 1
230 229 1
229 259 1
259 229 1
229 1129 1
1129 229 1
230 231 1
231 230 1
230 260 1
260 230 1
230 1130 1
1130 230 1
231 232 1
232 231 1
231 261 1
261 231 1
231 1131 1
1131 231 1
232 233 1
233 232 1
232 262 1
262 232 1
232 1132 1
1132 232 1
233 234 1
234 233 1
233 263 1
263 233 1
233 1133 1
1133 233 1
234 235 1
235 234 1
234 264 1
264 234 1
234 1134 1
1134 234 1
235 236 1
236 235 1
235 265 1
265 235 1
235 1135 1
1135 235 1
236 237 1
237 236 1
236 266 1
266 236 1
236 1136 1
1136 236 1
237 238 1
238 237 1
237 267 1
267 237 1
237 1137 1
1137 237 1
238 239 1
239 238 1
238 268 1
268 238 1
238 1138 1
1138 238 1
239 240 1
240 239 1
239 269 1
269 239 1
239 1139 1
1139 239 1
240 270 1
270 240 1
240 1140 1
1140 240 1
241 242 1
242 241 1
241 271 1
271 241 1
241 1141 1
1141 241 1
242 243 1
243 242 1
242 272 1
272 242 1
242 1142 1
1142 242 1
243 244 1
244 243 1
243 273 1
273 243 1
243 1143 1
1143 243 1
244 245 1
245 244 1
244 274 1
274 244 1
244 1144 1
1144 244 1
245 246 1
246 245 1
245 275 1
275 245 1
245 1145 1
1145 245 1
246 247 1
247 246 1
246 276 1
276 246 1
246 1146 1
1146 246 1
247 248 1
248 247 1
247 277 1
277 247 1
247 1147 1
1147 247 1
248 249 1
249 248 1
248 278 1
278 248 1
248 1148 1
1148 248 1
249 250 1
250 249 1
249 279 1
279 249 1
249 1149 1
1149 249 1
250 251 1
251 250 1
250 280 1
280 250 1
250 1150 1
1150 250 1
251 252 1
252 251 1
251 281 1
281 251 1
251 1151 1
1151 251 1
252 253 1
253 252 1
252 282 1
282 252 1
252 1152 1
1152 252 1
253 254 1
254 253 1
253 283 1
283 253 1
253 1153 1
1153 253 1
254 255 1
255 254 1
254 284 1
284 254 1
254 1154 1
1154 254 1
255 256 1
256 255 1
255 285 1
285 255 1
255 1155 1
1155 255 1
256 257 1
257 256 1
256 286 1
286 256 1
256 1156 1
1156 256 1
257 258 1
258 257 1
257 287 1
287 257 1
257 1157 1
1157 257 1
258 259 1
259 258 1
258 288 1
288 258 1
258 1158 1
1158 258 1
259 260 1
260 259 1
259 289 1
289 259 1
259 1159 1
1159 259 1
260 261 1
261 260 1
260 290 1
290 260 1
260 1160 1
1160 260 1
261 262 1
262 261 1
261 291 1
291 261 1
261 1161 1
1161 261 1
262 263 1
263 262 1
262 292 1
292 262 1
262 1162 1
1162 262 1
263 264 1
264 263 1
263 293 1
293 263 1
263 1163 1
1163 263 1
264 265 1
265 264 1
264 294 1
294 264 1
264 1164 1
1164 264 1
265 266 1
266 265 1
265 295 1
295 265 1
265 1165 1
1165 265 1
266 267 1
267 266 1
266 296 1
296 266 1
266 1166 1
1166 266 1
267 268 1
268 267 1
267 297 1
297 267 1
267 1167 1
1167 267 1
268 269 1
269 268 1
268 298 1
298 268 1
268 1168 1
1168 268 1
269 270 1
270 269 1
269 299 1
299 269 1
269 1169 1
1169 269 1
270 300 1
300 270 1
270 1170 1
1170 270 1
271 272 1
272 271 1
271 301 1
301 271 1
271 1171 1
1171 271 1
272 273 1
273 272 1
272 302 1
302 272 1
272 1172 1
1172 272 1
273 274 1
274 273 1
273 303 1
303 273 1
273 1173 1
1173 273 1
274 275 1
275 274 1
274 304 1
304 274 1
274 1174 1
1174 274 1
275 276 1
276 275 1
275 305 1
305 275 1
275 1175 1
1175 275 1
276 277 1
277 276 1
276 306 1
306 276 1
276 1176 1
1176 276 1
277 278 1
278 277 1
277 307 1
307 277 1
277 1177 1
1177 277 1
278 279 1
279 278 1
278 308 1
308 278 1
278 1178 1
1178 278 1
279 280 1
280 279 1
279 309 1
309 279 1
279 1179 1
1179 279 1
280 281 1
281 280 1
280 310 1
310 280 1
280 1180 1
1180 280 1
281 282 1
282 281 1
281 311 1
311 281 1
281 1181 1
1181 281 1
282 283 1
283 282 1
282 312 1
312 282 1
282 1182 1
1182 282 1
283 284 1
284 283 1
283 313 1
313 283 1
283 1183 1
1183 283 1
284 285 1
285 284 1
284 314 1
314 284 1
284 1184 1
1184 284 1
285 286 1
286 285 1
285 315 1
315 285 1
285 1185 1
1185 285 1
286 287 1
287 286 1
286 316 1
316 286 1
286 1186 1
1186 286 1
287 288 1
288 287 1
287 317 1
317 287 1
287 1187 1
1187 287 1
288 289 1
289 288 1
288 318 1
318 288 1
288 1188 1
1188 288 1
289 290 1
290 289 1
289 319 1
319 289 1
289 1189 1
1189 289 1
290 291 1
291 290 1
290 320 1
320 290 1
290 1190 1
1190 290 1
291 292 1
292 291 1
291 321 1
321 291 1
291 1191 1
1191 291 1
292 293 1
293 292 1
292 322 1
322 292 1
292 1192 1
1192 292 1
293 294 1
294 293 1
293 323 1
323 293 1
293 1193 1
1193 293 1
294 295 1
295 294 1
294 324 1
324 294 1
294 1194 1
1194 294 1
295 296 1
296 295 1
295 325 1
325 295 1
295 1195 1
1195 295 1
296 297 1
297 296 1
296 326 1
326 296 1
296 1196 1
1196 296 1
297 298 1
298 297 1
297 327 1
327 297 1
297 1197 1
1197 297 1
298 299 1
299 298 1
298 328 1
328 298 1
298 1198 1
1198 298 1
299 300 1
300 299 1
299 329 1
329 299 1
299 1199 1
1199 299 1
300 330 1
330 300 1
300 1200 1
1200 300 1
301 302 1
302 301 1
301 331 1
331 301 1
301 1201 1
1201 301 1
302 303 1
303 302 1
302 332 1
332 302 1
302 1202 1
1202 302 1
303 304 1
304 303 1
303 333 1
333 303 1
303 1203 1
1203 303 1
304 305 1
305 304 1
304 334 1
334 304 1
304 1204 1
1204 304 1
305 306 1
306 305 1
305 335 1
335 305 1
305 1205 1
1205 305 1
306 307 1
307 306 1
306 336 1
336 306 1
306 1206 1
1206 306 1
307 308 1
308 307 1
307 337 1
337 307 1
307 1207 1
1207 307 1
308 309 1
309 308 1
308 338 1
338 308 1
308 1208 1
1208 308 1
309 310 1
310 309 1
309 339 1
339 309 1
309 1209 1
1209 309 1
310 311 1
311 310 1
310 340 1
340 310 1
310 1210 1
1210 310 1
311 312 1
312 311 1
311 341 1
341 311 1
311 1211 1
1211 311 1
312 313 1
313 312 1
312 342 1
342 312 1
312 1212 1
1212 312 1
313 314 1
314 313 1
313 343 1
343 313 1
313 1213 1
1213 313 1
314 315 1
315 314 1
314 344 1
344 314 1
314 1214 1
1214 314 1
315 316 1
316 315 1
315 345 1
345 315 1
315 1215 1
1215 315 1
316 317 1
317 316 1
316 346 1
346 316 1
316 1216 1
1216 316 1
317 318 1
318 317 1
317 347 1
347 317 1
317 1217 1
1217 317 1
318 319 1
319 318 1
318 348 1
348 318 1
318 1218 1
1218 318 1
319 320 1
320 319 1
319 349 1
349 319 1
319 1219 1
1219 319 1
320 321 1
321 320 1
320 350 1
350 320 1
320 1220 1
1220 320 1
321 322 1
322 321 1
321 351 1
351 321 1
321 1221 1
1221 321 1
322 323 1
323 322 1
322 352 1
352 322 1
322 1222 1
1222 322 1
323 324 1
324 323 1
323 353 1
353 323 1
323 1223 1
1223 323 1
324 325 1
325 324 1
324 354 1
354 324 1
324 1224 1
1224 324 1
325 326 1
326 325 1
325 355 1
355 325 1
325 1225 1
1225 325 1
326 327 1
327 326 1
326 356 1
356 326 1
326 1226 1
1226 326 1
327 328 1
328 327 1
327 357 1
357 327 1
327 1227 1
1227 327 1
328 329 1
329 328 1
328 358 1
358 328 1
328 1228 1
1228 328 1
329 330 1
330 329 1
329 359 1
359 329 1
329 1229 1
1229 329 1
330 360 1
360 330 1
330 1230 1
1230 330 1
331 332 1
332 331 1
331 361 1
361 331 1
331 1231 1
1231 331 1
332 333 1
333 332 1
332 362 1
362 332 1
332 1232 1
1232 332 1
333 334 1
334 333 1
333 363 1
363 333 1
333 1233 1
1233 333 1
334 335 1
335 334 1
334 364 1
364 334 1
334 1234 1
1234 334 1
335 336 1
336 335 1
335 365 1
365 335 1
335 1235 1
1235 335 1
336 337 1
337 336 1
336 366 1
366 336 1
336 1236 1
1236 336 1
337 338 1
338 337 1
337 367 1
367 337 1
337 1237 1
1237 337 1
338 339 1
339 338 1
338 368 1
368 338 1
338 1238 1
1238 338 1
339 340 1
340 339 1
339 369 1
369 339 1
339 1239 1
1239 339 1
340 341 1
341 340 1
340 370 1
370 340 1
340 1240 1
1240 340 1
341 342 1
342 341 1
341 371 1
371 341 1
341 1241 1
1241 341 1
342 343 1
343 342 1
342 372 1
372 342 1
342 1242 1
1242 342 1
343 344 1
344 343 1
343 373 1
373 343 1
343 1243 1
1243 343 1
344 345 1
345 344 1
344 374 1
374 344 1
344 1244 1
1244 344 1
345 346 1
346 345 1
345 375 1
375 345 1
345 1245 1
1245 345 1
346 347 1
347 346 1
346 376 1
376 346 1
346 1246 1
1246 346 1
347 348 1
348 347 1
347 377 1
377 347 1
347 1247 1
1247 347 1
348 349 1
349 348 1
348 378 1
378 348 1
348 1248 1
1248 348 1
349 350 1
350 349 1
349 379 1
379 349 1
349 1249 1
1249 349 1
350 351 1
351 350 1
350 380 1
380 350 1
350 1250 1
1250 350 1
351 352 1
352 351 1
351 381 1
381 351 1
351 1251 1
1251 351 1
352 353 1
353 352 1
352 382 1
382 352 1
352 1252 1
1252 352 1
353 354 1
354 353 1
353 383 1
383 353 1
353 1253 1
1253 353 1
354 355 1
355 354 1
354 384 1
384 354 1
354 1254 1
1254 354 1
355 356 1
356 355 1
355 385 1
385 355 1
355 1255 1
1255 355 1
356 357 1
357 356 1
356 386 1
386 356 1
356 1256 1
1256 356 1
357 358 1
358 357 1
357 387 1
387 357 1
357 1257 1
1257 357 1
358 359 1
359 358 1
358 388 1
388 358 1
358 1258 1
1258 358 1
359 360 1
360 359 1
359 389 1
389 359 1
359 1259 1
1259 359 1
360 390 1
390 360 1
360 1260 1
1260 360 1
361 362 1
362 361 1
361 391 1
391 361 1
361 1261 1
1261 361 1
362 363 1
363 362 1
362 392 1
392 362 1
362 1262 1
1262 362 1
363 364 1
364 363 1
363 393 1
393 363 1
363 1263 1
1263 363 1
364 365 1
365 364 1
364 394 1
394 364 1
364 1264 1
1264 364 1
365 366 1
366 365 1
365 395 1
395 365 1
365 1265 1
1265 365 1
366 367 1
367 366 1
366 396 1
396 366 1
366 1266 1
1266 366 1
367 368 1
368 367 1
367 397 1
397 367 1
367 1267 1
1267 367 1
368 369 1
369 368 1
368 398 1
398 368 1
368 1268 1
1268 368 1
369 370 1
370 369 1
369 399 1
399 369 1
369 1269 1
1269 369 1
370 371 1
371 370 1
370 400 1
400 370 1
370 1270 1
1270 370 1
371 372 1
372 371 1
371 401 1
401 371 1
371 1271 1
1271 371 1
372 373 1
373 372 1
372 402 1
402 372 1
372 1272 1
1272 372 1
373 374 1
374 373 1
373 403 1
403 373 1
373 1273 1
1273 373 1
374 375 1
375 374 1
374 404 1
404 374 1
374 1274 1
1274 374 1
375 376 1
376 375 1
375 405 1
405 375 1
375 1275 1
1275 375 1
376 377 1
377 376 1
376 406 1
406 376 1
376 1276 1
1276 376 1
377 378 1
378 377 1
377 407 1
407 377 1
377 1277 1
1277 377 1
385 386 1
386 385 1
385 415 1
415 385 1
385 1285 1
1285 385 1
386 387 1
387 386 1
386 416 1
416 386 1
386 1286 1
1286 386 1
387 388 1
388 387 1
387 417 1
417 387 1
387 1287 1
1287 387 1
388 389 1
389 388 1
388 418 1
418 388 1
388 1288 1
1288 388 1
389 390 1
390 389 1
389 419 1
419 389 1
389 1289 1
1289 389 1
390 420 1
420 390 1
390 1290 1
1290 390 1
391 392 1
392 391 1
391 421 1
421 391 1
391 1291 1
1291 391 1
392 393 1
393 392 1
392 422 1
422 392 1
392 1292 1
1292 392 1
393 394 1
394 393 1
393 423 1
423 393 1
393 1293 1
1293 393 1
394 395 1
395 394 1
394 424 1
424 394 1
394 1294 1
1294 394 1
395 396 1
396 395 1
395 425 1
425 395 1
395 1295 1
1295 395 1
396 397 1
397 396 1
396 426 1
426 396 1
396 1296 1
1296 396 1
397 398 1
398 397 1
397 427 1
427 397 1
397 1297 1
1297 397 1
398 399 1
399 398 1
398 428 1
428 398 1
398 1298 1
1298 398 1
399 400 1
400 399 1
399 429 1
429 399 1
399 1299 1
1299 399 1
400 401 1
401 400 1
400 430 1
430 400 1
400 1300 1
1300 400 1
401 402 1
402 401 1
401 431 1
431 401 1
401 1301 1
1301 401 1
402 403 1
403 402 1
402 432 1
432 402 1
402 1302 1
1302 402 1
403 404 1
404 403 1
403 433 1
433 403 1
403 1303 1
1303 403 1
404 405 1
405 404 1
404 434 1
434 404 1
404 1304 1
1304 404 1
405 406 1
406 405 1
405 435 1
435 405 1
405 1305 1
1305 405 1
406 407 1
407 406 1
406 436 1
436 406 1
406 1306 1
1306 406 1
407 408 1
408 407 1
407 437 1
437 407 1
407 1307 1
1307 407 1
415 416 1
416 415 1
415 445 1
445 415 1
415 1315 1
1315 415 1
416 417 1
417 416 1
416 446 1
446 416 1
416 1316 1
1316 416 1
417 418 1
418 417 1
417 447 1
447 417 1
417 1317 1
1317 417 1
418 419 1
419 418 1
418 448 1
448 418 1
418 1318 1
1318 418 1
419 420 1
420 419 1
419 449 1
449 419 1
419 1319 1
1319 419 1
420 450 1
450 420 1
420 1320 1
1320 420 1
421 422 1
422 421 1
421 451 1
451 421 1
421 1321 1
1321 421 1
422 423 1
423 422 1
422 452 1
452 422 1
422 1322 1
1322 422 1
423 424 1
424 423 1
423 453 1
453 423 1
423 1323 1
1323 423 1
424 425 1
425 424 1
424 454 1
454 424 1
424 1324 1
1324 424 1
425 426 1
426 425 1
425 455 1
455 425 1
425 1325 1
1325 425 1
426 427 1
427 426 1
426 456 1
456 426 1
426 1326 1
1326 426 1
427 428 1
428 427 1
427 457 1
457 427 1
427 1327 1
1327 427 1
428 429 1
429 428 1
428 458 1
458 428 1
428 1328 1
1328 428 1
429 430 1
430 429 1
429 459 1
459 429 1
429 1329 1
1329 429 1
430 431 1
431 430 1
430 460 1
460 430 1
430 1330 1
1330 430 1
431 432 1
432 431 1
431 461 1
461 431 1
431 1331 1
1331 431 1
432 433 1
433 432 1
432 462 1
462 432 1
432 1332 1
1332 432 1
433 434 1
434 433 1
433 463 1
463 433 1
433 1333 1
1333 433 1
434 435 1
435 434 1
434 464 1
464 434 1
434 1334 1
1334 434 1
435 436 1
436 435 1
435 465 1
465 435 1
435 1335 1
1335 435 1
436 437 1
437 436 1
436 466 1
466 436 1
436 1336 1
1336 436 1
437 438 1
438 437 1
437 467 1
467 437 1
437 1337 1
1337 437 1
445 446 1
446 445 1
445 475 1
475 445 1
445 1345 1
1345 445 1
446 447 1
447 446 1
446 476 1
476 446 1
446 1346 1
1346 446 1
447 448 1
448 447 1
447 477 1
477 447 1
447 1347 1
1347 447 1
448 449 1
449 448 1
448 478 1
478 448 1
448 1348 1
1348 448 1
449 450 1
450 449 1
449 479 1
479 449 1
449 1349 1
1349 449 1
450 480 1
480 450 1
450 1350 1
1350 450 1
451 452 1
452 451 1
451 481 1
481 451 1
451 1351 1
1351 451 1
452 453 1
453 452 1
452 482 1
482 452 1
452 1352 1
1352 452 1
453 454 1
454 453 1
453 483 1
483 453 1
453 1353 1
1353 453 1
454 455 1
455 454 1
454 484 1
484 454 1
454 1354 1
1354 454 1
455 456 1
456 455 1
455 485 1
485 455 1
455 1355 1
1355 455 1
456 457 1
457 456 1
456 486 1
486 456 1
456 1356 1
1356 456 1
457 458 1
458 457 1
457 487 1
487 457 1
457 1357 1
1357 457 1
458 459 1
459 458 1
458 488 1
488 458 1
458 1358 1
1358 458 1
459 460 1
460 459 1
459 489 1
489 459 1
459 1359 1
1359 459 1
460 461 1
461 460 1
460 490 1
490 460 1
460 1360 1
1360 460 1
461 462 1
462 461 1
461 491 1
491 461 1
461 1361 1
1361 461 1
462 463 1
463 462 1
462 492 1
492 462 1
462 1362 1
1362 462 1
463 464 1
464 463 1
463 493 1
493 463 1
463 1363 1
1363 463 1
464 465 1
465 464 1
464 494 1
494 464 1
464 1364 1
1364 464 1
465 466 1
466 465 1
465 495 1
495 465 1
465 1365 1
1365 465 1
466 467 1
467 466 1
466 496 1
496 466 1
466 1366 1
1366 466 1
467 468 1
468 467 1
467 497 1
497 467 1
467 1367 1
1367 467 1
468 469 1
469 468 1
468 498 1
498 468 1
468 1368 1
1368 468 1
469 470 1
470 469 1
469 499 1
499 469 1
469 1369 1
1369 469 1
470 471 1
471 470 1
470 500 1
500 470 1
470 1370 1
1370 470 1
471 472 1
472 471 1
471 501 1
501 471 1
471 1371 1
1371 471 1
472 473 1
473 472 1
472 502 1
502 472 1
472 1372 1
1372 472 1
473 474 1
474 473 1
473 503 1
503 473 1
473 1373 1
1373 473 1
474 475 1
475 474 1
474 504 1
504 474 1
474 1374 1
1374 474 1
475 476 1
476 475 1
475 505 1
505 475 1
475 1375 1
1375 475 1
476 477 1
477 476 1
476 506 1
506 476 1
476 1376 1
1376 476 1
477 478 1
478 477 1
477 507 1
507 477 1
477 1377 1
1377 477 1
478 479 1
479 478 1
478 508 1
508 478 1
478 1378 1
1378 478 1
479 480 1
480 479 1
479 509 1
509 479 1
479 1379 1
1379 479 1
480 510 1
510 480 1
480 1380 1
1380 480 1
481 482 1
482 481 1
481 511 1
511 481 1
481 1381 1
1381 481 1
482 483 1
483 482 1
482 512 1
512 482 1
482 1382 1
1382 482 1
483 484 1
484 483 1
483 513 1
513 483 1
483 1383 1
1383 483 1
484 485 1
485 484 1
484 514 1
514 484 1
484 1384 1
1384 484 1
485 486 1
486 485 1
485 515 1
515 485 1
485 1385 1
1385 485 1
486 487 1
487 486 1
486 516 1
516 486 1
486 1386 1
1386 486 1
487 488 1
488 487 1
487 517 1
517 487 1
487 1387 1
1387 487 1
488 489 1
489 488 1
488 518 1
518 488 1
488 1388 1
1388 488 1
489 490 1
490 489 1
489 519 1
519 489 1
489 1389 1
1389 489 1
490 491 1
491 490 1
490 520 1
520 490 1
490 1390 1
1390 490 1
491 492 1
492 491 1
491 521 1
521 491 1
491 1391 1
1391 491 1
492 493 1
493 492 1
492 522 1
522 492 1
492 1392 1
1392 492 1
493 494 1
494 493 1
493 523 1
523 493 1
493 1393 1
1393 493 1
494 495 1
495 494 1
494 524 1
524 494 1
494 1394 1
1394 494 1
495 496 1
496 495 1
495 525 1
525 495 1
495 1395 1
1395 495 1
496 497 1
497 496 1
496 526 1
526 496 1
496 1396 1
1396 496 1
497 498 1
498 497 1
497 527 1
527 497 1
497 1397 1
1397 497 1
498 499 1
499 498 1
498 528 1
528 498 1
498 1398 1
1398 498 1
499 500 1
500 499 1
499 529 1
529 499 1
499 1399 1
1399 499 1
500 501 1
501 500 1
500 530 1
530 500 1
500 1400 1
1400 500 1
501 502 1
502 501 1
501 531 1
531 501 1
501 1401 1
1401 501 1
502 503 1
503 502 1
502 532 1
532 502 1
502 1402 1
1402 502 1
503 504 1
504 503 1
503 533 1
533 503 1
503 1403 1
1403 503 1
504 505 1
505 504 1
504 534 1
534 504 1
504 1404 1
1404 504 1
505 506 1
506 505 1
505 535 1
535 505 1
505 1405 1
1405 505 1
506 507 1
507 506 1
506 536 1
536 506 1
506 1406 1
1406 506 1
507 508 1
508 507 1
507 537 1
537 507 1
507 1407 1
1407 507 1
508 509 1
509 508 1
508 538 1
538 508 1
508 1408 1
1408 508 1
509 510 1
510 509 1
509 539 1
539 509 1
509 1409 1
1409 509 1
510 540 1
540 510 1
510 1410 1
1410 510 1
511 512 1
512 511 1
511 541 1
541 511 1
511 1411 1
1411 511 1
512 513 1
513 512 1
512 542 1
542 512 1
512 1412 1
1412 512 1
513 514 1
514 513 1
513 543 1
543 513 1
513 1413 1
1413 513 1
514 515 1
515 514 1
514 544 1
544 514 1
514 1414 1
1414 514 1
515 516 1
516 515 1
515 545 1
545 515 1
515 1415 1
1415 515 1
516 517 1
517 516 1
516 546 1
546 516 1
516 1416 1
1416 516 1
517 518 1
518 517 1
517 547 1
547 517 1
517 1417 1
1417 517 1
518 519 1
519 518 1
518 548 1
548 518 1
518 1418 1
1418 518 1
519 520 1
520 519 1
519 549 1
549 519 1
519 1419 1
1419 519 1
520 521 1
521 520 1
520 550 1
550 520 1
520 1420 1
1420 520 1
521 522 1
522 521 1
521 551 1
551 521 1
521 1421 1
1421 521 1
522 523 1
523 522 1
522 552 1
552 522 1
522 1422 1
1422 522 1
523 524 1
524 523 1
523 553 1
553 523 1
523 1423 1
1423 523 1
524 525 1
525 524 1
524 554 1
554 524 1
524 1424 1
1424 524 1
525 526 1
526 525 1
525 555 1
555 525 1
525 1425 1
1425 525 1
526 527 1
527 526 1
526 556 1
556 526 1
526 1426 1
1426 526 1
527 528 1
528 527 1
527 557 1
557 527 1
527 1427 1
1427 527 1
528 529 1
529 528 1
528 558 1
558 528 1
528 1428 1
1428 528 1
529 530 1
530 529 1
529 559 1
559 529 1
529 1429 1
1429 529 1
530 531 1
531 530 1
530 560 1
560 530 1
530 1430 1
1430 530 1
531 532 1
532 531 1
531 561 1
561 531 1
531 1431 1
1431 531 1
532 533 1
533 532 1
532 562 1
562 532 1
532 1432 1
1432 532 1
533 534 1
534 533 1
533 563 1
563 533 1
533 1433 1
1433 533 1
534 535 1
535 534 1
534 564 1
564 534 1
534 1434 1
1434 534 1
535 536 1
536 535 1
535 565 1
565 535 1
535 1435 1
1435 535 1
536 537 1
537 536 1
536 566 1
566 536 1
536 1436 1
1436 536 1
537 538 1
538 537 1
537 567 1
567 537 1
537 1437 1
1437 537 1
538 539 1
539 538 1
538 568 1
568 538 1
538 1438 1
1438 538 1
539 540 1
540 539 1
539 569 1
569 539 1
539 1439 1
1439 539 1
540 570 1
570 540 1
540 1440 1
1440 540 1
541 542 1
542 541 1
541 571 1
571 541 1
541 1441 1
1441 541 1
542 543 1
543 542 1
542 572 1
572 542 1
542 1442 1
1442 542 1
543 544 1
544 543 1
543 573 1
573 543 1
543 1443 1
1443 543 1
544 545 1
545 544 1
544 574 1
574 544 1
544 1444 1
1444 544 1
545 546 1
546 545 1
545 575 1
575 545 1
545 1445 1
1445 545 1
546 547 1
547 546 1
546 576 1
576 546 1
546 1446 1
1446 546 1
547 548 1
548 547 1
547 577 1
577 547 1
547 1447 1
1447 547 1
548 549 1
549 548 1
548 578 1
578 548 1
548 1448 1
1448 548 1
549 550 1
550 549 1
549 579 1
579 549 1
549 1449 1
1449 549 1
550 551 1
551 550 1
550 580 1
580 550 1
550 1450 1
1450 550 1
551 552 1
552 551 1
551 581 1
581 551 1
551 1451 1
1451 551 1
552 553 1
553 552 1
552 582 1
582 552 1
552 1452 1
1452 552 1
553 554 1
554 553 1
553 583 1
583 553 1
553 1453 1
1453 553 1
554 555 1
555 554 1
554 584 1
584 554 1
554 1454 1
1454 554 1
555 556 1
556 555 1
555 585 1
585 555 1
555 1455 1
1455 555 1
556 557 1
557 556 1
556 586 1
586 556 1
556 1456 1
1456 556 1
557 558 1
558 557 1
557 587 1
587 557 1
557 1457 1
1457 557 1
558 559 1
559 558 1
558 588 1
588 558 1
558 1458 1
1458 558 1
559 560 1
560 559 1
559 589 1
589 559 1
559 1459 1
1459 559 1
560 561 1
561 560 1
560 590 1
590 560 1
560 1460 1
1460 560 1
561 562 1
562 561 1
561 591 1
591 561 1
561 1461 1
1461 561 1
562 563 1
563 562 1
562 592 1
592 562 1
562 1462 1
1462 562 1
563 564 1
564 563 1
563 593 1
593 563 1
563 1463 1
1463 563 1
564 565 1
565 564 1
564 594 1
594 564 1
564 1464 1
1464 564 1
565 566 1
566 565 1
565 595 1
595 565 1
565 1465 1
1465 565 1
566 567 1
567 566 1
566 596 1
596 566 1
566 1466 1
1466 566 1
567 568 1
568 567 1
567 597 1
597 567 1
567 1467 1
1467 567 1
568 569 1
569 568 1
568 598 1
598 568 1
568 1468 1
1468 568 1
569 570 1
570 569 1
569 599 1
599 569 1
569 1469 1
1469 569 1
570 600 1
600 570 1
570 1470 1
1470 570 1
571 572 1
572 571 1
571 601 1
601 571 1
571 1471 1
1471 571 1
572 573 1
573 572 1
572 602 1
602 572 1
572 1472 1
1472 572 1
573 574 1
574 573 1
573 603 1
603 573 1
573 1473 1
1473 573 1
574 575 1
575 574 1
574 604 1
604 574 1
574 1474 1
1474 574 1
575 576 1
576 575 1
575 605 1
605 575 1
575 1475 1
1475 575 1
576 577 1
577 576 1
576 606 1
606 576 1
576 1476 1
1476 576 1
577 578 1
578 577 1
577 607 1
607 577 1
577 1477 1
1477 577 1
578 579 1
579 578 1
578 608 1
608 578 1
578 1478 1
1478 578 1
579 580 1
580 579 1
579 609 1
609 579 1
579 1479 1
1479 579 1
580 581 1
581 580 1
580 610 1
610 580 1
580 1480 1
1480 580 1
581 582 1
582 581 1
581 611 1
611 581 1
581 1481 1
1481 581 1
582 583 1
583 582 1
582 612 1
612 582 1
582 1482 1
1482 582 1
583 584 1
584 583 1
583 613 1
613 583 1
583 1483 1
1483 583 1
584 585 1
585 584 1
584 614 1
614 584 1
584 1484 1
1484 584 1
585 586 1
586 585 1
585 615 1
615 585 1
585 1485 1
1485 585 1
586 587 1
587 586 1
586 616 1
616 586 1
586 1486 1
1486 586 1
587 588 1
588 587 1
587 617 1
617 587 1
587 1487 1
1487 587 1
588 589 1
589 588 1
588 618 1
618 588 1
588 1488 1
1488 588 1
589 590 1
590 589 1
589 619 1
619 589 1
589 1489 1
1489 589 1
590 591 1
591 590 1
590 620 1
620 590 1
590 1490 1
1490 590 1
591 592 1
592 591 1
591 621 1
621 591 1
591 1491 1
1491 591 1
592 593 1
593 592 1
592 622 1
622 592 1
592 1492 1
1492 592 1
593 594 1
594 593 1
593 623 1
623 593 1
593 1493 1
1493 593 1
594 595 1
595 594 1
594 624 1
624 594 1
594 1494 1
1494 594 1
595 596 1
596 595 1
595 625 1
625 595 1
595 1495 1
1495 595 1
596 597 1
597 596 1
596 626 1
626 596 1
596 1496 1
1496 596 1
597 598 1
598 597 1
597 627 1
627 597 1
597 1497 1
1497 597 1
598 599 1
599 598 1
598 628 1
628 598 1
598 1498 1
1498 598 1
599 600 1
600 599 1
599 629 1
629 599 1
599 1499 1
1499 599 1
600 630 1
630 600 1
600 1500 1
1500 600 1
601 602 1
602 601 1
601 631 1
631 601 1
601 1501 1
1501 601 1
602 603 1
603 602 1
602 632 1
632 602 1
602 1502 1
1502 602 1
603 604 1
604 603 1
603 633 1
633 603 1
603 1503 1
1503 603 1
604 605 1
605 604 1
604 634 1
634 604 1
604 1504 1
1504 604 1
605 606 1
606 605 1
605 635 1
635 605 1
605 1505 1
1505 605 1
606 607 1
607 606 1
606 636 1
636 606 1
606 1506 1
1506 606 1
607 608 1
608 607 1
607 637 1
637 607 1
607 1507 1
1507 607 1
608 609 1
609 608 1
608 638 1
638 608 1
608 1508 1
1508 608 1
609 610 1
610 609 1
609 639 1
639 609 1
609 1509 1
1509 609 1
610 611 1
611 610 1
610 640 1
640 610 1
610 1510 1
1510 610 1
611 612 1
612 611 1
611 641 1
641 611 1
611 1511 1
1511 611 1
612 613 1
613 612 1
612 642 1
642 612 1
612 1512 1
1512 612 1
613 614 1
614 613 1
613 643 1
643 613 1
613 1513 1
1513 613 1
614 615 1
615 614 1
614 644 1
644 614 1
614 1514 1
1514 614 1
615 616 1
616 615 1
615 645 1
645 615 1
615 1515 1
1515 615 1
616 617 1
617 616 1
616 646 1
646 616 1
616 1516 1
1516 616 1
617 618 1
618 617 1
617 647 1
647 617 1
617 1517 1
1517 617 1
618 619 1
619 618 1
618 648 1
648 618 1
618 1518 1
1518 618 1
619 620 1
620 619 1
619 649 1
649 619 1
619 1519 1
1519 619 1
620 621 1
621 620 1
620 650 1
650 620 1
620 1520 1
1520 620 1
621 622 1
622 621 1
621 651 1
651 621 1
621 1521 1
1521 621 1
622 623 1
623 622 1
622 652 1
652 622 1
622 1522 1
1522 622 1
623 624 1
624 623 1
623 653 1
653 623 1
623 1523 1
1523 623 1
627 628 1
628 627 1
627 657 1
657 627 1
627 1527 1
1527 627 1
628 629 1
629 628 1
628 658 1
658 628 1
628 1528 1
1528 628 1
629 630 1
630 629 1
629 659 1
659 629 1
629 1529 1
1529 629 1
630 660 1
660 630 1
630 1530 1
1530 630 1
631 632 1
632 631 1
631 661 1
661 631 1
631 1531 1
1531 631 1
632 633 1
633 632 1
632 662 1
662 632 1
632 1532 1
1532 632 1
633 634 1
634 633 1
633 663 1
663 633 1
633 1533 1
1533 633 1
634 635 1
635 634 1
634 664 1
664 634 1
634 1534 1
1534 634 1
635 636 1
636 635 1
635 665 1
665 635 1
635 1535 1
1535 635 1
636 637 1
637 636 1
636 666 1
666 636 1
636 1536 1
1536 636 1
637 638 1
638 637 1
637 667 1
667 637 1
637 1537 1
1537 637 1
638 639 1
639 638 1
638 668 1
668 638 1
638 1538 1
1538 638 1
639 640 1
640 639 1
639 669 1
669 639 1
639 1539 1
1539 639 1
640 641 1
641 640 1
640 670 1
670 640 1
640 1540 1
1540 640 1
641 642 1
642 641 1
641 671 1
671 641 1
641 1541 1
1541 641 1
642 643 1
643 642 1
642 672 1
672 642 1
642 1542 1
1542 642 1
643 644 1
644 643 1
643 673 1
673 643 1
643 1543 1
1543 643 1
644 645 1
645 644 1
644 674 1
674 644 1
644 1544 1
1544 644 1
645 646 1
646 645 1
645 675 1
675 645 1
645 1545 1
1545 645 1
646 647 1
647 646 1
646 676 1
676 646 1
646 1546 1
1546 646 1
647 648 1
648 647 1
647 677 1
677 647 1
647 1547 1
1547 647 1
648 649 1
649 648 1
648 678 1
678 648 1
648 1548 1
1548 648 1
649 650 1
650 649 1
649 679 1
679 649 1
649 1549 1
1549 649 1
650 651 1
651 650 1
650 680 1
680 650 1
650 1550 1
1550 650 1
651 652 1
652 651 1
651 681 1
681 651 1
651 1551 1
1551 651 1
652 653 1
653 652 1
652 682 1
682 652 1
652 1552 1
1552 652 1
653 654 1
654 653 1
653 683 1
683 653 1
653 1553 1
1553 653 1
657 658 1
658 657 1
657 687 1
687 657 1
657 1557 1
1557 657 1
658 659 1
659 658 1
658 688 1
688 658 1
658 1558 1
1558 658 1
659 660 1
660 659 1
659 689 1
689 659 1
659 1559 1
1559 659 1
660 690 1
690 660 1
660 1560 1
1560 660 1
661 662 1
662 661 1
661 691 1
691 661 1
661 1561 1
1561 661 1
662 663 1
663 662 1
662 692 1
692 662 1
662 1562 1
1562 662 1
663 664 1
664 663 1
663 693 1
693 663 1
663 1563 1
1563 663 1
664 665 1
665 664 1
664 694 1
694 664 1
664 1564 1
1564 664 1
665 666 1
666 665 1
665 695 1
695 665 1
665 1565 1
1565 665 1
666 667 1
667 666 1
666 696 1
696 666 1
666 1566 1
1566 666 1
667 668 1
668 667 1
667 697 1
697 667 1
667 1567 1
1567 667 1
668 669 1
669 668 1
668 698 1
698 668 1
668 1568 1
1568 668 1
669 670 1
670 669 1
669 699 1
699 669 1
669 1569 1
1569 669 1
670 671 1
671 670 1
670 700 1
700 670 1
670 1570 1
1570 670 1
671 672 1
672 671 1
671 701 1
701 671 1
671 1571 1
1571 671 1
672 673 1
673 672 1
672 702 1
702 672 1
672 1572 1
1572 672 1
673 674 1
674 673 1
673 703 1
703 673 1
673 1573 1
1573 673 1
674 675 1
675 674 1
674 704 1
704 674 1
674 1574 1
1574 674 1
675 676 1
676 675 1
675 705 1
705 675 1
675 1575 1
1575 675 1
676 677 1
677 676 1
676 706 1
706 676 1
676 1576 1
1576 676 1
677 678 1
678 677 1
677 707 1
707 677 1
677 1577 1
1577 677 1
678 679 1
679 678 1
678 708 1
708 678 1
678 1578 1
1578 678 1
679 680 1
680 679 1
679 709 1
709 679 1
679 1579 1
1579 679 1
680 681 1
681 680 1
680 710 1
710 680 1
680 1580 1
1580 680 1
681 682 1
682 681 1
681 711 1
711 681 1
681 1581 1
1581 681 1
682 683 1
683 682 1
682 712 1
712 682 1
682 1582 1
1582 682 1
683 684 1
684 683 1
683 713 1
713 683 1
683 1583 1
1583 683 1
687 688 1
688 687 1
687 717 1
717 687 1
687 1587 1
1587 687 1
688 689 1
689 688 1
688 718 1
718 688 1
688 1588 1
1588 688 1
689 690 1
690 689 1
689 719 1
719 689 1
689 1589 1
1589 689 1
690 720 1
720 690 1
690 1590 1
1590 690 1
691 692 1
692 691 1
691 721 1
721 691 1
691 1591 1
1591 691 1
692 693 1
693 692 1
692 722 1
722 692 1
692 1592 1
1592 692 1
693 694 1
694 693 1
693 723 1
723 693 1
693 1593 1
1593 693 1
694 695 1
695 694 1
694 724 1
724 694 1
694 1594 1
1594 694 1
695 696 1
696 695 1
695 725 1
725 695 1
695 1595 1
1595 695 1
696 697 1
697 696 1
696 726 1
726 696 1
696 1596 1
1596 696 1
697 698 1
698 697 1
697 727 1
727 697 1
697 1597 1
1597 697 1
698 699 1
699 698 1
698 728 1
728 698 1
698 1598 1
1598 698 1
699 700 1
700 699 1
699 729 1
729 699 1
699 1599 1
1599 699 1
700 701 1
701 700 1
700 730 1
730 700 1
700 1600 1
1600 700 1
701 702 1
702 701 1
701 731 1
731 701 1
701 1601 1
1601 701 1
702 703 1
703 702 1
702 732 1
732 702 1
702 1602 1
1602 702 1
703 704 1
704 703 1
703 733 1
733 703 1
703 1603 1
1603 703 1
704 705 1
705 704 1
704 734 1
734 704 1
704 1604 1
1604 704 1
705 706 1
706 705 1
705 735 1
735 705 1
705 1605 1
1605 705 1
706 707 1
707 706 1
706 736 1
736 706 1
706 1606 1
1606 706 1
707 708 1
708 707 1
707 737 1
737 707 1
707 1607 1
1607 707 1
708 709 1
709 708 1
708 738 1
738 708 1
708 1608 1
1608 708 1
709 710 1
710 709 1
709 739 1
739 709 1
709 1609 1
1609 709 1
710 711 1
711 710 1
710 740 1
740 710 1
710 1610 1
1610 710 1
711 712 1
712 711 1
711 741 1
741 711 1
711 1611 1
1611 711 1
712 713 1
713 712 1
712 742 1
742 712 1
712 1612 1
1612 712 1
713 714 1
714 713 1
713 743 1
743 713 1
713 1613 1
1613 713 1
717 718 1
718 717 1
717 747 1
747 717 1
717 1617 1
1617 717 1
718 719 1
719 718 1
718 748 1
748 718 1
718 1618 1
1618 718 1
719 720 1
720 719 1
719 749 1
749 719 1
719 1619 1
1619 719 1
720 750 1
750 720 1
720 1620 1
1620 720 1
721 722 1
722 721 1
721 751 1
751 721 1
721 1621 1
1621 721 1
722 723 1
723 722 1
722 752 1
752 722 1
722 1622 1
1622 722 1
723 724 1
724 723 1
723 753 1
753 723 1
723 1623 1
1623 723 1
724 725 1
725 724 1
724 754 1
754 724 1
724 1624 1
1624 724 1
725 726 1
726 725 1
725 755 1
755 725 1
725 1625 1
1625 725 1
726 727 1
727 726 1
726 756 1
756 726 1
726 1626 1
1626 726 1
727 728 1
728 727 1
727 757 1
757 727 1
727 1627 1
1627 727 1
728 729 1
729 728 1
728 758 1
758 728 1
728 1628 1
1628 728 1
729 730 1
730 729 1
729 759 1
759 729 1
729 1629 1
1629 729 1
730 731 1
731 730 1
730 760 1
760 730 1
730 1630 1
1630 730 1
731 732 1
732 731 1
731 761 1
761 731 1
731 1631 1
1631 731 1
732 733 1
733 732 1
732 762 1
762 732 1
732 1632 1
1632 732 1
733 734 1
734 733 1
733 763 1
763 733 1
733 1633 1
1633 733 1
734 735 1
735 734 1
734 764 1
764 734 1
734 1634 1
1634 734 1
735 736 1
736 735 1
735 765 1
765 735 1
735 1635 1
1635 735 1
736 737 1
737 736 1
736 766 1
766 736 1
736 1636 1
1636 736 1
737 738 1
738 737 1
737 767 1
767 737 1
737 1637 1
1637 737 1
738 739 1
739 738 1
738 768 1
768 738 1
738 1638 1
1638 738 1
739 740 1
740 739 1
739 769 1
769 739 1
739 1639 1
1639 739 1
740 741 1
741 740 1
740 770 1
770 740 1
740 1640 1
1640 740 1
741 742 1
742 741 1
741 771 1
771 741 1
741 1641 1
1641 741 1
742 743 1
743 742 1
742 772 1
772 742 1
742 1642 1
1642 742 1
743 744 1
744 743 1
743 773 1
773 743 1
743 1643 1
1643 743 1
747 748 1
748 747 1
747 777 1
777 747 1
747 1647 1
1647 747 1
748 749 1
749 748 1
748 778 1
778 748 1
748 1648 1
1648 748 1
749 750 1
750 749 1
749 779 1
779 749 1
749 1649 1
1649 749 1
750 780 1
780 750 1
750 1650 1
1650 750 1
751 752 1
752 751 1
751 781 1
781 751 1
751 1651 1
1651 751 1
752 753 1
753 752 1
752 782 1
782 752 1
752 1652 1
1652 752 1
753 754 1
754 753 1
753 783 1
783 753 1
753 1653 1
1653 753 1
754 755 1
755 754 1
754 784 1
784 754 1
754 1654 1
1654 754 1
755 756 1
756 755 1
755 785 1
785 755 1
755 1655 1
1655 755 1
756 757 1
757 756 1
756 786 1
786 756 1
756 1656 1
1656 756 1
757 758 1
758 757 1
757 787 1
787 757 1
757 1657 1
1657 757 1
758 759 1
759 758 1
758 788 1
788 758 1
758 1658 1
1658 758 1
759 760 1
760 759 1
759 789 1
789 759 1
759 1659 1
1659 759 1
760 761 1
761 760 1
760 790 1
790 760 1
760 1660 1
1660 760 1
761 762 1
762 761 1
761 791 1
791 761 1
761 1661 1
1661 761 1
762 763 1
763 762 1
762 792 1
792 762 1
762 1662 1
1662 762 1
763 764 1
764 763 1
763 793 1
793 763 1
763 1663 1
1663 763 1
764 765 1
765 764 1
764 794 1
794 764 1
764 1664 1
1664 764 1
765 766 1
766 765 1
765 795 1
795 765 1
765 1665 1
1665 765 1
766 767 1
767 766 1
766 796 1
796 766 1
766 1666 1
1666 766 1
767 768 1
768 767 1
767 797 1
797 767 1
767 1667 1
1667 767 1
768 769 1
769 768 1
768 798 1
798 768 1
768 1668 1
1668 768 1
769 770 1
770 769 1
769 799 1
799 769 1
769 1669 1
1669 769 1
770 771 1
771 770 1
770 800 1
800 770 1
770 1670 1
1670 770 1
771 772 1
772 771 1
771 801 1
801 771 1
771 1671 1
1671 771 1
772 773 1
773 772 1
772 802 1
802 772 1
772 1672 1
1672 772 1
773 774 1
774 773 1
773 803 1
803 773 1
773 1673 1
1673 773 1
777 778 1
778 777 1
777 807 1
807 777 1
777 1677 1
1677 777 1
778 779 1
779 778 1
778 808 1
808 778 1
778 1678 1
1678 778 1
779 780 1
780 779 1
779 809 1
809 779 1
779 1679 1
1679 779 1
780 810 1
810 780 1
780 1680 1
1680 780 1
781 782 1
782 781 1
781 811 1
811 781 1
781 1681 1
1681 781 1
782 783 1
783 782 1
782 812 1
812 782 1
782 1682 1
1682 782 1
783 784 1
784 783 1
783 813 1
813 783 1
783 1683 1
1683 783 1
784 785 1
785 784 1
784 814 1
814 784 1
784 1684 1
1684 784 1
785 786 1
786 785 1
785 815 1
815 785 1
785 1685 1
1685 785 1
786 787 1
787 786 1
786 816 1
816 786 1
786 1686 1
1686 786 1
787 788 1
788 787 1
787 817 1
817 787 1
787 1687 1
1687 787 1
788 789 1
789 788 1
788 818 1
818 788 1
788 1688 1
1688 788 1
789 790 1
790 789 1
789 819 1
819 789 1
789 1689 1
1689 789 1
790 791 1
791 790 1
790 820 1
820 790 1
790 1690 1
1690 790 1
791 792 1
792 791 1
791 821 1
821 791 1
791 1691 1
1691 791 1
792 793 1
793 792 1
792 822 1
822 792 1
792 1692 1
1692 792 1
793 794 1
794 793 1
793 823 1
823 793 1
793 1693 1
1693 793 1
794 795 1
795 794 1
794 824 1
824 794 1
794 1694 1
1694 794 1
795 796 1
796 795 1
795 825 1
825 795 1
795 1695 1
1695 795 1
796 797 1
797 796 1
796 826 1
826 796 1
796 1696 1
1696 796 1
797 798 1
798 797 1
797 827 1
827 797 1
797 1697 1
1697 797 1
798 799 1
799 798 1
798 828 1
828 798 1
798 1698 1
1698 798 1
799 800 1
800 799 1
799 829 1
829 799 1
799 1699 1
1699 799 1
800 801 1
801 800 1
800 830 1
830 800 1
800 1700 1
1700 800 1
801 802 1
802 801 1
801 831 1
831 801 1
801 1701 1
1701 801 1
802 803 1
803 802 1
802 832 1
832 802 1
802 1702 1
1702 802 1
803 804 1
804 803 1
803 833 1
833 803 1
803 1703 1
1703 803 1
807 808 1
808 807 1
807 837 1
837 807 1
807 1707 1
1707 807 1
808 809 1
809 808 1
808 838 1
838 808 1
808 1708 1
1708 808 1
809 810 1
810 809 1
809 839 1
839 809 1
809 1709 1
1709 809 1
810 840 1
840 810 1
810 1710 1
1710 810 1
811 812 1
812 811 1
811 841 1
841 811 1
811 1711 1
1711 811 1
812 813 1
813 812 1
812 842 1
842 812 1
812 1712 1
1712 812 1
813 814 1
814 813 1
813 843 1
843 813 1
813 1713 1
1713 813 1
814 815 1
815 814 1
814 844 1
844 814 1
814 1714 1
1714 814 1
815 816 1
816 815 1
815 845 1
845 815 1
815 1715 1
1715 815 1
816 817 1
817 816 1
816 846 1
846 816 1
816 1716 1
1716 816 1
817 818 1
818 817 1
817 847 1
847 817 1
817 1717 1
1717 817 1
818 819 1
819 818 1
818 848 1
848 818 1
818 1718 1
1718 818 1
819 820 1
820 819 1
819 849 1
849 819 1
819 1719 1
1719 819 1
820 821 1
821 820 1
820 850 1
850 820 1
820 1720 1
1720 820 1
821 822 1
822 821 1
821 851 1
851 821 1
821 1721 1
1721 821 1
822 823 1
823 822 1
822 852 1
852 822 1
822 1722 1
1722 822 1
823 824 1
824 823 1
823 853 1
853 823 1
823 1723 1
1723 823 1
824 825 1
825 824 1
824 854 1
854 824 1
824 1724 1
1724 824 1
825 826 1
826 825 1
825 855 1
855 825 1
825 1725 1
1725 825 1
826 827 1
827 826 1
826 856 1
856 826 1
826 1726 1
1726 826 1
827 828 1
828 827 1
827 857 1
857 827 1
827 1727 1
1727 827 1
828 829 1
829 828 1
828 858 1
858 828 1
828 1728 1
1728 828 1
829 830 1
830 829 1
829 859 1
859 829 1
829 1729 1
1729 829 1
830 831 1
831 830 1
830 860 1
860 830 1
830 1730 1
1730 830 1
831 832 1
832 831 1
831 861 1
861 831 1
831 1731 1
1731 831 1
832 833 1
833 832 1
832 862 1
862 832 1
832 1732 1
1732 832 1
833 834 1
834 833 1
833 863 1
863 833 1
833 1733 1
1733 833 1
834 835 1
835 834 1
834 864 1
864 834 1
834 1734 1
1734 834 1
835 836 1
836 835 1
835 865 1
865 835 1
835 1735 1
1735 835 1
836 837 1
837 836 1
836 866 1
866 836 1
836 1736 1
1736 836 1
837 838 1
838 837 1
837 867 1
867 837 1
837 1737 1
1737 837 1
838 839 1
839 838 1
838 868 1
868 838 1
838 1738 1
1738 838 1
839 840 1
840 839 1
839 869 1
869 839 1
839 1739 1
1739 839 1
840 870 1
870 840 1
840 1740 1
1740 840 1
841 842 1
842 841 1
841 871 1
871 841 1
841 1741 1
1741 841 1
842 843 1
843 842 1
842 872 1
872 842 1
842 1742 1
1742 842 1
843 844 1
844 843 1
843 873 1
873 843 1
843 1743 1
1743 843 1
844 845 1
845 844 1
844 874 1
874 844 1
844 1744 1
1744 844 1
845 846 1
846 845 1
845 875 1
875 845 1
845 1745 1
1745 845 1
846 847 1
847 846 1
846 876 1
876 846 1
846 1746 1
1746 846 1
847 848 1
848 847 1
847 877 1
877 847 1
847 1747 1
1747 847 1
848 849 1
849 848 1
848 878 1
878 848 1
848 1748 1
1748 848 1
849 850 1
850 849 1
849 879 1
879 849 1
849 1749 1
1749 849 1
850 851 1
851 850 1
850 880 1
880 850 1
850 1750 1
1750 850 1
851 852 1
852 851 1
851 881 1
881 851 1
851 1751 1
1751 851 1
852 853 1
853 852 1
852 882 1
882 852 1
852 1752 1
1752 852 1
853 854 1
854 853 1
853 883 1
883 853 1
853 1753 1
1753 853 1
854 855 1
855 854 1
854 884 1
884 854 1
854 1754 1
1754 854 1
855 856 1
856 855 1
855 885 1
885 855 1
855 1755 1
1755 855 1
856 857 1
857 856 1
856 886 1
886 856 1
856 1756 1
1756 856 1
857 858 1
858 857 1
857 887 1
887 857 1
857 1757 1
1757 857 1
858 859 1
859 858 1
858 888 1
888 858 1
858 1758 1
1758 858 1
859 860 1
860 859 1
859 889 1
889 859 1
859 1759 1
1759 859 1
860 861 1
861 860 1
860 890 1
890 860 1
860 1760 1
1760 860 1
861 862 1
862 861 1
861 891 1
891 861 1
861 1761 1
1761 861 1
862 863 1
863 862 1
862 892 1
892 862 1
862 1762 1
1762 862 1
863 864 1
864 863 1
863 893 1
893 863 1
863 1763 1
1763 863 1
864 865 1
865 864 1
864 894 1
894 864 1
864 1764 1
1764 864 1
865 866 1
866 865 1
865 895 1
895 865 1
865 1765 1
1765 865 1
866 867 1
867 866 1
866 896 1
896 866 1
866 1766 1
1766 866 1
867 868 1
868 867 1
867 897 1
897 867 1
867 1767 1
1767 867 1
868 869 1
869 868 1
868 898 1
898 868 1
868 1768 1
1768 868 1
869 870 1
870 869 1
869 899 1
899 869 1
869 1769 1
1769 869 1
870 900 1
900 870 1
870 1770 1
1770 870 1
871 872 1
872 871 1
871 1771 1
1771 871 1
872 873 1
873 872 1
872 1772 1
1772 872 1
873 874 1
874 873 1
873 1773 1
1773 873 1
874 875 1
875 874 1
874 1774 1
1774 874 1
875 876 1
876 875 1
875 1775 1
1775 875 1
876 877 1
877 876 1
876 1776 1
1776 876 1
877 878 1
878 877 1
877 1777 1
1777 877 1
878 879 1
879 878 1
878 1778 1
1778 878 1
879 880 1
880 879 1
879 1779 1
1779 879 1
880 881 1
881 880 1
880 1780 1
1780 880 1
881 882 1
882 881 1
881 1781 1
1781 881 1
882 883 1
883 882 1
882 1782 1
1782 882 1
883 884 1
884 883 1
883 1783 1
1783 883 1
884 885 1
885 884 1
884 1784 1
1784 884 1
885 886 1
886 885 1
885 1785 1
1785 885 1
886 887 1
887 886 1
886 1786 1
1786 886 1
887 888 1
888 887 1
887 1787 1
1787 887 1
888 889 1
889 888 1
888 1788 1
1788 888 1
889 890 1
890 889 1
889 1789 1
1789 889 1
890 891 1
891 890 1
890 1790 1
1790 890 1
891 892 1
892 891 1
891 1791 1
1791 891 1
892 893 1
893 892 1
892 1792 1
1792 892 1
893 894 1
894 893 1
893 1793 1
1793 893 1
894 895 1
895 894 1
894 1794 1
1794 894 1
895 896 1
896 895 1
895 1795 1
1795 895 1
896 897 1
897 896 1
896 1796 1
1796 896 1
897 898 1
898 897 1
897 1797 1
1797 897 1
898 899 1
899 898 1
898 1798 1
1798 898 1
899 900 1
900 899 1
899 1799 1
1799 899 1
900 1800 1
1800 900 1
901 902 1
902 901 1
901 931 1
931 901 1
902 903 1
903 902 1
902 932 1
932 902 1
903 904 1
904 903 1
903 933 1
933 903 1
904 905 1
905 904 1
904 934 1
934 904 1
905 906 1
906 905 1
905 935 1
935 905 1
906 907 1
907 906 1
906 936 1
936 906 1
907 908 1
908 907 1
907 937 1
937 907 1
908 909 1
909 908 1
908 938 1
938 908 1
909 910 1
910 909 1
909 939 1
939 909 1
910 911 1
911 910 1
910 940 1
940 910 1
911 912 1
912 911 1
911 941 1
941 911 1
912 913 1
913 912 1
912 942 1
942 912 1
913 914 1
914 913 1
913 943 1
943 913 1
914 915 1
915 914 1
914 944 1
944 914 1
915 916 1
916 915 1
915 945 1
945 915 1
916 917 1
917 916 1
916 946 1
946 916 1
917 918 1
918 917 1
917 947 1
947 917 1
918 919 1
919 918 1
918 948 1
948 918 1
919 920 1
920 919 1
919 949 1
949 919 1
920 921 1
921 920 1
920 950 1
950 920 1
921 922 1
922 921 1
921 951 1
951 921 1
922 923 1
923 922 1
922 952 1
952 922 1
923 924 1
924 923 1
923 953 1
953 923 1
924 925 1
925 924 1
924 954 1
954 924 1
925 926 1
926 925 1
925 955 1
955 925 1
926 927 1
927 926 1
926 956 1
956 926 1
927 928 1
928 927 1
927 957 1
957 927 1
928 929 1
929 928 1
928 958 1
958 928 1
929 930 1
930 929 1
929 959 1
959 929 1
930 960 1
960 930 1
931 932 1
932 931 1
931 961 1
961 931 1
932 933 1
933 932 1
932 962 1
962 932 1
933 934 1
934 933 1
933 963 1
963 933 1
934 935 1
935 934 1
934 964 1
964 934 1
935 936 1
936 935 1
935 965 1
965 935 1
936 937 1
937 936 1
936 966 1
966 936 1
937 938 1
938 937 1
937 967 1
967 937 1
938 939 1
939 938 1
938 968 1
968 938 1
939 940 1
940 939 1
939 969 1
969 939 1
940 941 1
941 940 1
940 970 1
970 940 1
941 942 1
942 941 1
941 971 1
971 941 1
942 943 1
943 942 1
942 972 1
972 942 1
943 944 1
944 943 1
943 973 1
973 943 1
944 945 1
945 944 1
944 974 1
974 944 1
945 946 1
946 945 1
945 975 1
975 945 1
946 947 1
947 946 1
946 976 1
976 946 1
947 948 1
948 947 1
947 977 1
977 947 1
948 949 1
949 948 1
948 978 1
978 948 1
949 950 1
950 949 1
949 979 1
979 949 1
950 951 1
951 950 1
950 980 1
980 950 1
951 952 1
952 951 1
951 981 1
981 951 1
952 953 1
953 952 1
952 982 1
982 952 1
953 954 1
954 953 1
953 983 1
983 953 1
954 955 1
955 954 1
954 984 1
984 954 1
955 956 1
956 955 1
955 985 1
985 955 1
956 957 1
957 956 1
956 986 1
986 956 1
957 958 1
958 957 1
957 987 1
987 957 1
958 959 1
959 958 1
958 988 1
988 958 1
959 960 1
960 959 1
959 989 1
989 959 1
960 990 1
990 960 1
961 962 1
962 961 1
961 991 1
991 961 1
962 963 1
963 962 1
962 992 1
992 962 1
963 964 1
964 963 1
963 993 1
993 963 1
964 965 1
965 964 1
964 994 1
994 964 1
965 966 1
966 965 1
965 995 1
995 965 1
966 967 1
967 966 1
966 996 1
996 966 1
967 968 1
968 967 1
967 997 1
997 967 1
968 969 1
969 968 1
968 998 1
998 968 1
969 970 1
970 969 1
969 999 1
999 969 1
970 971 1
971 970 1
970 1000 1
1000 970 1
971 972 1
972 971 1
971 1001 1
1001 971 1
972 973 1
973 972 1
972 1002 1
1002 972 1
973 974 1
974 973 1
973 1003 1
1003 973 1
974 975 1
975 974 1
974 1004 1
1004 974 1
975 976 1
976 975 1
975 1005 1
1005 975 1
976 977 1
977 976 1
976 1006 1
1006 976 1
977 978 1
978 977 1
977 1007 1
1007 977 1
978 979 1
979 978 1
978 1008 1
1008 978 1
979 980 1
980 979 1
979 1009 1
1009 979 1
980 981 1
981 980 1
980 1010 1
1010 980 1
981 982 1
982 981 1
981 1011 1
1011 981 1
982 983 1
983 982 1
982 1012 1
1012 982 1
983 984 1
984 983 1
983 1013 1
1013 983 1
984 985 1
985 984 1
984 1014 1
1014 984 1
985 986 1
986 985 1
985 1015 1
1015 985 1
986 987 1
987 986 1
986 1016 1
1016 986 1
987 988 1
988 987 1
987 1017 1
1017 987 1
988 989 1
989 988 1
988 1018 1
1018 988 1
989 990 1
990 989 1
989 1019 1
1019 989 1
990 1020 1
1020 990 1
991 992 1
992 991 1
991 1021 1
1021 991 1
992 993 1
993 992 1
992 1022 1
1022 992 1
993 994 1
994 993 1
993 1023 1
1023 993 1
994 995 1
995 994 1
994 1024 1
1024 994 1
995 996 1
996 995 1
995 1025 1
1025 995 1
996 997 1
997 996 1
996 1026 1
1026 996 1
997 998 1
998 997 1
997 1027 1
1027 997 1
998 999 1
999 998 1
998 1028 1
1028 998 1
999 1000 1
1000 999 1
999 1029 1
1029 999 1
1000 1001 1
1001 1000 1
1000 1030 1
1030 1000 1
1001 1002 1
1002 1001 1
1001 1031 1
1031 1001 1
1002 1003 1
1003 1002 1
1002 1032 1
1032 1002 1
1003 1004 1
1004 1003 1
1003 1033 1
1033 1003 1
1004 1005 1
1005 1004 1
1004 1034 1
1034 1004 1
1005 1006 1
1006 1005 1
1005 1035 1
1035 1005 1
1006 1007 1
1007 1006 1
1006 1036 1
1036 1006 1
1007 1008 1
1008 1007 1
1007 1037 1
1037 1007 1
1008 1009 1
1009 1008 1
1008 1038 1
1038 1008 1
1009 1010 1
1010 1009 1
1009 1039 1
1039 1009 1
1010 1011 1
1011 1010 1
1010 1040 1
1040 1010 1
1011 1012 1
1012 1011 1
1011 1041 1
1041 1011 1
1012 1013 1
1013 1012 1
1012 1042 1
1042 1012 1
1013 1014 1
1014 1013 1
1013 1043 1
1043 1013 1
1014 1015 1
1015 1014 1
1014 1044 1
1044 1014 1
1015 1016 1
1016 1015 1
1015 1045 1
1045 1015 1
1016 1017 1
1017 1016 1
1016 1046 1
1046 1016 1
1017 1018 1
1018 1017 1
1017 1047 1
1047 1017 1
1018 1019 1
1019 1018 1
1018 1048 1
1048 1018 1
1019 1020 1
1020 1019 1
1019 1049 1
1049 1019 1
1020 1050 1
1050 1020 1
1021 1022 1
1022 1021 1
1021 1051 1
1051 1021 1
1022 1023 1
1023 1022 1
1022 1052 1
1052 1022 1
1023 1024 1
1024 1023 1
1023 1053 1
1053 1023 1
1024 1025 1
1025 1024 1
1024 1054 1
1054 1024 1
1025 1026 1
1026 1025 1
1025 1055 1
1055 1025 1
1026 1027 1
1027 1026 1
1026 1056 1
1056 1026 1
1027 1028 1
1028 1027 1
1027 1057 1
1057 1027 1
1028 1029 1
1029 1028 1
1028 1058 1
1058 1028 1
1029 1030 1
1030 1029 1
1029 1059 1
1059 1029 1
1030 1031 1
1031 1030 1
1030 1060 1
1060 1030 1
1031 1032 1
1032 1031 1
1031 1061 1
1061 1031 1
1032 1033 1
1033 1032 1
1032 1062 1
1062 1032 1
1033 1034 1
1034 1033 1
1033 1063 1
1063 1033 1
1034 1035 1
1035 1034 1
1034 1064 1
1064 1034 1
1035 1036 1
1036 1035 1
1035 1065 1
1065 1035 1
1036 1037 1
1037 1036 1
1036 1066 1
1066 1036 1
1037 1038 1
1038 1037 1
1037 1067 1
1067 1037 1
1038 1039 1
1039 1038 1
1038 1068 1
1068 1038 1
1039 1040 1
1040 1039 1
1039 1069 1
1069 1039 1
1040 1041 1
1041 1040 1
1040 1070 1
1070 1040 1
1041 1042 1
1042 1041 1
1041 1071 1
1071 1041 1
1042 1043 1
1043 1042 1
1042 1072 1
1072 1042 1
1043 1044 1
1044 1043 1
1043 1073 1
1073 1043 1
1044 1045 1
1045 1044 1
1044 1074 1
1074 1044 1
1045 1046 1
1046 1045 1
1045 1075 1
1075 1045 1
1046 1047 1
1047 1046 1
1046 1076 1
1076 1046 1
1047 1048 1
1048 1047 1
1047 1077 1
1077 1047 1
1048 1049 1
1049 1048 1
1048 1078 1
1078 1048 1
1049 1050 1
1050 1049 1
1049 1079 1
1079 1049 1
1050 1080 1
1080 1050 1
1051 1052 1
1052 1051 1
1051 1081 1
1081 1051 1
1052 1053 1
1053 1052 1
1052 1082 1
1082 1052 1
1053 1054 1
1054 1053 1
1053 1083 1
1083 1053 1
1054 1055 1
1055 1054 1
1054 1084 1
1084 1054 1
1055 1056 1
1056 1055 1
1055 1085 1
1085 1055 1
1056 1057 1
1057 1056 1
1056 1086 1
1086 1056 1
1057 1058 1
1058 1057 1
1057 1087 1
1087 1057 1
1058 1059 1
1059 1058 1
1058 1088 1
1088 1058 1
1059 1060 1
1060 1059 1
1059 1089 1
1089 1059 1
1060 1061 1
1061 1060 1
1060 1090 1
1090 1060 1
1061 1062 1
1062 1061 1
1061 1091 1
1091 1061 1
1062 1063 1
1063 1062 1
1062 1092 1
1092 1062 1
1063 1064 1
1064 1063 1
1063 1093 1
1093 1063 1
1064 1065 1
1065 1064 1
1064 1094 1
1094 1064 1
1065 1066 1
1066 1065 1
1065 1095 1
1095 1065 1
1066 1067 1
1067 1066 1
1066 1096 1
1096 1066 1
1067 1068 1
1068 1067 1
1067 1097 1
1097 1067 1
1068 1069 1
1069 1068 1
1068 1098 1
1098 1068 1
1069 1070 1
1070 1069 1
1069 1099 1
1099 1069 1
1070 1071 1
1071 1070 1
1070 1100 1
1100 1070 1
1071 1072 1
1072 1071 1
1071 1101 1
1101 1071 1
1072 1073 1
1073 1072 1
1072 1102 1
1102 1072 1
1073 1074 1
1074 1073 1
1073 1103 1
1103 1073 1
1074 1075 1
1075 1074 1
1074 1104 1
1104 1074 1
1075 1076 1
1076 1075 1
1075 1105 1
1105 1075 1
1076 1077 1
1077 1076 1
1076 1106 1
1106 1076 1
1077 1078 1
1078 1077 1
1077 1107 1
1107 1077 1
1078 1079 1
1079 1078 1
1078 1108 1
1108 1078 1
1079 1080 1
1080 1079 1
1079 1109 1
1109 1079 1
1080 1110 1
1110 1080 1
1081 1082 1
1082 1081 1
1081 1111 1
1111 1081 1
1082 1083 1
1083 1082 1
1082 1112 1
1112 1082 1
1083 1084 1
1084 1083 1
1083 1113 1
1113 1083 1
1084 1085 1
1085 1084 1
1084 1114 1
1114 1084 1
1085 1086 1
1086 1085 1
1085 1115 1
1115 1085 1
1086 1087 1
1087 1086 1
1086 1116 1
1116 1086 1
1087 1088 1
1088 1087 1
1087 1117 1
1117 1087 1
1088 1089 1
1089 1088 1
1088 1118 1
1118 1088 1
1089 1090 1
1090 1089 1
1089 1119 1
1119 1089 1
1090 1091 1
1091 1090 1
1090 1120 1
1120 1090 1
1091 1092 1
1092 1091 1
1091 1121 1
1121 1091 1
1092 1093 1
1093 1092 1
1092 1122 1
1122 1092 1
1093 1094 1
1094 1093 1
1093 1123 1
1123 1093 1
1094 1095 1
1095 1094 1
1094 1124 1
1124 1094 1
1095 1096 1
1096 1095 1
1095 1125 1
1125 1095 1
1096 1097 1
1097 1096 1
1096 1126 1
1126 1096 1
1097 1098 1
1098 1097 1
1097 1127 1
1127 1097 1
1098 1099 1
1099 1098 1
1098 1128 1
1128 1098 1
1099 1100 1
1100 1099 1
1099 1129 1
1129 1099 1
1100 1101 1
1101 1100 1
1100 1130 1
1130 1100 1
1101 1102 1
1102 1101 1
1101 1131 1
1131 1101 1
1102 1103 1
1103 1102 1
1102 1132 1
1132 1102 1
1103 1104 1
1104 1103 1
1103 1133 1
1133 1103 1
1104 1105 1
1105 1104 1
1104 1134 1
1134 1104 1
1105 1106 1
1106 1105 1
1105 1135 1
1135 1105 1
1106 1107 1
1107 1106 1
1106 1136 1
1136 1106 1
1107 1108 1
1108 1107 1
1107 1137 1
1137 1107 1
1108 1109 1
1109 1108 1
1108 1138 1
1138 1108 1
1109 1110 1
1110 1109 1
1109 1139 1
1139 1109 1
1110 1140 1
1140 1110 1
1111 1112 1
1112 1111 1
1111 1141 1
1141 1111 1
1112 1113 1
1113 1112 1
1112 1142 1
1142 1112 1
1113 1114 1
1114 1113 1
1113 1143 1
1143 1113 1
1114 1115 1
1115 1114 1
1114 1144 1
1144 1114 1
1115 1116 1
1116 1115 1
1115 1145 1
1145 1115 1
1116 1117 1
1117 1116 1
1116 1146 1
1146 1116 1
1117 1118 1
1118 1117 1
1117 1147 1
1147 1117 1
1118 1119 1
1119 1118 1
1118 1148 1
1148 1118 1
1119 1120 1
1120 1119 1
1119 1149 1
1149 1119 1
1120 1121 1
1121 1120 1
1120 1150 1
1150 1120 1
1121 1122 1
1122 1121 1
1121 1151 1
1151 1121 1
1122 1123 1
1123 1122 1
1122 1152 1
1152 1122 1
1123 1124 1
1124 1123 1
1123 1153 1
1153 1123 1
1124 1125 1
1125 1124 1
1124 1154 1
1154 1124 1
1125 1126 1
1126 1125 1
1125 1155 1
1155 1125 1
1126 1127 1
1127 1126 1
1126 1156 1
1156 1126 1
1127 1128 1
1128 1127 1
1127 1157 1
1157 1127 1
1128 1129 1
1129 1128 1
1128 1158 1
1158 1128 1
1129 1130 1
1130 1129 1
1129 1159 1
1159 1129 1
1130 1131 1
1131 1130 1
1130 1160 1
1160 1130 1
1131 1132 1
1132 1131 1
1131 1161 1
1161 1131 1
1132 1133 1
1133 1132 1
1132 1162 1
1162 1132 1
1133 1134 1
1134 1133 1
1133 1163 1
1163 1133 1
1134 1135 1
1135 1134 1
1134 1164 1
1164 1134 1
1135 1136 1
1136 1135 1
1135 1165 1
1165 1135 1
1136 1137 1
1137 1136 1
1136 1166 1
1166 1136 1
1137 1138 1
1138 1137 1
1137 1167 1
1167 1137 1
1138 1139 1
1139 1138 1
1138 1168 1
1168 1138 1
1139 1140 1
1140 1139 1
1139 1169 1
1169 1139 1
1140 1170 1
1170 1140 1
1141 1142 1
1142 1141 1
1141 1171 1
1171 1141 1
1142 1143 1
1143 1142 1
1142 1172 1
1172 1142 1
1143 1144 1
1144 1143 1
1143 1173 1
1173 1143 1
1144 1145 1
1145 1144 1
1144 1174 1
1174 1144 1
1145 1146 1
1146 1145 1
1145 1175 1
1175 1145 1
1146 1147 1
1147 1146 1
1146 1176 1
1176 1146 1
1147 1148 1
1148 1147 1
1147 1177 1
1177 1147 1
1148 1149 1
1149 1148 1
1148 1178 1
1178 1148 1
1149 1150 1
1150 1149 1
1149 1179 1
1179 1149 1
1150 1151 1
1151 1150 1
1150 1180 1
1180 1150 1
1151 1152 1
1152 1151 1
1151 1181 1
1181 1151 1
1152 1153 1
1153 1152 1
1152 1182 1
1182 1152 1
1153 1154 1
1154 1153 1
1153 1183 1
1183 1153 1
1154 1155 1
1155 1154 1
1154 1184 1
1184 1154 1
1155 1156 1
1156 1155 1
1155 1185 1
1185 1155 1
1156 1157 1
1157 1156 1
1156 1186 1
1186 1156 1
1157 1158 1
1158 1157 1
1157 1187 1
1187 1157 1
1158 1159 1
1159 1158 1
1158 1188 1
1188 1158 1
1159 1160 1
1160 1159 1
1159 1189 1
1189 1159 1
1160 1161 1
1161 1160 1
1160 1190 1
1190 1160 1
1161 1162 1
1162 1161 1
1161 1191 1
1191 1161 1
1162 1163 1
1163 1162 1
1162 1192 1
1192 1162 1
1163 1164 1
1164 1163 1
1163 1193 1
1193 1163 1
1164 1165 1
1165 1164 1
1164 1194 1
1194 1164 1
1165 1166 1
1166 1165 1
1165 1195 1
1195 1165 1
1166 1167 1
1167 1166 1
1166 1196 1
1196 1166 1
1167 1168 1
1168 1167 1
1167 1197 1
1197 1167 1
1168 1169 1
1169 1168 1
1168 1198 1
1198 1168 1
1169 1170 1
1170 1169 1
1169 1199 1
1199 1169 1
1170 1200 1
1200 1170 1
1171 1172 1
1172 1171 1
1171 1201 1
1201 1171 1
1172 1173 1
1173 1172 1
1172 1202 1
1202 1172 1
1173 1174 1
1174 1173 1
1173 1203 1
1203 1173 1
1174 1175 1
1175 1174 1
1174 1204 1
1204 1174 1
1175 1176 1
1176 1175 1
1175 1205 1
1205 1175 1
1176 1177 1
1177 1176 1
1176 1206 1
1206 1176 1
1177 1178 1
1178 1177 1
1177 1207 1
1207 1177 1
1178 1179 1
1179 1178 1
1178 1208 1
1208 1178 1
1179 1180 1
1180 1179 1
1179 1209 1
1209 1179 1
1180 1181 1
1181 1180 1
1180 1210 1
1210 1180 1
1181 1182 1
1182 1181 1
1181 1211 1
1211 1181 1
1182 1183 1
1183 1182 1
1182 1212 1
1212 1182 1
1183 1184 1
1184 1183 1
1183 1213 1
1213 1183 1
1184 1185 1
1185 1184 1
1184 1214 1
1214 1184 1
1185 1186 1
1186 1185 1
1185 1215 1
1215 1185 1
1186 1187 1
1187 1186 1
1186 1216 1
1216 1186 1
1187 1188 1
1188 1187 1
1187 1217 1
1217 1187 1
1188 1189 1
1189 1188 1
1188 1218 1
1218 1188 1
1189 1190 1
1190 1189 1
1189 1219 1
1219 1189 1
1190 1191 1
1191 1190 1
1190 1220 1
1220 1190 1
1191 1192 1
1192 1191 1
1191 1221 1
1221 1191 1
1192 1193 1
1193 1192 1
1192 1222 1
1222 1192 1
1193 1194 1
1194 1193 1
1193 1223 1
1223 1193 1
1194 1195 1
1195 1194 1
1194 1224 1
1224 1194 1
1195 1196 1
1196 1195 1
1195 1225 1
1225 1195 1
1196 1197 1
1197 1196 1
1196 1226 1
1226 1196 1
1197 1198 1
1198 1197 1
1197 1227 1
1227 1197 1
1198 1199 1
1199 1198 1
1198 1228 1
1228 1198 1
1199 1200 1
1200 1199 1
1199 1229 1
1229 1199 1
1200 1230 1
1230 1200 1
1201 1202 1
1202 1201 1
1201 1231 1
1231 1201 1
1202 1203 1
1203 1202 1
1202 1232 1
1232 1202 1
1203 1204 1
1204 1203 1
1203 1233 1
1233 1203 1
1204 1205 1
1205 1204 1
1204 1234 1
1234 1204 1
1205 1206 1
1206 1205 1
1205 1235 1
1235 1205 1
1206 1207 1
1207 1206 1
1206 1236 1
1236 1206 1
1207 1208 1
1208 1207 1
1207 1237 1
1237 1207 1
1208 1209 1
1209 1208 1
1208 1238 1
1238 1208 1
1209 1210 1
1210 1209 1
1209 1239 1
1239 1209 1
1210 1211 1
1211 1210 1
1210 1240 1
1240 1210 1
1211 1212 1
1212 1211 1
1211 1241 1
1241 1211 1
1212 1213 1
1213 1212 1
1212 1242 1
1242 1212 1
1213 1214 1
1214 1213 1
1213 1243 1
1243 1213 1
1214 1215 1
1215 1214 1
1214 1244 1
1244 1214 1
1215 1216 1
1216 1215 1
1215 1245 1
1245 1215 1
1216 1217 1
1217 1216 1
1216 1246 1
1246 1216 1
1217 1218 1
1218 1217 1
1217 1247 1
1247 1217 1
1218 1219 1
1219 1218 1
1218 1248 1
1248 1218 1
1219 1220 1
1220 1219 1
1219 1249 1
1249 1219 1
1220 1221 1
1221 1220 1
1220 1250 1
1250 1220 1
1221 1222 1
1222 1221 1
1221 1251 1
1251 1221 1
1222 1223 1
1223 1222 1
1222 1252 1
1252 1222 1
1223 1224 1
1224 1223 1
1223 1253 1
1253 1223 1
1224 1225 1
1225 1224 1
1224 1254 1
1254 1224 1
1225 1226 1
1226 1225 1
1225 1255 1
1255 1225 1
1226 1227 1
1227 1226 1
1226 1256 1
1256 1226 1
1227 1228 1
1228 1227 1
1227 1257 1
1257 1227 1
1228 1229 1
1229 1228 1
1228 1258 1
1258 1228 1
1229 1230 1
1230 1229 1
1229 1259 1
1259 1229 1
1230 1260 1
1260 1230 1
1231 1232 1
1232 1231 1
1231 1261 1
1261 1231 1
1232 1233 1
1233 1232 1
1232 1262 1
1262 1232 1
1233 1234 1
1234 1233 1
1233 1263 1
1263 1233 1
1234 1235 1
1235 1234 1
1234 1264 1
1264 1234 1
1235 1236 1
1236 1235 1
1235 1265 1
1265 1235 1
1236 1237 1
1237 1236 1
1236 1266 1
1266 1236 1
1237 1238 1
1238 1237 1
1237 1267 1
1267 1237 1
1238 1239 1
1239 1238 1
1238 1268 1
1268 1238 1
1239 1240 1
1240 1239 1
1239 1269 1
1269 1239 1
1240 1241 1
1241 1240 1
1240 1270 1
1270 1240 1
1241 1242 1
1242 1241 1
1241 1271 1
1271 1241 1
1242 1243 1
1243 1242 1
1242 1272 1
1272 1242 1
1243 1244 1
1244 1243 1
1243 1273 1
1273 1243 1
1244 1245 1
1245 1244 1
1244 1274 1
1274 1244 1
1245 1246 1
1246 1245 1
1245 1275 1
1275 1245 1
1246 1247 1
1247 1246 1
1246 1276 1
1276 1246 1
1247 1248 1
1248 1247 1
1247 1277 1
1277 1247 1
1248 1249 1
1249 1248 1
1248 1278 1
1278 1248 1
1249 1250 1
1250 1249 1
1249 1279 1
1279 1249 1
1250 1251 1
1251 1250 1
1250 1280 1
1280 1250 1
1251 1252 1
1252 1251 1
1251 1281 1
1281 1251 1
1252 1253 1
1253 1252 1
1252 1282 1
1282 1252 1
1253 1254 1
1254 1253 1
1253 1283 1
1283 1253 1
1254 1255 1
1255 1254 1
1254 1284 1
1284 1254 1
1255 1256 1
1256 1255 1
1255 1285 1
1285 1255 1
1256 1257 1
1257 1256 1
1256 1286 1
1286 1256 1
1257 1258 1
1258 1257 1
1257 1287 1
1287 1257 1
1258 1259 1
1259 1258 1
1258 1288 1
1288 1258 1
1259 1260 1
1260 1259 1
1259 1289 1
1289 1259 1
1260 1290 1
1290 1260 1
1261 1262 1
1262 1261 1
1261 1291 1
1291 1261 1
1262 1263 1
1263 1262 1
1262 1292 1
1292 1262 1
1263 1264 1
1264 1263 1
1263 1293 1
1293 1263 1
1264 1265 1
1265 1264 1
1264 1294 1
1294 1264 1
1265 1266 1
1266 1265 1
1265 1295 1
1295 1265 1
1266 1267 1
1267 1266 1
1266 1296 1
1296 1266 1
1267 1268 1
1268 1267 1
1267 1297 1
1297 1267 1
1268 1269 1
1269 1268 1
1268 1298 1
1298 1268 1
1269 1270 1
1270 1269 1
1269 1299 1
1299 1269 1
1270 1271 1
1271 1270 1
1270 1300 1
1300 1270 1
1271 1272 1
1272 1271 1
1271 1301 1
1301 1271 1
1272 1273 1
1273 1272 1
1272 1302 1
1302 1272 1
1273 1274 1
1274 1273 1
1273 1303 1
1303 1273 1
1274 1275 1
1275 1274 1
1274 1304 1
1304 1274 1
1275 1276 1
1276 1275 1
1275 1305 1
1305 1275 1
1276 1277 1
1277 1276 1
1276 1306 1
1306 1276 1
1277 1278 1
1278 1277 1
1277 1307 1
1307 1277 1
1278 1279 1
1279 1278 1
1278 1308 1
1308 1278 1
1279 1280 1
1280 1279 1
1279 1309 1
1309 1279 1
1280 1281 1
1281 1280 1
1280 1310 1
1310 1280 1
1281 1282 1
1282 1281 1
1281 1311 1
1311 1281 1
1282 1283 1
1283 1282 1
1282 1312 1
1312 1282 1
1283 1284 1
1284 1283 1
1283 1313 1
1313 1283 1
1284 1285 1
1285 1284 1
1284 1314 1
1314 1284 1
1285 1286 1
1286 1285 1
1285 1315 1
1315 1285 1
1286 1287 1
1287 1286 1
1286 1316 1
1316 1286 1
1287 1288 1
1288 1287 1
1287 1317 1
1317 1287 1
1288 1289 1
1289 1288 1
1288 1318 1
1318 1288 1
1289 1290 1
1290 1289 1
1289 1319 1
1319 1289 1
1290 1320 1
1320 1290 1
1291 1292 1
1292 1291 1
1291 1321 1
1321 1291 1
1292 1293 1
1293 1292 1
1292 1322 1
1322 1292 1
1293 1294 1
1294 1293 1
1293 1323 1
1323 1293 1
1294 1295 1
1295 1294 1
1294 1324 1
1324 1294 1
1295 1296 1
1296 1295 1
1295 1325 1
1325 1295 1
1296 1297 1
1297 1296 1
1296 1326 1
1326 1296 1
1297 1298 1
1298 1297 1
1297 1327 1
1327 1297 1
1298 1299 1
1299 1298 1
1298 1328 1
1328 1298 1
1299 1300 1
1300 1299 1
1299 1329 1
1329 1299 1
1300 1301 1
1301 1300 1
1300 1330 1
1330 1300 1
1301 1302 1
1302 1301 1
1301 1331 1
1331 1301 1
1302 1303 1
1303 1302 1
1302 1332 1
1332 1302 1
1303 1304 1
1304 1303 1
1303 1333 1
1333 1303 1
1304 1305 1
1305 1304 1
1304 1334 1
1334 1304 1
1305 1306 1
1306 1305 1
1305 1335 1
1335 1305 1
1306 1307 1
1307 1306 1
1306 1336 1
1336 1306 1
1307 1308 1
1308 1307 1
1307 1337 1
1337 1307 1
1308 1309 1
1309 1308 1
1308 1338 1
1338 1308 1
1309 1310 1
1310 1309 1
1309 1339 1
1339 1309 1
1310 1311 1
1311 1310 1
1310 1340 1
1340 1310 1
1311 1312 1
1312 1311 1
1311 1341 1
1341 1311 1
1312 1313 1
1313 1312 1
1312 1342 1
1342 1312 1
1313 1314 1
1314 1313 1
1313 1343 1
1343 1313 1
1314 1315 1
1315 1314 1
1314 1344 1
1344 1314 1
1315 1316 1
1316 1315 1
1315 1345 1
1345 1315 1
1316 1317 1
1317 1316 1
1316 1346 1
1346 1316 1
1317 1318 1
1318 1317 1
1317 1347 1
1347 1317 1
1318 1319 1
1319 1318 1
1318 1348 1
1348 1318 1
1319 1320 1
1320 1319 1
1319 1349 1
1349 1319 1
1320 1350 1
1350 1320 1
1321 1322 1
1322 1321 1
1321 1351 1
1351 1321 1
1322 1323 1
1323 1322 1
1322 1352 1
1352 1322 1
1323 1324 1
1324 1323 1
1323 1353 1
1353 1323 1
1324 1325 1
1325 1324 1
1324 1354 1
1354 1324 1
1325 1326 1
1326 1325 1
1325 1355 1
1355 1325 1
1326 1327 1
1327 1326 1
1326 1356 1
1356 1326 1
1327 1328 1
1328 1327 1
1327 1357 1
1357 1327 1
1328 1329 1
1329 1328 1
1328 1358 1
1358 1328 1
1329 1330 1
1330 1329 1
1329 1359 1
1359 1329 1
1330 1331 1
1331 1330 1
1330 1360 1
1360 1330 1
1331 1332 1
1332 1331 1
1331 1361 1
1361 1331 1
1332 1333 1
1333 1332 1
1332 1362 1
1362 1332 1
1333 1334 1
1334 1333 1
1333 1363 1
1363 1333 1
1334 1335 1
1335 1334 1
1334 1364 1
1364 1334 1
1335 1336 1
1336 1335 1
1335 1365 1
1365 1335 1
1336 1337 1
1337 1336 1
1336 1366 1
1366 1336 1
1337 1338 1
1338 1337 1
1337 1367 1
1367 1337 1
1338 1339 1
1339 1338 1
1338 1368 1
1368 1338 1
1339 1340 1
1340 1339 1
1339 1369 1
1369 1339 1
1340 1341 1
1341 1340 1
1340 1370 1
1370 1340 1
1341 1342 1
1342 1341 1
1341 1371 1
1371 1341 1
1342 1343 1
1343 1342 1
1342 1372 1
1372 1342 1
1343 1344 1
1344 1343 1
1343 1373 1
1373 1343 1
1344 1345 1
1345 1344 1
1344 1374 1
1374 1344 1
1345 1346 1
1346 1345 1
1345 1375 1
1375 1345 1
1346 1347 1
1347 1346 1
1346 1376 1
1376 1346 1
1347 1348 1
1348 1347 1
1347 1377 1
1377 1347 1
1348 1349 1
1349 1348 1
1348 1378 1
1378 1348 1
1349 1350 1
1350 1349 1
1349 1379 1
1379 1349 1
1350 1380 1
1380 1350 1
1351 1352 1
1352 1351 1
1351 1381 1
1381 1351 1
1352 1353 1
1353 1352 1
1352 1382 1
1382 1352 1
1353 1354 1
1354 1353 1
1353 1383 1
1383 1353 1
1354 1355 1
1355 1354 1
1354 1384 1
1384 1354 1
1355 1356 1
1356 1355 1
1355 1385 1
1385 1355 1
1356 1357 1
1357 1356 1
1356 1386 1
1386 1356 1
1357 1358 1
1358 1357 1
1357 1387 1
1387 1357 1
1358 1359 1
1359 1358 1
1358 1388 1
1388 1358 1
1359 1360 1
1360 1359 1
1359 1389 1
1389 1359 1
1360 1361 1
1361 1360 1
1360 1390 1
1390 1360 1
1361 1362 1
1362 1361 1
1361 1391 1
1391 1361 1
1362 1363 1
1363 1362 1
1362 1392 1
1392 1362 1
1363 1364 1
1364 1363 1
1363 1393 1
1393 1363 1
1364 1365 1
1365 1364 1
1364 1394 1
1394 1364 1
1365 1366 1
1366 1365 1
1365 1395 1
1395 1365 1
1366 1367 1
1367 1366 1
1366 1396 1
1396 1366 1
1367 1368 1
1368 1367 1
1367 1397 1
1397 1367 1
1368 1369 1
1369 1368 1
1368 1398 1
1398 1368 1
1369 1370 1
1370 1369 1
1369 1399 1
1399 1369 1
1370 1371 1
1371 1370 1
1370 1400 1
1400 1370 1
1371 1372 1
1372 1371 1
1371 1401 1
1401 1371 1
1372 1373 1
1373 1372 1
1372 1402 1
1402 1372 1
1373 1374 1
1374 1373 1
1373 1403 1
1403 1373 1
1374 1375 1
1375 1374 1
1374 1404 1
1404 1374 1
1375 1376 1
1376 1375 1
1375 1405 1
1405 1375 1
1376 1377 1
1377 1376 1
1376 1406 1
1406 1376 1
1377 1378 1
1378 1377 1
1377 1407 1
1407 1377 1
1378 1379 1
1379 1378 1
1378 1408 1
1408 1378 1
1379 1380 1
1380 1379 1
1379 1409 1
1409 1379 1
1380 1410 1
1410 1380 1
1381 1382 1
1382 1381 1
1381 1411 1
1411 1381 1
1382 1383 1
1383 1382 1
1382 1412 1
1412 1382 1
1383 1384 1
1384 1383 1
1383 1413 1
1413 1383 1
1384 1385 1
1385 1384 1
1384 1414 1
1414 1384 1
1385 1386 1
1386 1385 1
1385 1415 1
1415 1385 1
1386 1387 1
1387 1386 1
1386 1416 1
1416 1386 1
1387 1388 1
1388 1387 1
1387 1417 1
1417 1387 1
1388 1389 1
1389 1388 1
1388 1418 1
1418 1388 1
1389 1390 1
1390 1389 1
1389 1419 1
1419 1389 1
1390 1391 1
1391 1390 1
1390 1420 1
1420 1390 1
1391 1392 1
1392 1391 1
1391 1421 1
1421 1391 1
1392 1393 1
1393 1392 1
1392 1422 1
1422 1392 1
1393 1394 1
1394 1393 1
1393 1423 1
1423 1393 1
1394 1395 1
1395 1394 1
1394 1424 1
1424 1394 1
1395 1396 1
1396 1395 1
1395 1425 1
1425 1395 1
1396 1397 1
1397 1396 1
1396 1426 1
1426 1396 1
1397 1398 1
1398 1397 1
1397 1427 1
1427 1397 1
1398 1399 1
1399 1398 1
1398 1428 1
1428 1398 1
1399 1400 1
1400 1399 1
1399 1429 1
1429 1399 1
1400 1401 1
1401 1400 1
1400 1430 1
1430 1400 1
1401 1402 1
1402 1401 1
1401 1431 1
1431 1401 1
1402 1403 1
1403 1402 1
1402 1432 1
1432 1402 1
1403 1404 1
1404 1403 1
1403 1433 1
1433 1403 1
1404 1405 1
1405 1404 1
1404 1434 1
1434 1404 1
1405 1406 1
1406 1405 1
1405 1435 1
1435 1405 1
1406 1407 1
1407 1406 1
1406 1436 1
1436 1406 1
1407 1408 1
1408 1407 1
1407 1437 1
1437 1407 1
1408 1409 1
1409 1408 1
1408 1438 1
1438 1408 1
1409 1410 1
1410 1409 1
1409 1439 1
1439 1409 1
1410 1440 1
1440 1410 1
1411 1412 1
1412 1411 1
1411 1441 1
1441 1411 1
1412 1413 1
1413 1412 1
1412 1442 1
1442 1412 1
1413 1414 1
1414 1413 1
1413 1443 1
1443 1413 1
1414 1415 1
1415 1414 1
1414 1444 1
1444 1414 1
1415 1416 1
1416 1415 1
1415 1445 1
1445 1415 1
1416 1417 1
1417 1416 1
1416 1446 1
1446 1416 1
1417 1418 1
1418 1417 1
1417 1447 1
1447 1417 1
1418 1419 1
1419 1418 1
1418 1448 1
1448 1418 1
1419 1420 1
1420 1419 1
1419 1449 1
1449 1419 1
1420 1421 1
1421 1420 1
1420 1450 1
1450 1420 1
1421 1422 1
1422 1421 1
1421 1451 1
1451 1421 1
1422 1423 1
1423 1422 1
1422 1452 1
1452 1422 1
1423 1424 1
1424 1423 1
1423 1453 1
1453 1423 1
1424 1425 1
1425 1424 1
1424 1454 1
1454 1424 1
1425 1426 1
1426 1425 1
1425 1455 1
1455 1425 1
1426 1427 1
1427 1426 1
1426 1456 1
1456 1426 1
1427 1428 1
1428 1427 1
1427 1457 1
1457 1427 1
1428 1429 1
1429 1428 1
1428 1458 1
1458 1428 1
1429 1430 1
1430 1429 1
1429 1459 1
1459 1429 1
1430 1431 1
1431 1430 1
1430 1460 1
1460 1430 1
1431 1432 1
1432 1431 1
1431 1461 1
1461 1431 1
1432 1433 1
1433 1432 1
1432 1462 1
1462 1432 1
1433 1434 1
1434 1433 1
1433 1463 1
1463 1433 1
1434 1435 1
1435 1434 1
1434 1464 1
1464 1434 1
1435 1436 1
1436 1435 1
1435 1465 1
1465 1435 1
1436 1437 1
1437 1436 1
1436 1466 1
1466 1436 1
1437 1438 1
1438 1437 1
1437 1467 1
1467 1437 1
1438 1439 1
1439 1438 1
1438 1468 1
1468 1438 1
1439 1440 1
1440 1439 1
1439 1469 1
1469 1439 1
1440 1470 1
1470 1440 1
1441 1442 1
1442 1441 1
1441 1471 1
1471 1441 1
1442 1443 1
1443 1442 1
1442 1472 1
1472 1442 1
1443 1444 1
1444 1443 1
1443 1473 1
1473 1443 1
1444 1445 1
1445 1444 1
1444 1474 1
1474 1444 1
1445 1446 1
1446 1445 1
1445 1475 1
1475 1445 1
1446 1447 1
1447 1446 1
1446 1476 1
1476 1446 1
1447 1448 1
1448 1447 1
1447 1477 1
1477 1447 1
1448 1449 1
1449 1448 1
1448 1478 1
1478 1448 1
1449 1450 1
1450 1449 1
1449 1479 1
1479 1449 1
1450 1451 1
1451 1450 1
1450 1480 1
1480 1450 1
1451 1452 1
1452 1451 1
1451 1481 1
1481 1451 1
1452 1453 1
1453 1452 1
1452 1482 1
1482 1452 1
1453 1454 1
1454 1453 1
1453 1483 1
1483 1453 1
1454 1455 1
1455 1454 1
1454 1484 1
1484 1454 1
1455 1456 1
1456 1455 1
1455 1485 1
1485 1455 1
1456 1457 1
1457 1456 1
1456 1486 1
1486 1456 1
1457 1458 1
1458 1457 1
1457 1487 1
1487 1457 1
1458 1459 1
1459 1458 1
1458 1488 1
1488 1458 1
1459 1460 1
1460 1459 1
1459 1489 1
1489 1459 1
1460 1461 1
1461 1460 1
1460 1490 1
1490 1460 1
1461 1462 1
1462 1461 1
1461 1491 1
1491 1461 1
1462 1463 1
1463 1462 1
1462 1492 1
1492 1462 1
1463 1464 1
1464 1463 1
1463 1493 1
1493 1463 1
1464 1465 1
1465 1464 1
1464 1494 1
1494 1464 1
1465 1466 1
1466 1465 1
1465 1495 1
1495 1465 1
1466 1467 1
1467 1466 1
1466 1496 1
1496 1466 1
1467 1468 1
1468 1467 1
1467 1497 1
1497 1467 1
1468 1469 1
1469 1468 1
1468 1498 1
1498 1468 1
1469 1470 1
1470 1469 1
1469 1499 1
1499 1469 1
1470 1500 1
1500 1470 1
1471 1472 1
1472 1471 1
1471 1501 1
1501 1471 1
1472 1473 1
1473 1472 1
1472 1502 1
1502 1472 1
1473 1474 1
1474 1473 1
1473 1503 1
1503 1473 1
1474 1475 1
1475 1474 1
1474 1504 1
1504 1474 1
1475 1476 1
1476 1475 1
1475 1505 1
1505 1475 1
1476 1477 1
1477 1476 1
1476 1506 1
1506 1476 1
1477 1478 1
1478 1477 1
1477 1507 1
1507 1477 1
1478 1479 1
1479 1478 1
1478 1508 1
1508 1478 1
1479 1480 1
1480 1479 1
1479 1509 1
1509 1479 1
1480 1481 1
1481 1480 1
1480 1510 1
1510 1480 1
1481 1482 1
1482 1481 1
1481 1511 1
1511 1481 1
1482 1483 1
1483 1482 1
1482 1512 1
1512 1482 1
1483 1484 1
1484 1483 1
1483 1513 1
1513 1483 1
1484 1485 1
1485 1484 1
1484 1514 1
1514 1484 1
1485 1486 1
1486 1485 1
1485 1515 1
1515 1485 1
1486 1487 1
1487 1486 1
1486 1516 1
1516 1486 1
1487 1488 1
1488 1487 1
1487 1517 1
1517 1487 1
1488 1489 1
1489 1488 1
1488 1518 1
1518 1488 1
1489 1490 1
1490 1489 1
1489 1519 1
1519 1489 1
1490 1491 1
1491 1490 1
1490 1520 1
1520 1490 1
1491 1492 1
1492 1491 1
1491 1521 1
1521 1491 1
1492 1493 1
1493 1492 1
1492 1522 1
1522 1492 1
1493 1494 1
1494 1493 1
1493 1523 1
1523 1493 1
1494 1495 1
1495 1494 1
1494 1524 1
1524 1494 1
1495 1496 1
1496 1495 1
1495 1525 1
1525 1495 1
1496 1497 1
1497 1496 1
1496 1526 1
1526 1496 1
1497 1498 1
1498 1497 1
1497 1527 1
1527 1497 1
1498 1499 1
1499 1498 1
1498 1528 1
1528 1498 1
1499 1500 1
1500 1499 1
1499 1529 1
1529 1499 1
1500 1530 1
1530 1500 1
1501 1502 1
1502 1501 1
1501 1531 1
1531 1501 1
1502 1503 1
1503 1502 1
1502 1532 1
1532 1502 1
1503 1504 1
1504 1503 1
1503 1533 1
1533 1503 1
1504 1505 1
1505 1504 1
1504 1534 1
1534 1504 1
1505 1506 1
1506 1505 1
1505 1535 1
1535 1505 1
1506 1507 1
1507 1506 1
1506 1536 1
1536 1506 1
1507 1508 1
1508 1507 1
1507 1537 1
1537 1507 1
1508 1509 1
1509 1508 1
1508 1538 1
1538 1508 1
1509 1510 1
1510 1509 1
1509 1539 1
1539 1509 1
1510 1511 1
1511 1510 1
1510 1540 1
1540 1510 1
1511 1512 1
1512 1511 1
1511 1541 1
1541 1511 1
1512 1513 1
1513 1512 1
1512 1542 1
1542 1512 1
1513 1514 1
1514 1513 1
1513 1543 1
1543 1513 1
1514 1515 1
1515 1514 1
1514 1544 1
1544 1514 1
1515 1516 1
1516 1515 1
1515 1545 1
1545 1515 1
1516 1517 1
1517 1516 1
1516 1546 1
1546 1516 1
1517 1518 1
1518 1517 1
1517 1547 1
1547 1517 1
1518 1519 1
1519 1518 1
1518 1548 1
1548 1518 1
1519 1520 1
1520 1519 1
1519 1549 1
1549 1519 1
1520 1521 1
1521 1520 1
1520 1550 1
1550 1520 1
1521 1522 1
1522 1521 1
1521 1551 1
1551 1521 1
1522 1523 1
1523 1522 1
1522 1552 1
1552 1522 1
1523 1524 1
1524 1523 1
1523 1553 1
1553 1523 1
1524 1525 1
1525 1524 1
1524 1554 1
1554 1524 1
1525 1526 1
1526 1525 1
1525 1555 1
1555 1525 1
1526 1527 1
1527 1526 1
1526 1556 1
1556 1526 1
1527 1528 1
1528 1527 1
1527 1557 1
1557 1527 1
1528 1529 1
1529 1528 1
1528 1558 1
1558 1528 1
1529 1530 1
1530 1529 1
1529 1559 1
1559 1529 1
1530 1560 1
1560 1530 1
1531 1532 1
1532 1531 1
1531 1561 1
1561 1531 1
1532 1533 1
1533 1532 1
1532 1562 1
1562 1532 1
1533 1534 1
1534 1533 1
1533 1563 1
1563 1533 1
1534 1535 1
1535 1534 1
1534 1564 1
1564 1534 1
1535 1536 1
1536 1535 1
1535 1565 1
1565 1535 1
1536 1537 1
1537 1536 1
1536 1566 1
1566 1536 1
1537 1538 1
1538 1537 1
1537 1567 1
1567 1537 1
1538 1539 1
1539 1538 1
1538 1568 1
1568 1538 1
1539 1540 1
1540 1539 1
1539 1569 1
1569 1539 1
1540 1541 1
1541 1540 1
1540 1570 1
1570 1540 1
1541 1542 1
1542 1541 1
1541 1571 1
1571 1541 1
1542 1543 1
1543 1542 1
1542 1572 1
1572 1542 1
1543 1544 1
1544 1543 1
1543 1573 1
1573 1543 1
1544 1545 1
1545 1544 1
1544 1574 1
1574 1544 1
1545 1546 1
1546 1545 1
1545 1575 1
1575 1545 1
1546 1547 1
1547 1546 1
1546 1576 1
1576 1546 1
1547 1548 1
1548 1547 1
1547 1577 1
1577 1547 1
1548 1549 1
1549 1548 1
1548 1578 1
1578 1548 1
1549 1550 1
1550 1549 1
1549 1579 1
1579 1549 1
1550 1551 1
1551 1550 1
1550 1580 1
1580 1550 1
1551 1552 1
1552 1551 1
1551 1581 1
1581 1551 1
1552 1553 1
1553 1552 1
1552 1582 1
1582 1552 1
1553 1554 1
1554 1553 1
1553 1583 1
1583 1553 1
1554 1555 1
1555 1554 1
1554 1584 1
1584 1554 1
1555 1556 1
1556 1555 1
1555 1585 1
1585 1555 1
1556 1557 1
1557 1556 1
1556 1586 1
1586 1556 1
1557 1558 1
1558 1557 1
1557 1587 1
1587 1557 1
1558 1559 1
1559 1558 1
1558 1588 1
1588 1558 1
1559 1560 1
1560 1559 1
1559 1589 1
1589 1559 1
1560 1590 1
1590 1560 1
1561 1562 1
1562 1561 1
1561 1591 1
1591 1561 1
1562 1563 1
1563 1562 1
1562 1592 1
1592 1562 1
1563 1564 1
1564 1563 1
1563 1593 1
1593 1563 1
1564 1565 1
1565 1564 1
1564 1594 1
1594 1564 1
1565 1566 1
1566 1565 1
1565 1595 1
1595 1565 1
1566 1567 1
1567 1566 1
1566 1596 1
1596 1566 1
1567 1568 1
1568 1567 1
1567 1597 1
1597 1567 1
1568 1569 1
1569 1568 1
1568 1598 1
1598 1568 1
1569 1570 1
1570 1569 1
1569 1599 1
1599 1569 1
1570 1571 1
1571 1570 1
1570 1600 1
1600 1570 1
1571 1572 1
1572 1571 1
1571 1601 1
1601 1571 1
1572 1573 1
1573 1572 1
1572 1602 1
1602 1572 1
1573 1574 1
1574 1573 1
1573 1603 1
1603 1573 1
1574 1575 1
1575 1574 1
1574 1604 1
1604 1574 1
1575 1576 1
1576 1575 1
1575 1605 1
1605 1575 1
1576 1577 1
1577 1576 1
1576 1606 1
1606 1576 1
1577 1578 1
1578 1577 1
1577 1607 1
1607 1577 1
1578 1579 1
1579 1578 1
1578 1608 1
1608 1578 1
1579 1580 1
1580 1579 1
1579 1609 1
1609 1579 1
1580 1581 1
1581 1580 1
1580 1610 1
1610 1580 1
1581 1582 1
1582 1581 1
1581 1611 1
1611 1581 1
1582 1583 1
1583 1582 1
1582 1612 1
1612 1582 1
1583 1584 1
1584 1583 1
1583 1613 1
1613 1583 1
1584 1585 1
1585 1584 1
1584 1614 1
1614 1584 1
1585 1586 1
1586 1585 1
1585 1615 1
1615 1585 1
1586 1587 1
1587 1586 1
1586 1616 1
1616 1586 1
1587 1588 1
1588 1587 1
1587 1617 1
1617 1587 1
1588 1589 1
1589 1588 1
1588 1618 1
1618 1588 1
1589 1590 1
1590 1589 1
1589 1619 1
1619 1589 1
1590 1620 1
1620 1590 1
1591 1592 1
1592 1591 1
1591 1621 1
1621 1591 1
1592 1593 1
1593 1592 1
1592 1622 1
1622 1592 1
1593 1594 1
1594 1593 1
1593 1623 1
1623 1593 1
1594 1595 1
1595 1594 1
1594 1624 1
1624 1594 1
1595 1596 1
1596 1595 1
1595 1625 1
1625 1595 1
1596 1597 1
1597 1596 1
1596 1626 1
1626 1596 1
1597 1598 1
1598 1597 1
1597 1627 1
1627 1597 1
1598 1599 1
1599 1598 1
1598 1628 1
1628 1598 1
1599 1600 1
1600 1599 1
1599 1629 1
1629 1599 1
1600 1601 1
1601 1600 1
1600 1630 1
1630 1600 1
1601 1602 1
1602 1601 1
1601 1631 1
1631 1601 1
1602 1603 1
1603 1602 1
1602 1632 1
1632 1602 1
1603 1604 1
1604 1603 1
1603 1633 1
1633 1603 1
1604 1605 1
1605 1604 1
1604 1634 1
1634 1604 1
1605 1606 1
1606 1605 1
1605 1635 1
1635 1605 1
1606 1607 1
1607 1606 1
1606 1636 1
1636 1606 1
1607 1608 1
1608 1607 1
1607 1637 1
1637 1607 1
1608 1609 1
1609 1608 1
1608 1638 1
1638 1608 1
1609 1610 1
1610 1609 1
1609 1639 1
1639 1609 1
1610 1611 1
1611 1610 1
1610 1640 1
1640 1610 1
1611 1612 1
1612 1611 1
1611 1641 1
1641 1611 1
1612 1613 1
1613 1612 1
1612 1642 1
1642 1612 1
1613 1614 1
1614 1613 1
1613 1643 1
1643 1613 1
1614 1615 1
1615 1614 1
1614 1644 1
1644 1614 1
1615 1616 1
1616 1615 1
1615 1645 1
1645 1615 1
1616 1617 1
1617 1616 1
1616 1646 1
1646 1616 1
1617 1618 1
1618 1617 1
1617 1647 1
1647 1617 1
1618 1619 1
1619 1618 1
1618 1648 1
1648 1618 1
1619 1620 1
1620 1619 1
1619 1649 1
1649 1619 1
1620 1650 1
1650 1620 1
1621 1622 1
1622 1621 1
1621 1651 1
1651 1621 1
1622 1623 1
1623 1622 1
1622 1652 1
1652 1622 1
1623 1624 1
1624 1623 1
1623 1653 1
1653 1623 1
1624 1625 1
1625 1624 1
1624 1654 1
1654 1624 1
1625 1626 1
1626 1625 1
1625 1655 1
1655 1625 1
1626 1627 1
1627 1626 1
1626 1656 1
1656 1626 1
1627 1628 1
1628 1627 1
1627 1657 1
1657 1627 1
1628 1629 1
1629 1628 1
1628 1658 1
1658 1628 1
1629 1630 1
1630 1629 1
1629 1659 1
1659 1629 1
1630 1631 1
1631 1630 1
1630 1660 1
1660 1630 1
1631 1632 1
1632 1631 1
1631 1661 1
1661 1631 1
1632 1633 1
1633 1632 1
1632 1662 1
1662 1632 1
1633 1634 1
1634 1633 1
1633 1663 1
1663 1633 1
1634 1635 1
1635 1634 1
1634 1664 1
1664 1634 1
1635 1636 1
1636 1635 1
1635 1665 1
1665 1635 1
1636 1637 1
1637 1636 1
1636 1666 1
1666 1636 1
1637 1638 1
1638 1637 1
1637 1667 1
1667 1637 1
1638 1639 1
1639 1638 1
1638 1668 1
1668 1638 1
1639 1640 1
1640 1639 1
1639 1669 1
1669 1639 1
1640 1641 1
1641 1640 1
1640 1670 1
1670 1640 1
1641 1642 1
1642 1641 1
1641 1671 1
1671 1641 1
1642 1643 1
1643 1642 1
1642 1672 1
1672 1642 1
1643 1644 1
1644 1643 1
1643 1673 1
1673 1643 1
1644 1645 1
1645 1644 1
1644 1674 1
1674 1644 1
1645 1646 1
1646 1645 1
1645 1675 1
1675 1645 1
1646 1647 1
1647 1646 1
1646 1676 1
1676 1646 1
1647 1648 1
1648 1647 1
1647 1677 1
1677 1647 1
1648 1649 1
1649 1648 1
1648 1678 1
1678 1648 1
1649 1650 1
1650 1649 1
1649 1679 1
1679 1649 1
1650 1680 1
1680 1650 1
1651 1652 1
1652 1651 1
1651 1681 1
1681 1651 1
1652 1653 1
1653 1652 1
1652 1682 1
1682 1652 1
1653 1654 1
1654 1653 1
1653 1683 1
1683 1653 1
1654 1655 1
1655 1654 1
1654 1684 1
1684 1654 1
1655 1656 1
1656 1655 1
1655 1685 1
1685 1655 1
1656 1657 1
1657 1656 1
1656 1686 1
1686 1656 1
1657 1658 1
1658 1657 1
1657 1687 1
1687 1657 1
1658 1659 1
1659 1658 1
1658 1688 1
1688 1658 1
1659 1660 1
1660 1659 1
1659 1689 1
1689 1659 1
1660 1661 1
1661 1660 1
1660 1690 1
1690 1660 1
1661 1662 1
1662 1661 1
1661 1691 1
1691 1661 1
1662 1663 1
1663 1662 1
1662 1692 1
1692 1662 1
1663 1664 1
1664 1663 1
1663 1693 1
1693 1663 1
1664 1665 1
1665 1664 1
1664 1694 1
1694 1664 1
1665 1666 1
1666 1665 1
1665 1695 1
1695 1665 1
1666 1667 1
1667 1666 1
1666 1696 1
1696 1666 1
1667 1668 1
1668 1667 1
1667 1697 1
1697 1667 1
1668 1669 1
1669 1668 1
1668 1698 1
1698 1668 1
1669 1670 1
1670 1669 1
1669 1699 1
1699 1669 1
1670 1671 1
1671 1670 1
1670 1700 1
1700 1670 1
1671 1672 1
1672 1671 1
1671 1701 1
1701 1671 1
1672 1673 1
1673 1672 1
1672 1702 1
1702 1672 1
1673 1674 1
1674 1673 1
1673 1703 1
1703 1673 1
1674 1675 1
1675 1674 1
1674 1704 1
1704 1674 1
1675 1676 1
1676 1675 1
1675 1705 1
1705 1675 1
1676 1677 1
1677 1676 1
1676 1706 1
1706 1676 1
1677 1678 1
1678 1677 1
1677 1707 1
1707 1677 1
1678 1679 1
1679 1678 1
1678 1708 1
1708 1678 1
1679 1680 1
1680 1679 1
1679 1709 1
1709 1679 1
1680 1710 1
1710 1680 1
1681 1682 1
1682 1681 1
1681 1711 1
1711 1681 1
1682 1683 1
1683 1682 1
1682 1712 1
1712 1682 1
1683 1684 1
1684 1683 1
1683 1713 1
1713 1683 1
1684 1685 1
1685 1684 1
1684 1714 1
1714 1684 1
1685 1686 1
1686 1685 1
1685 1715 1
1715 1685 1
1686 1687 1
1687 1686 1
1686 1716 1
1716 1686 1
1687 1688 1
1688 1687 1
1687 1717 1
1717 1687 1
1688 1689 1
1689 1688 1
1688 1718 1
1718 1688 1
1689 1690 1
1690 1689 1
1689 1719 1
1719 1689 1
1690 1691 1
1691 1690 1
1690 1720 1
1720 1690 1
1691 1692 1
1692 1691 1
1691 1721 1
1721 1691 1
1692 1693 1
1693 1692 1
1692 1722 1
1722 1692 1
1693 1694 1
1694 1693 1
1693 1723 1
1723 1693 1
1694 1695 1
1695 1694 1
1694 1724 1
1724 1694 1
1695 1696 1
1696 1695 1
1695 1725 1
1725 1695 1
1696 1697 1
1697 1696 1
1696 1726 1
1726 1696 1
1697 1698 1
1698 1697 1
1697 1727 1
1727 1697 1
1698 1699 1
1699 1698 1
1698 1728 1
1728 1698 1
1699 1700 1
1700 1699 1
1699 1729 1
1729 1699 1
1700 1701 1
1701 1700 1
1700 1730 1
1730 1700 1
1701 1702 1
1702 1701 1
1701 1731 1
1731 1701 1
1702 1703 1
1703 1702 1
1702 1732 1
1732 1702 1
1703 1704 1
1704 1703 1
1703 1733 1
1733 1703 1
1704 1705 1
1705 1704 1
1704 1734 1
1734 1704 1
1705 1706 1
1706 1705 1
1705 1735 1
1735 1705 1
1706 1707 1
1707 1706 1
1706 1736 1
1736 1706 1
1707 1708 1
1708 1707 1
1707 1737 1
1737 1707 1
1708 1709 1
1709 1708 1
1708 1738 1
1738 1708 1
1709 1710 1
1710 1709 1
1709 1739 1
1739 1709 1
1710 1740 1
1740 1710 1
1711 1712 1
1712 1711 1
1711 1741 1
1741 1711 1
1712 1713 1
1713 1712 1
1712 1742 1
1742 1712 1
1713 1714 1
1714 1713 1
1713 1743 1
1743 1713 1
1714 1715 1
1715 1714 1
1714 1744 1
1744 1714 1
1715 1716 1
1716 1715 1
1715 1745 1
1745 1715 1
1716 1717 1
1717 1716 1
1716 1746 1
1746 1716 1
1717 1718 1
1718 1717 1
1717 1747 1
1747 1717 1
1718 1719 1
1719 1718 1
1718 1748 1
1748 1718 1
1719 1720 1
1720 1719 1
1719 1749 1
1749 1719 1
1720 1721 1
1721 1720 1
1720 1750 1
1750 1720 1
1721 1722 1
1722 1721 1
1721 1751 1
1751 1721 1
1722 1723 1
1723 1722 1
1722 1752 1
1752 1722 1
1723 1724 1
1724 1723 1
1723 1753 1
1753 1723 1
1724 1725 1
1725 1724 1
1724 1754 1
1754 1724 1
1725 1726 1
1726 1725 1
1725 1755 1
1755 1725 1
1726 1727 1
1727 1726 1
1726 1756 1
1756 1726 1
1727 1728 1
1728 1727 1
1727 1757 1
1757 1727 1
1728 1729 1
1729 1728 1
1728 1758 1
1758 1728 1
1729 1730 1
1730 1729 1
1729 1759 1
1759 1729 1
1730 1731 1
1731 1730 1
1730 1760 1
1760 1730 1
1731 1732 1
1732 1731 1
1731 1761 1
1761 1731 1
1732 1733 1
1733 1732 1
1732 1762 1
1762 1732 1
1733 1734 1
1734 1733 1
1733 1763 1
1763 1733 1
1734 1735 1
1735 1734 1
1734 1764 1
1764 1734 1
1735 1736 1
1736 1735 1
1735 1765 1
1765 1735 1
1736 1737 1
1737 1736 1
1736 1766 1
1766 1736 1
1737 1738 1
1738 1737 1
1737 1767 1
1767 1737 1
1738 1739 1
1739 1738 1
1738 1768 1
1768 1738 1
1739 1740 1
1740 1739 1
1739 1769 1
1769 1739 1
1740 1770 1
1770 1740 1
1741 1742 1
1742 1741 1
1741 1771 1
1771 1741 1
1742 1743 1
1743 1742 1
1742 1772 1
1772 1742 1
1743 1744 1
1744 1743 1
1743 1773 1
1773 1743 1
1744 1745 1
1745 1744 1
1744 1774 1
1774 1744 1
1745 1746 1
1746 1745 1
1745 1775 1
1775 1745 1
1746 1747 1
1747 1746 1
1746 1776 1
1776 1746 1
1747 1748 1
1748 1747 1
1747 1777 1
1777 1747 1
1748 1749 1
1749 1748 1
1748 1778 1
1778 1748 1
1749 1750 1
1750 1749 1
1749 1779 1
1779 1749 1
1750 1751 1
1751 1750 1
1750 1780 1
1780 1750 1
1751 1752 1
1752 1751 1
1751 1781 1
1781 1751 1
1752 1753 1
1753 1752 1
1752 1782 1
1782 1752 1
1753 1754 1
1754 1753 1
1753 1783 1
1783 1753 1
1754 1755 1
1755 1754 1
1754 1784 1
1784 1754 1
1755 1756 1
1756 1755 1
1755 1785 1
1785 1755 1
1756 1757 1
1757 1756 1
1756 1786 1
1786 1756 1
1757 1758 1
1758 1757 1
1757 1787 1
1787 1757 1
1758 1759 1
1759 1758 1
1758 1788 1
1788 1758 1
1759 1760 1
1760 1759 1
1759 1789 1
1789 1759 1
1760 1761 1
1761 1760 1
1760 1790 1
1790 1760 1
1761 1762 1
1762 1761 1
1761 1791 1
1791 1761 1
1762 1763 1
1763 1762 1
1762 1792 1
1792 1762 1
1763 1764 1
1764 1763 1
1763 1793 1
1793 1763 1
1764 1765 1
1765 1764 1
1764 1794 1
1794 1764 1
1765 1766 1
1766 1765 1
1765 1795 1
1795 1765 1
1766 1767 1
1767 1766 1
1766 1796 1
1796 1766 1
1767 1768 1
1768 1767 1
1767 1797 1
1797 1767 1
1768 1769 1
1769 1768 1
1768 1798 1
1798 1768 1
1769 1770 1
1770 1769 1
1769 1799 1
1799 1769 1
1770 1800 1
1800 1770 1
1771 1772 1
1772 1771 1
1772 1773 1
1773 1772 1
1773 1774 1
1774 1773 1
1774 1775 1
1775 1774 1
1775 1776 1
1776 1775 1
1776 1777 1
1777 1776 1
1777 1778 1
1778 1777 1
1778 1779 1
1779 1778 1
1779 1780 1
1780 1779 1
1780 1781 1
1781 1780 1
1781 1782 1
1782 1781 1
1782 1783 1
1783 1782 1
1783 1784 1
1784 1783 1
1784 1785 1
1785 1784 1
1785 1786 1
1786 1785 1
1786 1787 1
1787 1786 1
1787 1788 1
1788 1787 1
1788 1789 1
1789 1788 1
1789 1790 1
1790 1789 1
1790 1791 1
1791 1790 1
1791 1792 1
1792 1791 1
1792 1793 1
1793 1792 1
1793 1794 1
1794 1793 1
1794 1795 1
1795 1794 1
1795 1796 1
1796 1795 1
1796 1797 1
1797 1796 1
1797 1798 1
1798 1797 1
1798 1799 1
1799 1798 1
1799 1800 1
1800 1799 1
