# Cost: 1349

# Tail Head Net
 73  72 1
 74  73 1
 75  74 1
 76  75 1
 77  76 1
 78  77 1
 79  78 1
 80  79 1
 81  80 1
 82  81 1
 83  82 1
 84  83 1
 85  84 1
 86  85 1
 87  86 1
 88  87 1
178  88 1
268 178 1
358 268 1
448 358 1
538 448 1
539 538 1
629 539 1
719 629 1
809 719 1
899 809 1
989 899 1
1079 989 1
1169 1079 1
1259 1169 1
1349 1259 1
1439 1349 1
1529 1439 1
1619 1529 1
1709 1619 1
1799 1709 1
1889 1799 1
1979 1889 1
2069 1979 1
2159 2069 1
2160 2159 1
2250 2160 1
2340 2250 1
2430 2340 1
2520 2430 1
2610 2520 1
2700 2610 1
2790 2700 1
2880 2790 1
 95   5 2
185  95 2
275 185 2
365 275 2
455 365 2
545 455 2
635 545 2
725 635 2
815 725 2
905 815 2
995 905 2
1085 995 2
1175 1085 2
1265 1175 2
1355 1265 2
1445 1355 2
1535 1445 2
1625 1535 2
1715 1625 2
1805 1715 2
1895 1805 2
1985 1895 2
2075 1985 2
2165 2075 2
2255 2165 2
2345 2255 2
2435 2345 2
2525 2435 2
2615 2525 2
2705 2615 2
2795 2705 2
2885 2795 2
2975 2885 2
3065 2975 2
3155 3065 2
3245 3155 2
3335 3245 2
3425 3335 2
3515 3425 2
3605 3515 2
3695 3605 2
3785 3695 2
3875 3785 2
3965 3875 2
4055 3965 2
4145 4055 2
4235 4145 2
4325 4235 2
4415 4325 2
4505 4415 2
4595 4505 2
4685 4595 2
4775 4685 2
4865 4775 2
4955 4865 2
5045 4955 2
5135 5045 2
5225 5135 2
5315 5225 2
5405 5315 2
5495 5405 2
5585 5495 2
5675 5585 2
5765 5675 2
5855 5765 2
5945 5855 2
6035 5945 2
6125 6035 2
6215 6125 2
6305 6215 2
6395 6305 2
6485 6395 2
6575 6485 2
6665 6575 2
6755 6665 2
6845 6755 2
6931 6932 2
6932 6933 2
6933 6934 2
6934 6935 2
6935 6845 2
6935 7025 2
7025 7115 2
7115 7205 2
7205 7295 2
7295 7385 2
7385 7475 2
7475 7565 2
7565 7655 2
7655 7745 2
7745 7835 2
7835 7925 2
7925 8015 2
8015 8016 2
8016 8017 2
8017 8018 2
8018 8019 2
8019 8020 2
8020 8021 2
8021 8022 2
8022 8023 2
8023 8024 2
8024 8025 2
8025 8026 2
8026 8027 2
8027 8028 2
8028 8029 2
8029 8030 2
8030 8031 2
8031 8032 2
8032 8033 2
8033 8034 2
8034 8035 2
8035 8036 2
8036 8037 2
8037 8038 2
8038 8039 2
8039 8040 2
8040 8041 2
8041 8042 2
8042 8043 2
8043 8044 2
8044 8045 2
8045 8046 2
8046 8047 2
8047 8048 2
8048 8049 2
8049 8050 2
8050 8051 2
9991 1891 3
9992 9991 3
9993 9992 3
10083 9993 3
10084 10083 3
10085 10084 3
10175 10085 3
10265 10175 3
10355 10265 3
10445 10355 3
10535 10445 3
10625 10535 3
10715 10625 3
10805 10715 3
10806 10805 3
10807 10806 3
10808 10807 3
10809 10808 3
10810 10809 3
10811 10810 3
10812 10811 3
10813 10812 3
10814 10813 3
10815 10814 3
10816 10815 3
10817 10816 3
10818 10817 3
10819 10818 3
10820 10819 3
10821 10820 3
10822 10821 3
10823 10822 3
10824 10823 3
10914 10824 3
11004 10914 3
11094 11004 3
11095 11094 3
11096 11095 3
11097 11096 3
11098 11097 3
11188 11098 3
11189 11188 3
11190 11189 3
11280 11190 3
11281 11280 3
11282 11281 3
11283 11282 3
11284 11283 3
11374 11284 3
11375 11374 3
11465 11375 3
11555 11465 3
11645 11555 3
11646 11645 3
11647 11646 3
11648 11647 3
11649 11648 3
11739 11649 3
11829 11739 3
11830 11829 3
11831 11830 3
11832 11831 3
11922 11832 3
12012 11922 3
12013 12012 3
12014 12013 3
12015 12014 3
12105 12015 3
12195 12105 3
12285 12195 3
12286 12285 3
12287 12286 3
12288 12287 3
12378 12288 3
12468 12378 3
12469 12468 3
12559 12469 3
12560 12559 3
12561 12560 3
12562 12561 3
12563 12562 3
12564 12563 3
12654 12564 3
12655 12654 3
12745 12655 3
12746 12745 3
12747 12746 3
12748 12747 3
12838 12748 3
12928 12838 3
12929 12928 3
12930 12929 3
13020 12930 3
13110 13020 3
13111 13110 3
13112 13111 3
13113 13112 3
13114 13113 3
13115 13114 3
5106 13206 3
13116 13115 3
5107 5106 3
5108 5107 3
5109 5108 3
5110 5109 3
5111 5110 3
13206 13116 3
5201 5111 3
5202 5201 3
5203 5202 3
5204 5203 3
5205 5204 3
5206 5205 3
5207 5206 3
5208 5207 3
5209 5208 3
5299 5209 3
5300 5299 3
5390 5300 3
5480 5390 3
5570 5480 3
5660 5570 3
5750 5660 3
5840 5750 3
5930 5840 3
6020 5930 3
6110 6020 3
6200 6110 3
6290 6200 3
6291 6290 3
6292 6291 3
6293 6292 3
6294 6293 3
6295 6294 3
6296 6295 3
6297 6296 3
6298 6297 3
6299 6298 3
6389 6299 3
6479 6389 3
6569 6479 3
6659 6569 3
6749 6659 3
6839 6749 3
6929 6839 3
7019 6929 3
7109 7019 3
7199 7109 3
7289 7199 3
7290 7289 3
7380 7290 3
7470 7380 3
7560 7470 3
7650 7560 3
7740 7650 3
7830 7740 3
7920 7830 3
8010 7920 3
8100 8010 3
 70 160 4
160 250 4
250 340 4
340 430 4
430 520 4
520 610 4
610 700 4
700 790 4
790 880 4
880 970 4
970 1060 4
1060 1150 4
1150 1240 4
1240 1330 4
1330 1420 4
1420 1510 4
1510 1600 4
1600 1690 4
1690 1780 4
1780 1870 4
1870 1960 4
1960 2050 4
2050 2140 4
2140 2230 4
2230 2320 4
2320 2410 4
2410 2500 4
2500 2590 4
2590 2680 4
2680 2770 4
2770 2860 4
2860 2950 4
2950 3040 4
3040 3130 4
3130 3220 4
3220 3310 4
3310 3400 4
3400 3490 4
3490 3580 4
3580 3670 4
3670 3760 4
3760 3850 4
3840 3930 4
3841 3840 4
3842 3841 4
3843 3842 4
3844 3843 4
3845 3844 4
3846 3845 4
3847 3846 4
3848 3847 4
3849 3848 4
3850 3849 4
3850 3851 4
3851 3852 4
3852 3853 4
3853 3854 4
3854 3855 4
3855 3856 4
3856 3857 4
3857 3858 4
3858 3859 4
3859 3860 4
3860 3861 4
3861 3862 4
3862 3863 4
3863 3864 4
3864 3865 4
3865 3866 4
3866 3867 4
3867 3868 4
3868 3869 4
3869 3870 4
3930 4020 4
4020 4110 4
4110 4200 4
4200 4290 4
4290 4380 4
4380 4470 4
4470 4560 4
4560 4650 4
4650 4740 4
4740 4830 4
4830 4920 4
4920 5010 4
5010 5100 4
5100 5190 4
5190 5280 4
5280 5370 4
5370 5460 4
5460 5550 4
5550 5640 4
5640 5730 4
5730 5820 4
5820 5910 4
5910 6000 4
6000 6090 4
6090 6180 4
6180 6270 4
6270 6360 4
6360 6450 4
6450 6540 4
6540 6630 4
6630 6720 4
6720 6810 4
6810 6900 4
6900 6990 4
6990 7080 4
7080 7170 4
7170 7260 4
7260 7350 4
7350 7440 4
7440 7530 4
7530 7620 4
7620 7710 4
7710 7800 4
7800 7890 4
7890 7980 4
7980 8070 4
 14  15 5
 15  16 5
 16  17 5
 17  18 5
 18  19 5
 19  20 5
 20  21 5
 21  22 5
 22 8122 5
8122 8123 5
8123 8124 5
8124 8125 5
8125 8126 5
8126 8127 5
8127 8217 5
8217 8307 5
8307 8397 5
8397 8487 5
8487 8488 5
8488 8578 5
8578 8579 5
8579 8580 5
8580 8581 5
8581 8582 5
8582 8583 5
8583 8584 5
8584 8674 5
8674 8675 5
8675 8765 5
8765 8766 5
8766 8767 5
8767 8857 5
8857 8858 5
8858 8859 5
8859 8860 5
8860 8861 5
8861 8951 5
8951 8952 5
8952 8953 5
8953 9043 5
9043 9044 5
9044 9045 5
9045 9046 5
9046 9047 5
9047 9048 5
9048 9138 5
9138 9139 5
9139 9140 5
9140 9230 5
9230 9231 5
9231 9232 5
9232 9233 5
9233 9234 5
9234 9324 5
9324 9414 5
9414 9415 5
9415 9416 5
9416 9417 5
9417 9418 5
9418 9419 5
9419 9420 5
9420 9510 5
9510 9600 5
9600 9690 5
9690 9691 5
9691 9692 5
9692 9693 5
9693 9783 5
9783 9784 5
9784 9785 5
9785 9786 5
9786 9787 5
9787 9788 5
9788 9789 5
9789 9879 5
9879 9969 5
9969 10059 5
10059 10149 5
10149 10150 5
10150 10240 5
10240 10241 5
10241 10242 5
10242 10243 5
10243 10244 5
10244 10245 5
10245 10246 5
10246 10247 5
10247 10248 5
10248 10249 5
10249 10250 5
10250 10251 5
10251 10252 5
10252 10253 5
10253 10254 5
10254 10255 5
10255 10345 5
10345 10435 5
10435 10436 5
10436 10526 5
10526 10616 5
10616 10706 5
10706 10796 5
10796 10886 5
10886 10887 5
10887 10977 5
10977 10978 5
10978 11068 5
11068 11158 5
11158 11248 5
11248 11338 5
11338 11339 5
11339 11429 5
11429 11430 5
11430 11520 5
11520 3420 5
2701 2611 6
2791 2701 6
2881 2791 6
2971 2881 6
3061 2971 6
3151 3061 6
3241 3151 6
3331 3241 6
3421 3331 6
3511 3421 6
3601 3511 6
3691 3601 6
3781 3691 6
3871 3781 6
3961 3871 6
4051 3961 6
4141 4051 6
4231 4141 6
4321 4231 6
4411 4321 6
4501 4411 6
4591 4501 6
4681 4591 6
4771 4681 6
4861 4771 6
4951 4861 6
5041 4951 6
5131 5041 6
128  38 7
218 128 7
308 218 7
398 308 7
488 398 7
578 488 7
668 578 7
758 668 7
848 758 7
938 848 7
1028 938 7
1118 1028 7
1208 1118 7
1298 1208 7
1388 1298 7
1478 1388 7
1568 1478 7
1658 1568 7
1748 1658 7
1838 1748 7
1928 1838 7
2018 1928 7
2108 2018 7
2198 2108 7
2288 2198 7
2378 2288 7
2468 2378 7
2558 2468 7
2648 2558 7
2738 2648 7
2828 2738 7
2918 2828 7
3008 2918 7
3098 3008 7
3188 3098 7
3278 3188 7
3368 3278 7
3458 3368 7
3548 3458 7
3638 3548 7
11738 3638 7
11828 11738 7
11918 11828 7
12008 11918 7
12098 12008 7
12188 12098 7
12278 12188 7
12368 12278 7
12458 12368 7
12548 12458 7
12638 12548 7
12728 12638 7
12818 12728 7
12908 12818 7
12998 12908 7
13088 12998 7
13178 13088 7
13268 13178 7
13358 13268 7
13447 13448 7
13448 13358 7
13537 13447 7
13627 13537 7
13717 13627 7
13807 13717 7
13897 13807 7
13987 13897 7
14077 13987 7
14167 14077 7
14257 14167 7
14347 14257 7
14437 14347 7
14527 14437 7
14617 14527 7
14707 14617 7
14797 14707 7
14887 14797 7
14977 14887 7
15067 14977 7
7111 15211 7
15157 15067 7
7201 7111 7
15211 15212 7
15212 15213 7
15213 15214 7
15214 15215 7
15215 15216 7
15216 15217 7
15217 15218 7
15218 15219 7
15219 15220 7
15220 15221 7
15221 15222 7
15222 15223 7
15223 15224 7
15224 15225 7
15225 15226 7
15226 15227 7
15227 15228 7
15228 15229 7
15229 15230 7
15230 15231 7
15231 15232 7
15232 15233 7
15233 15234 7
15234 15235 7
15235 15236 7
15236 15237 7
15237 15238 7
15238 15239 7
15239 15240 7
15240 15241 7
15241 15242 7
15242 15243 7
15243 15244 7
15244 15245 7
15245 15246 7
15246 15247 7
15247 15157 7
7291 7201 7
7381 7291 7
7471 7381 7
8013 8014 8
8014 16114 8
8071 8072 8
16114 16115 8
16115 16116 8
16116 16117 8
16117 16118 8
16118 16119 8
16119 16120 8
16120 16121 8
16121 16122 8
16122 16123 8
16123 16124 8
16124 16125 8
16125 16126 8
16126 16127 8
16127 16128 8
16128 16129 8
16129 16130 8
16130 16131 8
16131 16132 8
16132 16133 8
16133 16134 8
16134 16135 8
16135 16136 8
16136 16137 8
16137 16138 8
16138 16139 8
16139 16140 8
16140 16141 8
16141 16142 8
16142 16143 8
16143 16144 8
16144 16145 8
16145 16146 8
16146 16147 8
16147 16148 8
16148 16149 8
16149 16150 8
16150 16151 8
16151 16152 8
16152 16153 8
16153 16154 8
16154 16155 8
16155 8055 8
16155 16156 8
16156 16157 8
16157 16158 8
16158 16159 8
16159 16160 8
16160 16161 8
16161 16162 8
16162 16163 8
16163 16164 8
16164 16165 8
16165 16166 8
16166 16167 8
16167 16168 8
16168 16169 8
16169 16170 8
16170 16171 8
16171 8071 8
119  29 9
209 119 9
299 209 9
389 299 9
479 389 9
480 479 9
570 480 9
660 570 9
750 660 9
840 750 9
930 840 9
1020 930 9
1110 1020 9
1200 1110 9
1290 1200 9
1380 1290 9
1470 1380 9
1560 1470 9
1650 1560 9
1740 1650 9
1830 1740 9
1920 1830 9
2010 1920 9
2100 2010 9
2190 2100 9
2280 2190 9
2370 2280 9
2460 2370 9
2550 2460 9
2640 2550 9
2641 2640 9
2642 2641 9
2643 2642 9
2733 2643 9
2823 2733 9
2913 2823 9
3003 2913 9
3093 3003 9
3094 3093 9
3095 3094 9
3096 3095 9
3097 3096 9
11197 3097 9
11287 11197 9
11288 11287 9
11378 11288 9
11379 11378 9
11380 11379 9
11381 11380 9
11382 11381 9
11383 11382 9
11384 11383 9
11385 11384 9
11386 11385 9
11387 11386 9
11388 11387 9
11389 11388 9
11390 11389 9
11391 11390 9
11392 11391 9
11393 11392 9
11394 11393 9
11395 11394 9
11396 11395 9
11397 11396 9
11398 11397 9
11399 11398 9
11400 11399 9
11401 11400 9
11402 11401 9
11403 11402 9
11404 11403 9
11405 11404 9
11406 11405 9
11407 11406 9
11408 11407 9
11498 11408 9
11588 11498 9
11589 11588 9
11679 11589 9
3671 3672 9
3672 3673 9
3673 3674 9
3674 3675 9
3675 3676 9
3676 3677 9
3677 3678 9
3678 3679 9
3679 3680 9
3680 3681 9
3681 3682 9
3682 3683 9
3683 3684 9
3684 3685 9
3685 3686 9
3686 3687 9
3687 3688 9
3688 3689 9
3689 3690 9
11769 11679 9
11769 11770 9
11770 11771 9
11771 3671 9
11859 11769 9
11949 11859 9
12039 11949 9
12129 12039 9
12219 12129 9
12309 12219 9
12399 12309 9
12489 12399 9
12579 12489 9
12669 12579 9
12759 12669 9
12849 12759 9
12939 12849 9
13029 12939 9
13119 13029 9
5199 13299 9
13209 13119 9
5289 5199 9
13299 13209 9
5379 5289 9
5469 5379 9
5559 5469 9
5649 5559 9
5739 5649 9
5829 5739 9
5919 5829 9
6009 5919 9
6099 6009 9
6189 6099 9
6279 6189 9
6369 6279 9
6459 6369 9
6549 6459 9
6639 6549 9
6729 6639 9
6819 6729 9
6909 6819 9
6999 6909 9
7089 6999 9
7179 7089 9
7269 7179 9
7359 7269 9
7449 7359 9
7539 7449 9
7629 7539 9
7719 7629 9
7809 7719 9
7899 7809 9
7989 7899 9
8079 7989 9
 24  25 10
 25  26 10
 26  27 10
 27  28 10
 28 8128 10
8128 8129 10
 30  31 10
8129 8130 10
 31  32 10
8130  30 10
 32  33 10
9541 1441 11
9542 9541 11
9543 9542 11
9544 9543 11
9545 9544 11
9546 9545 11
9547 9546 11
9548 9547 11
9549 9548 11
9550 9549 11
9551 9550 11
9552 9551 11
9553 9552 11
9554 9553 11
9555 9554 11
9556 9555 11
9557 9556 11
9558 9557 11
9559 9558 11
9560 9559 11
9561 9560 11
9562 9561 11
9563 9562 11
9564 9563 11
9565 9564 11
9566 9565 11
9567 9566 11
9568 9567 11
9569 9568 11
9570 9569 11
9571 9570 11
9572 9571 11
9573 9572 11
9574 9573 11
9575 9574 11
9576 9575 11
9577 9576 11
9578 9577 11
9579 9578 11
9580 9579 11
9581 9580 11
9582 9581 11
9583 9582 11
9584 9583 11
9585 9584 11
9586 9585 11
9587 9586 11
9588 9587 11
9589 9588 11
9590 9589 11
9591 9590 11
9592 9591 11
9593 9592 11
9594 9593 11
9595 9594 11
9596 9595 11
9597 9596 11
9598 9597 11
9599 9598 11
9689 9599 11
9779 9689 11
9780 9779 11
9781 9780 11
9782 9781 11
9872 9782 11
9873 9872 11
9874 9873 11
9875 9874 11
9876 9875 11
9877 9876 11
9878 9877 11
9968 9878 11
10058 9968 11
10148 10058 11
10238 10148 11
10239 10238 11
2244 10344 11
2245 2244 11
2246 2245 11
2247 2246 11
2248 2247 11
2249 2248 11
10329 10239 11
10330 10329 11
10331 10330 11
10332 10331 11
10333 10332 11
10334 10333 11
10335 10334 11
10336 10335 11
10337 10336 11
10338 10337 11
10339 10338 11
10340 10339 11
10341 10340 11
10342 10341 11
10343 10342 11
10344 10343 11
2339 2249 11
2429 2339 11
2519 2429 11
2609 2519 11
2699 2609 11
2789 2699 11
2879 2789 11
2969 2879 11
2970 2969 11
3060 2970 11
541 451 12
631 541 12
721 631 12
811 721 12
901 811 12
991 901 12
1081 991 12
1171 1081 12
1261 1171 12
1351 1261 12
10351 2251 13
10441 10351 13
10531 10441 13
10621 10531 13
10711 10621 13
10801 10711 13
10891 10801 13
10981 10891 13
11071 10981 13
11161 11071 13
11251 11161 13
11341 11251 13
11431 11341 13
11521 11431 13
11611 11521 13
11701 11611 13
11791 11701 13
11881 11791 13
11971 11881 13
12061 11971 13
12151 12061 13
12241 12151 13
12331 12241 13
12421 12331 13
12511 12421 13
12601 12511 13
12691 12601 13
12781 12691 13
12871 12781 13
12961 12871 13
13051 12961 13
13141 13051 13
13231 13141 13
5248 13348 13
5249 5248 13
5250 5249 13
5251 5250 13
5252 5251 13
5253 5252 13
5254 5253 13
5255 5254 13
5256 5255 13
5257 5256 13
5258 5257 13
5259 5258 13
5310 13410 13
13321 13231 13
13322 13321 13
13323 13322 13
13324 13323 13
13325 13324 13
13326 13325 13
13327 13326 13
13328 13327 13
13329 13328 13
13330 13329 13
13331 13330 13
13332 13331 13
13333 13332 13
13334 13333 13
13335 13334 13
13336 13335 13
13337 13336 13
13338 13337 13
13339 13338 13
13340 13339 13
13341 13340 13
13342 13341 13
13343 13342 13
13344 13343 13
13345 13344 13
13346 13345 13
13347 13346 13
13348 13347 13
13359 5259 13
13360 13359 13
13361 13360 13
13362 13361 13
13363 13362 13
13364 13363 13
13365 13364 13
13366 13365 13
13367 13366 13
13368 13367 13
13369 13368 13
13370 13369 13
13371 13370 13
13372 13371 13
13373 13372 13
13374 13373 13
13375 13374 13
13376 13375 13
13377 13376 13
13378 13377 13
13379 13378 13
13380 13379 13
13381 13380 13
13382 13381 13
13383 13382 13
13384 13383 13
13385 13384 13
13386 13385 13
13387 13386 13
13388 13387 13
13389 13388 13
13390 13389 13
13391 13390 13
13392 13391 13
13393 13392 13
13394 13393 13
13395 13394 13
13396 13395 13
13397 13396 13
13398 13397 13
13399 13398 13
13400 13399 13
13401 13400 13
13402 13401 13
13403 13402 13
13404 13403 13
13405 13404 13
13406 13405 13
13407 13406 13
13408 13407 13
13409 13408 13
13410 13409 13
6246 14346 14
6247 6246 14
6248 6247 14
6249 6248 14
6250 6249 14
6251 6250 14
6252 6251 14
6253 6252 14
6254 6253 14
6255 6254 14
6256 6255 14
6257 6256 14
6258 6257 14
6259 6258 14
6260 6259 14
6261 6260 14
6262 6261 14
6263 6262 14
6264 6263 14
6265 6264 14
6266 6265 14
6267 6266 14
6268 6267 14
6269 6268 14
14311 6211 14
14312 14311 14
14313 14312 14
14314 14313 14
14315 14314 14
14316 14315 14
14317 14316 14
14318 14317 14
14319 14318 14
14320 14319 14
14321 14320 14
14322 14321 14
14323 14322 14
14324 14323 14
14325 14324 14
14326 14325 14
14327 14326 14
14328 14327 14
14329 14328 14
14330 14329 14
14331 14330 14
14332 14331 14
14333 14332 14
14334 14333 14
14335 14334 14
14336 14335 14
14337 14336 14
14338 14337 14
14339 14338 14
14340 14339 14
14341 14340 14
14342 14341 14
14343 14342 14
14344 14343 14
14345 14344 14
14346 14345 14
6359 6269 14
6449 6359 14
6539 6449 14
6629 6539 14
6719 6629 14
6809 6719 14
6899 6809 14
6989 6899 14
7079 6989 14
7169 7079 14
7259 7169 14
7349 7259 14
7439 7349 14
7529 7439 14
7619 7529 14
7709 7619 14
7799 7709 14
7889 7799 14
7979 7889 14
16079 7979 14
16080 16079 14
16081 16080 14
16082 16081 14
8083 16183 14
8084 8083 14
8085 8084 14
8086 8085 14
8087 8086 14
8088 8087 14
8089 8088 14
8090 8089 14
16172 16082 14
16173 16172 14
16174 16173 14
16175 16174 14
16176 16175 14
16177 16176 14
16178 16177 14
16179 16178 14
16180 16179 14
16181 16180 14
16182 16181 14
16183 16182 14
 45  46 15
 46  47 15
 47  48 15
 48  49 15
 49  50 15
 50  51 15
 51  52 15
 52  53 15
 53  54 15
 54  55 15
 55  56 15
 56  57 15
 57  58 15
 58  59 15
 59  60 15
 60  61 15
 61  62 15
 62  63 15
 63  64 15
 64  65 15
 65  66 15
 66  67 15
 67  68 15
 68  69 15
 69 8169 15
8169 8170 15
8170 8171 15
8171 8172 15
8172 8173 15
8173 8174 15
8174 8175 15
8175 8176 15
8176 8177 15
8177 8178 15
8178 8179 15
8179 8180 15
8180 8181 15
8181 8182 15
8182 8183 15
8183 8184 15
8184 8185 15
8185 8186 15
8186 8187 15
8187 8188 15
 89  90 15
8188 8189 15
 90 180 15
8189  89 15
180 270 15
270 360 15
360 450 15
450 540 15
540 630 15
630 720 15
720 810 15
