# Cost: 1260

# Tail Head Net
980 910 1
1050 980 1
1120 1050 1
1190 1120 1
1260 1190 1
1330 1260 1
1400 1330 1
1470 1400 1
1540 1470 1
1610 1540 1
1680 1610 1
1750 1680 1
1820 1750 1
1890 1820 1
1960 1890 1
2030 1960 1
2100 2030 1
2170 2100 1
2240 2170 1
2310 2240 1
2380 2310 1
2450 2380 1
2520 2450 1
2590 2520 1
2660 2590 1
2730 2660 1
2800 2730 1
2870 2800 1
2940 2870 1
3010 2940 1
3080 3010 1
3150 3080 1
3220 3150 1
3290 3220 1
3360 3290 1
3430 3360 1
3500 3430 1
3570 3500 1
3640 3570 1
3710 3640 1
3780 3710 1
3850 3780 1
3920 3850 1
3977 3978 1
3978 3979 1
3979 3980 1
3980 3981 1
3981 3982 1
3982 3983 1
3983 3984 1
3984 3985 1
3985 3986 1
3986 3987 1
3987 3988 1
3988 3989 1
3989 3990 1
3990 3920 1
4037 4038 1
4038 4039 1
4039 4040 1
4040 4041 1
4041 4042 1
4042 4043 1
4043 4044 1
4044 4045 1
4045 4046 1
4046 4047 1
4047 3977 1
4078 4079 1
4079 4080 1
4080 4081 1
4081 4082 1
4082 4083 1
4083 4084 1
4084 4085 1
4085 4086 1
4086 4087 1
4087 4088 1
4088 4089 1
4089 4090 1
4090 4091 1
4091 4092 1
4092 4093 1
4093 4094 1
4094 4095 1
4095 4096 1
4096 4097 1
4097 4098 1
4098 4099 1
4099 4100 1
4100 4101 1
4101 4102 1
4102 4103 1
4103 4104 1
4104 4105 1
4105 4106 1
4106 4107 1
4107 4037 1
4148 4078 1
4218 4148 1
4288 4218 1
4358 4288 1
4427 4428 1
4428 4358 1
4497 4427 1
4566 4567 1
4567 4497 1
4633 4634 1
4634 4635 1
4635 4636 1
4636 4566 1
4703 4633 1
4772 4773 1
4773 4703 1
4842 4772 1
 75   5 2
145  75 2
215 145 2
285 215 2
355 285 2
425 355 2
495 425 2
565 495 2
635 565 2
705 635 2
771 772 2
772 773 2
773 774 2
774 775 2
775 705 2
775 5675 2
5675 5745 2
5745 5746 2
5746 5747 2
5747 5748 2
5748 5749 2
5749 5750 2
5750 5751 2
5751 5752 2
5752 5753 2
5753 5754 2
5754 5755 2
5755 5756 2
5756 5757 2
5757 5758 2
5758 5759 2
5759 5760 2
5760 5761 2
5761 5762 2
5762 5763 2
5763 5764 2
5764 5765 2
5765 5766 2
5766 5767 2
5767 5837 2
5837 5838 2
5838 5839 2
5839 5909 2
5909 5910 2
5910 5911 2
5911 5912 2
5912 5913 2
5913 5983 2
5983 5984 2
5984 5985 2
5985 6055 2
6055 6056 2
6056 6126 2
6126 6196 2
6196 6197 2
6197 6198 2
6198 6199 2
6199 6200 2
6200 6201 2
6201 6202 2
6202 6203 2
6203 6273 2
6273 6274 2
6274 6275 2
6275 6276 2
6276 6277 2
6277 6347 2
6347 6417 2
6417 6418 2
6418 6419 2
6419 6489 2
6489 6490 2
6490 6560 2
6560 6630 2
6630 6631 2
6631 6701 2
6701 6702 2
6702 6772 2
6772 6842 2
6842 6843 2
6843 6913 2
6913 6914 2
6914 6984 2
6984 7054 2
7054 7124 2
7124 7194 2
7194 7264 2
7264 7334 2
7334 7404 2
7404 7474 2
7474 7544 2
7544 7614 2
7614 7684 2
7684 7754 2
7754 7824 2
7824 7894 2
7894 7964 2
7964 8034 2
8034 8104 2
8104 8174 2
8174 8244 2
8244 8314 2
8314 8384 2
8384 8454 2
8454 8524 2
8524 8594 2
8594 8664 2
8664 8734 2
8734 8804 2
8804 8874 2
8874 8875 2
8875 8876 2
8876 8877 2
8877 8947 2
8947 8948 2
8948 9018 2
9018 9088 2
9088 9158 2
9158 9228 2
9228 9298 2
9298 9368 2
9368 9438 2
9438 9508 2
9508 9578 2
9578 9648 2
9648 9649 2
9649 9650 2
9650 9720 2
9720 9721 2
9721 9791 2
9791 4891 2
5041 141 3
5111 5041 3
5181 5111 3
5251 5181 3
5321 5251 3
5391 5321 3
5461 5391 3
5531 5461 3
5601 5531 3
5671 5601 3
5741 5671 3
5811 5741 3
5881 5811 3
5951 5881 3
6021 5951 3
6091 6021 3
6161 6091 3
6231 6161 3
6301 6231 3
6371 6301 3
6441 6371 3
6511 6441 3
6581 6511 3
6651 6581 3
6721 6651 3
6791 6721 3
6861 6791 3
6931 6861 3
7001 6931 3
7071 7001 3
7141 7071 3
7211 7141 3
7281 7211 3
7351 7281 3
7421 7351 3
7491 7421 3
7561 7491 3
7631 7561 3
7701 7631 3
7771 7701 3
7841 7771 3
7911 7841 3
7981 7911 3
8051 7981 3
8121 8051 3
8191 8121 3
8261 8191 3
8331 8261 3
8401 8331 3
8471 8401 3
8541 8471 3
8611 8541 3
8681 8611 3
8751 8681 3
8821 8751 3
8891 8821 3
8961 8891 3
4201 9101 3
9031 8961 3
9101 9031 3
9101 9171 3
9171 9241 3
9241 9242 3
9242 9243 3
9243 9244 3
9244 9245 3
9245 9246 3
9246 9247 3
9247 9248 3
9248 9249 3
9249 9319 3
9319 9320 3
9320 9321 3
9321 9322 3
9322 9392 3
9392 9393 3
9393 9394 3
9394 9395 3
9395 9396 3
9396 9397 3
9397 9467 3
9467 9468 3
9468 9469 3
9469 9470 3
9470 9471 3
9471 9472 3
9472 9473 3
9473 9474 3
9474 9475 3
9475 9476 3
9476 9477 3
9477 9478 3
9478 9479 3
9479 9480 3
9480 9481 3
9481 9482 3
9482 9483 3
9483 9484 3
9484 9485 3
9485 9555 3
9555 9556 3
9556 9557 3
9557 9558 3
9558 9628 3
9628 9629 3
9629 9630 3
9630 9631 3
9631 9632 3
9632 9633 3
9633 9634 3
9634 9704 3
4812 4813 3
4813 4814 3
4814 4815 3
4815 4816 3
4816 4817 3
4817 4818 3
4818 4819 3
4819 4820 3
4820 4821 3
4821 4822 3
4822 4892 3
9704 9705 3
9705 9706 3
9706 9707 3
9707 9708 3
9708 9709 3
9709 9710 3
9710 9711 3
9711 9712 3
9712 4812 3
 70 4970 4
4970 5040 4
5040 5110 4
5110 5180 4
5180 5250 4
5250 5320 4
5320 5390 4
5390 5460 4
5460 5530 4
5530 5600 4
5600 5670 4
5670 5740 4
5740 5810 4
5810 5880 4
5880 5950 4
5950 6020 4
6020 6090 4
6090 6160 4
6160 6230 4
6230 6300 4
6300 6370 4
6370 6440 4
6440 6510 4
6510 6580 4
6580 6650 4
6650 6720 4
6720 6790 4
6790 6860 4
6860 6930 4
6930 7000 4
2102 2101 4
2103 2102 4
2104 2103 4
2105 2104 4
2106 2105 4
2107 2106 4
2108 2107 4
2109 2108 4
2110 2109 4
2111 2110 4
2112 2111 4
2113 2112 4
2114 2113 4
2115 2114 4
2116 2115 4
2117 2116 4
2118 2117 4
2119 2118 4
2120 2119 4
2121 2120 4
2122 2121 4
2123 2122 4
2124 2123 4
2125 2124 4
2126 2125 4
2127 2126 4
2128 2127 4
2129 2128 4
2130 2129 4
2131 2130 4
2132 2131 4
2133 2132 4
2134 2133 4
2135 2134 4
2136 2135 4
2137 2136 4
2138 2137 4
2139 2138 4
2140 2139 4
2141 2140 4
2142 2141 4
2143 2142 4
2144 2143 4
2145 2144 4
2146 2145 4
2147 2146 4
2148 2147 4
2149 2148 4
2150 2149 4
2151 2150 4
2152 2151 4
2153 2152 4
2154 2153 4
2155 2154 4
2156 2155 4
2157 2156 4
2158 2157 4
2159 2158 4
2160 2159 4
2161 2160 4
2162 2161 4
2163 2162 4
2164 2163 4
2165 2164 4
2166 2165 4
2167 2166 4
2168 2167 4
2169 2168 4
7000 7070 4
7069 2169 4
7070 7069 4
7070 7140 4
7140 7210 4
7210 7280 4
7280 7350 4
7350 7420 4
7420 7490 4
7490 7560 4
7560 7630 4
7630 7700 4
7700 7770 4
7770 7840 4
7840 7910 4
7910 7980 4
7980 8050 4
8050 8120 4
8120 8190 4
8190 8260 4
8260 8330 4
8330 8400 4
8400 8470 4
8470 8540 4
8540 8610 4
8610 8680 4
8680 8750 4
8750 8820 4
8820 8890 4
8890 8960 4
8960 9030 4
9030 9100 4
4270 4340 4
9100 9170 4
4340 4410 4
9170 4270 4
 14  15 5
 15  16 5
 16  17 5
 17  18 5
 18  19 5
 19  20 5
 20  21 5
 21  22 5
 22 4922 5
4922 4992 5
4992 5062 5
5062 5132 5
5132 5202 5
5202 5272 5
5272 5342 5
5342 5343 5
5343 5344 5
5344 5345 5
5345 5346 5
5346 5347 5
5347 5348 5
5348 5349 5
5349 5350 5
5350 5351 5
5351 5352 5
5352 5353 5
5353 5354 5
5354 5355 5
5355 5356 5
5356 5357 5
5357 5358 5
5358 5359 5
5359 5360 5
5360 5361 5
5361 5362 5
5362 5363 5
5363 5364 5
5364 5365 5
5365 5366 5
5366 5367 5
5367 5368 5
5368 5369 5
5369 5370 5
5370 5371 5
5371 5372 5
5372 5373 5
5373 5374 5
5374 5375 5
5375 5376 5
5376 5377 5
5377 5378 5
5378 5379 5
5379 5380 5
5380 5381 5
5381 5382 5
5382 5452 5
5452 5522 5
5522 5592 5
5592 5662 5
5662 5732 5
5732 5802 5
5802 5872 5
5872 5942 5
5942 6012 5
6012 6082 5
6082 6152 5
6152 6222 5
6222 6292 5
6292 6362 5
6362 6432 5
6432 6502 5
6502 6572 5
6572 6642 5
6642 6712 5
6712 6782 5
6782 6852 5
6852 6922 5
6922 6992 5
6992 6993 5
6993 6994 5
6994 6995 5
6995 6996 5
6996 6997 5
6997 6998 5
6998 7068 5
7068 7138 5
7138 7139 5
7139 7209 5
7209 7279 5
7279 7349 5
7349 7419 5
7419 7489 5
7489 7559 5
7559 7629 5
7629 7699 5
7699 7769 5
7769 7839 5
7839 7909 5
7909 7979 5
7979 8049 5
8049 8119 5
8119 8189 5
8189 8259 5
8259 8329 5
8329 8399 5
8399 8469 5
8469 8539 5
8539 8609 5
8609 8679 5
8679 8749 5
8749 8819 5
8819 8889 5
4059 4060 5
8889 8959 5
8959 4059 5
102  32 6
172 102 6
242 172 6
312 242 6
382 312 6
452 382 6
522 452 6
592 522 6
662 592 6
662 732 6
663 662 6
664 663 6
665 664 6
666 665 6
667 666 6
668 667 6
669 668 6
670 669 6
671 670 6
672 671 6
673 672 6
674 673 6
675 674 6
676 675 6
677 676 6
678 677 6
679 678 6
680 679 6
681 680 6
682 681 6
683 682 6
684 683 6
685 684 6
686 685 6
687 686 6
688 687 6
689 688 6
690 689 6
691 690 6
692 691 6
693 692 6
694 693 6
695 694 6
696 695 6
697 696 6
698 697 6
699 698 6
700 699 6
731 801 6
732 731 6
801 871 6
871 941 6
940 1010 6
941 940 6
1009 1079 6
1010 1009 6
1079 1149 6
1149 1219 6
1219 1289 6
1279 1349 6
1280 1279 6
1281 1280 6
1282 1281 6
1283 1282 6
1284 1283 6
1285 1284 6
1286 1285 6
1287 1286 6
1288 1287 6
1289 1288 6
1349 1419 6
1419 1489 6
1489 1559 6
1559 1629 6
1629 1699 6
1699 1769 6
1769 1839 6
1839 1909 6
1909 1979 6
1979 6879 6
6879 6949 6
6949 7019 6
7018 7088 6
7019 7018 6
7088 7158 6
7157 7227 6
7158 7157 6
7226 7296 6
7227 7226 6
7296 7366 6
7366 7436 6
7436 7506 6
7505 7575 6
7506 7505 6
7575 7645 6
7645 7715 6
7715 7785 6
2954 3024 6
2955 2954 6
7785 7855 6
3024 3094 6
7855 2955 6
3094 3164 6
3164 3234 6
3234 3304 6
3304 3374 6
3373 3443 6
3374 3373 6
3442 3512 6
3443 3442 6
3512 3582 6
3575 3645 6
3576 3575 6
3577 3576 6
3578 3577 6
3579 3578 6
3580 3579 6
3581 3580 6
3582 3581 6
3644 3714 6
3645 3644 6
3714 3784 6
3783 3853 6
3784 3783 6
3851 3921 6
3852 3851 6
3853 3852 6
2381 2311 7
2451 2381 7
2521 2451 7
2591 2521 7
2661 2591 7
2731 2661 7
2801 2731 7
2871 2801 7
2941 2871 7
3011 2941 7
3081 3011 7
3151 3081 7
3221 3151 7
3291 3221 7
3361 3291 7
3431 3361 7
3501 3431 7
3571 3501 7
3641 3571 7
3642 3641 7
3643 3642 7
8543 3643 7
8544 8543 7
8614 8544 7
8684 8614 7
8754 8684 7
8824 8754 7
8894 8824 7
8964 8894 7
9034 8964 7
9104 9034 7
9105 9104 7
9106 9105 7
9107 9106 7
9108 9107 7
9109 9108 7
9110 9109 7
9111 9110 7
9112 9111 7
9113 9112 7
9114 9113 7
9184 9114 7
9185 9184 7
9255 9185 7
9325 9255 7
9326 9325 7
9327 9326 7
4498 9398 7
9328 9327 7
4568 4498 7
9398 9328 7
4638 4568 7
4708 4638 7
4708 4778 7
4709 4708 7
4710 4709 7
4711 4710 7
4712 4711 7
4713 4712 7
4714 4713 7
4715 4714 7
4716 4715 7
4717 4716 7
4718 4717 7
4719 4718 7
4720 4719 7
4721 4720 7
4722 4721 7
4723 4722 7
4724 4723 7
4725 4724 7
4726 4725 7
4727 4726 7
4728 4727 7
4729 4728 7
4730 4729 7
4731 4730 7
4732 4731 7
4733 4732 7
4734 4733 7
4735 4734 7
4736 4735 7
4737 4736 7
4738 4737 7
4739 4738 7
4740 4739 7
4741 4740 7
4742 4741 7
4743 4742 7
4744 4743 7
4745 4744 7
4746 4745 7
4747 4746 7
4748 4747 7
4749 4748 7
4750 4749 7
4751 4750 7
4752 4751 7
4753 4752 7
4778 4848 7
4823 4753 7
4848 4847 7
4893 4823 7
4894 4893 7
4895 4894 7
4896 4895 7
4897 4896 7
4898 4897 7
1052 1051 8
5952 1052 8
6022 5952 8
6092 6022 8
6162 6092 8
6232 6162 8
6302 6232 8
6372 6302 8
6442 6372 8
6512 6442 8
6582 6512 8
6652 6582 8
6722 6652 8
6792 6722 8
6862 6792 8
6932 6862 8
7002 6932 8
2242 2241 8
7072 7002 8
7142 2242 8
7142 7072 8
7143 7142 8
7144 7143 8
7145 7144 8
7146 7145 8
7147 7146 8
7148 7147 8
7149 7148 8
7150 7149 8
7151 7150 8
7221 7151 8
7222 7221 8
7292 7222 8
7362 7292 8
7363 7362 8
7433 7363 8
7434 7433 8
7504 7434 8
7574 7504 8
7644 7574 8
7714 7644 8
4873 9773 8
9772 14672 8
9773 9772 8
12614 7714 8
12615 12614 8
12616 12615 8
12617 12616 8
12618 12617 8
12619 12618 8
12620 12619 8
12621 12620 8
12622 12621 8
12623 12622 8
12624 12623 8
12625 12624 8
12626 12625 8
12627 12626 8
12628 12627 8
12629 12628 8
12630 12629 8
12631 12630 8
12632 12631 8
12633 12632 8
12634 12633 8
12635 12634 8
12636 12635 8
12637 12636 8
12707 12637 8
12777 12707 8
12847 12777 8
12917 12847 8
12987 12917 8
13057 12987 8
13127 13057 8
13197 13127 8
13267 13197 8
13337 13267 8
13407 13337 8
13477 13407 8
13547 13477 8
13548 13547 8
13618 13548 8
13688 13618 8
13758 13688 8
13828 13758 8
13898 13828 8
13899 13898 8
13969 13899 8
13970 13969 8
14040 13970 8
14110 14040 8
14180 14110 8
14250 14180 8
14320 14250 8
14321 14320 8
14391 14321 8
14461 14391 8
14462 14461 8
14532 14462 8
14602 14532 8
14672 14602 8
551 5451 9
552 551 9
553 552 9
554 553 9
555 554 9
556 555 9
557 556 9
558 557 9
559 558 9
560 559 9
5451 5521 9
5521 5591 9
5591 5661 9
5661 5731 9
5731 5801 9
5801 5871 9
5871 5941 9
5941 6011 9
6011 6081 9
6081 6151 9
6151 6221 9
6221 6291 9
6291 6361 9
6361 6431 9
6431 6501 9
6501 6571 9
6571 6641 9
6641 6711 9
6711 6781 9
6781 6851 9
6851 6921 9
6921 6991 9
6991 7061 9
7061 7131 9
7131 7201 9
7201 7271 9
7271 7341 9
7341 7411 9
7411 7481 9
7481 7551 9
7551 7621 9
7621 7691 9
7691 7761 9
7761 7831 9
7831 7901 9
7901 7971 9
7971 8041 9
8041 8111 9
8111 8181 9
8181 8251 9
8251 8321 9
8321 8391 9
8391 8461 9
8461 8531 9
8531 8601 9
8601 8671 9
8671 8741 9
3906 3976 9
3907 3906 9
3908 3907 9
3909 3908 9
3910 3909 9
3911 3910 9
8741 8811 9
3966 4036 9
3967 3966 9
3968 3967 9
3969 3968 9
3970 3969 9
3971 3970 9
3972 3971 9
3973 3972 9
3974 3973 9
3975 3974 9
3976 3975 9
8811 3911 9
4007 4077 9
4008 4007 9
4009 4008 9
4010 4009 9
4011 4010 9
4012 4011 9
4013 4012 9
4014 4013 9
4015 4014 9
4016 4015 9
4017 4016 9
4018 4017 9
4019 4018 9
4020 4019 9
4021 4020 9
4022 4021 9
4023 4022 9
4024 4023 9
4025 4024 9
4026 4025 9
4027 4026 9
4028 4027 9
4029 4028 9
4030 4029 9
4031 4030 9
4032 4031 9
4033 4032 9
4034 4033 9
4035 4034 9
4036 4035 9
4077 4147 9
4147 4217 9
4217 4287 9
4287 4357 9
4356 4426 9
4357 4356 9
4426 4496 9
4482 4481 9
4483 4482 9
4484 4483 9
4485 4484 9
4486 4485 9
4487 4486 9
4488 4487 9
4489 4488 9
4490 4489 9
4491 4490 9
4492 4491 9
4493 4492 9
4494 4493 9
4495 4494 9
4496 4495 9
4936  36 10
5006 4936 10
5076 5006 10
5146 5076 10
5216 5146 10
5286 5216 10
4882 9782 10
4883 4882 10
4884 4883 10
4885 4884 10
4886 4885 10
4887 4886 10
9779 14679 10
9780 9779 10
9781 9780 10
9782 9781 10
10186 5286 10
10256 10186 10
10326 10256 10
10396 10326 10
10466 10396 10
10536 10466 10
10606 10536 10
10676 10606 10
10746 10676 10
10816 10746 10
10886 10816 10
10956 10886 10
11026 10956 10
11096 11026 10
11166 11096 10
11236 11166 10
11306 11236 10
11376 11306 10
11446 11376 10
11516 11446 10
11586 11516 10
11656 11586 10
11726 11656 10
11796 11726 10
11866 11796 10
11936 11866 10
12006 11936 10
12076 12006 10
12146 12076 10
12216 12146 10
12286 12216 10
12356 12286 10
12426 12356 10
12496 12426 10
12566 12496 10
12567 12566 10
12568 12567 10
12638 12568 10
12708 12638 10
12778 12708 10
12848 12778 10
12918 12848 10
12988 12918 10
13058 12988 10
13128 13058 10
13198 13128 10
13268 13198 10
13338 13268 10
13408 13338 10
13478 13408 10
13479 13478 10
13549 13479 10
13619 13549 10
13689 13619 10
13759 13689 10
13829 13759 10
13830 13829 10
13900 13830 10
13901 13900 10
13971 13901 10
14041 13971 10
14111 14041 10
14181 14111 10
14251 14181 10
14252 14251 10
14322 14252 10
14392 14322 10
14393 14392 10
14463 14393 10
14533 14463 10
14534 14533 10
14535 14534 10
14605 14535 10
14675 14605 10
14676 14675 10
14677 14676 10
14678 14677 10
14679 14678 10
 29  99 11
 99 169 11
169 239 11
239 309 11
309 379 11
379 449 11
449 519 11
519 589 11
589 659 11
659 729 11
729 799 11
799 869 11
869 939 11
938 1008 11
939 938 11
1008 1078 11
1078 1148 11
1148 1218 11
1217 6117 11
1218 1217 11
6117 6187 11
6187 6257 11
6257 6327 11
6327 6397 11
6397 6467 11
6467 6537 11
6537 6607 11
6607 6677 11
6677 6747 11
6747 6817 11
6817 6887 11
6887 6957 11
6957 7027 11
7027 7097 11
7097 7167 11
7167 7237 11
7237 7307 11
7307 7377 11
7377 7447 11
7447 7517 11
7517 7587 11
7587 7657 11
7657 7727 11
7727 7797 11
7797 7867 11
7867 7937 11
7937 8007 11
8007 8077 11
8077 8147 11
8147 8217 11
8217 8287 11
8287 8357 11
8357 8427 11
8427 8497 11
8497 8567 11
8567 8637 11
8637 8707 11
8707 8777 11
8777 8847 11
8847 8917 11
8917 8987 11
8987 9057 11
4227 4297 11
9057 9127 11
4297 4367 11
9127 4227 11
4367 4437 11
4437 4507 11
4507 4577 11
4577 4647 11
4647 9547 11
9547 9617 11
4787 4857 11
9617 9687 11
9687 4787 11
