# Cost: 643

# Tail Head Net
 60  20 1
 80  40 1
100  60 1
120  80 1
140 100 1
160 120 1
180 140 1
200 160 1
220 180 1
240 200 1
260 220 1
280 240 1
300 260 1
320 280 1
340 300 1
360 320 1
369 409 1
370 369 1
371 370 1
372 371 1
373 372 1
374 373 1
375 374 1
376 375 1
377 376 1
378 377 1
379 378 1
380 340 1
380 379 1
381 380 1
382 381 1
383 382 1
384 383 1
385 384 1
386 385 1
387 386 1
388 387 1
389 388 1
390 389 1
391 390 1
392 391 1
393 392 1
394 393 1
395 394 1
396 395 1
397 396 1
398 397 1
399 398 1
400 360 1
400 399 1
409 449 1
449 489 1
489 529 1
529 569 1
569 609 1
609 649 1
649 689 1
689 729 1
729 769 1
769 809 1
809 849 1
849 889 1
889 929 1
929 969 1
969 1009 1
1009 1049 1
1049 1089 1
1089 1129 1
1129 1169 1
1169 1209 1
1209 1249 1
1249 1289 1
1289 1329 1
1329 1369 1
1369 1409 1
1409 1449 1
1449 1489 1
1489 1529 1
1529 1569 1
 17  16 2
 18  17 2
 19  18 2
1619  19 2
 70  30 2
1659 1619 2
1660 1659 2
1661 1660 2
1662 1661 2
108 109 2
109 110 2
110  70 2
1702 1662 2
1703 1702 2
1704 1703 2
1705 1704 2
1706 1705 2
1707 1706 2
1708 108 2
1708 1707 2
1748 1708 2
1788 1748 2
1828 1788 2
1868 1828 2
1908 1868 2
1948 1908 2
428 2028 2
1988 1948 2
468 428 2
2028 1988 2
508 468 2
548 508 2
588 548 2
628 588 2
668 628 2
708 668 2
748 708 2
788 748 2
828 788 2
868 828 2
908 868 2
948 908 2
988 948 2
995 996 2
996 997 2
997 998 2
998 999 2
999 1000 2
1028 988 2
1035 995 2
1067 1068 2
1068 1028 2
1068 1069 2
1069 1070 2
1070 1071 2
1071 1072 2
1072 1073 2
1073 1074 2
1074 1075 2
1075 1035 2
1107 1067 2
1147 1107 2
1187 1147 2
1227 1187 2
1267 1227 2
1307 1267 2
1346 1347 2
1347 1307 2
1386 1346 2
1426 1386 2
1466 1426 2
1506 1466 2
1546 1506 2
1586 1546 2
  3  43 3
  4   3 3
 43  83 3
  5   4 3
  6   5 3
  7   6 3
  8   7 3
1608   8 3
1609 1608 3
1610 1609 3
1611 1610 3
1612 1611 3
1613 1612 3
1614 1613 3
1615 1614 3
1616 1615 3
1617 1616 3
1618 1617 3
1632 3232 3
1633 1632 3
 35 1635 3
1634 1633 3
1635 1634 3
1635 1636 3
1636 1676 3
 83 123 3
1676 1677 3
1677 1717 3
123 163 3
1717 1757 3
163 203 3
1757 1797 3
203 243 3
1797 1837 3
243 283 3
1837 1838 3
1838 1878 3
283 323 3
1878 1918 3
323 363 3
1918 1958 3
363 403 3
1958 1998 3
403 443 3
1998 2038 3
443 483 3
2038 2078 3
483 523 3
2078 2118 3
523 563 3
2118 2158 3
563 603 3
2158 2159 3
2159 2199 3
603 643 3
2199 2239 3
643 683 3
679 719 3
2239 2279 3
683 723 3
719 759 3
2279 679 3
723 763 3
759 760 3
760 800 3
763 803 3
803 843 3
843 883 3
883 923 3
923 963 3
963 1003 3
1001 1041 3
1002 1001 3
1003 1002 3
1041 1081 3
3218 1618 3
3219 3218 3
3220 3219 3
3221 3220 3
3222 3221 3
3223 3222 3
3224 3223 3
3225 3224 3
3226 3225 3
3227 3226 3
3228 3227 3
3229 3228 3
3230 3229 3
3231 3230 3
3232 3231 3
 66  26 4
106  66 4
107 106 4
147 107 4
148 147 4
149 148 4
189 149 4
229 189 4
269 229 4
309 269 4
1909 309 4
1949 1909 4
1989 1949 4
2029 1989 4
2069 2029 4
2070 2069 4
2071 2070 4
2111 2071 4
2151 2111 4
2191 2151 4
2231 2191 4
2271 2231 4
2311 2271 4
2351 2311 4
2391 2351 4
2431 2391 4
2471 2431 4
2511 2471 4
2551 2511 4
2591 2551 4
2631 2591 4
2671 2631 4
2711 2671 4
2751 2711 4
1228 1268 4
1229 1228 4
1230 1229 4
1231 1230 4
1231 2831 4
2791 2751 4
1232 1231 4
1233 1232 4
1234 1233 4
1235 1234 4
1236 1235 4
1237 1236 4
1238 1237 4
1239 1238 4
1240 1239 4
1242 1241 4
1243 1242 4
1244 1243 4
1245 1244 4
1246 1245 4
1247 1246 4
1248 1247 4
1268 1308 4
2831 2791 4
2848 1248 4
2849 2848 4
2850 2849 4
2851 2850 4
2852 2851 4
2853 2852 4
2854 2853 4
2855 2854 4
1308 1348 4
2895 2855 4
1348 1388 4
1348 2948 4
2935 2895 4
2936 2935 4
2937 2936 4
2938 2937 4
2939 2938 4
2940 2939 4
2941 2940 4
2942 2941 4
2943 2942 4
2944 2943 4
2945 2944 4
2946 2945 4
2947 2946 4
1388 1428 4
2948 2947 4
1428 1468 4
1468 1508 4
1508 1548 4
1548 1588 4
 49   9 5
 89  49 5
129  89 5
169 129 5
209 169 5
249 209 5
289 249 5
328 329 5
329 289 5
368 328 5
1968 368 5
442 2042 5
2003 2004 5
2004 2005 5
2005 2006 5
2006 2007 5
2007 2008 5
2008 1968 5
482 442 5
2042 2043 5
2043 2003 5
521 522 5
522 482 5
561 521 5
601 561 5
641 601 5
681 641 5
721 681 5
761 721 5
801 761 5
 77  37 6
117  77 6
157 117 6
197 157 6
237 197 6
277 237 6
317 277 6
357 317 6
1957 357 6
1997 1957 6
2037 1997 6
2077 2037 6
2117 2077 6
2157 2117 6
2197 2157 6
2237 2197 6
2277 2237 6
2317 2277 6
2357 2317 6
2397 2357 6
2437 2397 6
2477 2437 6
2517 2477 6
2557 2517 6
2597 2557 6
2637 2597 6
2677 2637 6
2717 2677 6
2757 2717 6
1199 2799 6
1200 1199 6
2797 2757 6
2797 2837 6
2798 2797 6
2799 2798 6
2837 2877 6
2877 2917 6
2917 2957 6
2957 2997 6
2997 3037 6
3037 3077 6
3077 3117 6
3117 3157 6
1583 1582 6
1584 1583 6
1585 1584 6
3156 3196 6
3157 3156 6
3185 1585 6
3186 3185 6
3187 3186 6
3188 3187 6
3189 3188 6
3190 3189 6
3191 3190 6
3192 3191 6
3193 3192 6
3194 3193 6
3195 3194 6
3196 3195 6
 52  12 7
 92  52 7
1692  92 7
1732 1692 7
1772 1732 7
1812 1772 7
1852 1812 7
1892 1852 7
1927 1928 7
1928 1929 7
1929 1930 7
1930 1931 7
1931 1932 7
1932 1892 7
1932 1933 7
1933 1934 7
1934 1935 7
1935 1936 7
1936 1937 7
1937 1938 7
1938 1939 7
1939 1940 7
1940 1941 7
1941 1981 7
401 2001 7
1961 1962 7
1962 1963 7
1963 1964 7
1964 1965 7
1965 1966 7
1966 1967 7
1967 1927 7
1981 2021 7
2001 1961 7
2021 2061 7
2061 2101 7
2101 2141 7
2141 2181 7
2181 2221 7
2221 2261 7
2261 2301 7
2301 2341 7
2341 2381 7
2381 2421 7
2421 2461 7
2461 2501 7
909 949 7
2501 2502 7
2502 2503 7
2503 2504 7
2504 2505 7
2505 2506 7
2506 2507 7
2507 2508 7
2508 2509 7
949 950 7
2509 909 7
950 951 7
951 952 7
952 953 7
953 954 7
954 955 7
955 956 7
956 957 7
957 958 7
958 959 7
959 960 7
961 962 8
962 2562 8
2562 2602 8
2602 2642 8
2642 2682 8
2682 2722 8
2722 2762 8
2762 2802 8
2802 2842 8
2842 2882 8
2882 2922 8
2922 2962 8
2962 3002 8
3002 3042 8
3042 3082 8
3082 3122 8
3122 3162 8
1570 1571 8
1571 1572 8
1572 1573 8
1573 1574 8
1574 1575 8
1575 1576 8
1576 1577 8
1577 1578 8
3162 1562 8
3162 3163 8
3163 3164 8
3164 3165 8
3165 3166 8
3166 3167 8
3167 3168 8
3168 3169 8
3169 3170 8
3170 1570 8
 14  54 9
 54  55 9
 55  56 9
 56  57 9
 57  58 9
 58  98 9
 98 138 9
138 178 9
178 218 9
218 258 9
258 298 9
298 1898 9
1898 3498 9
981 1021 9
2541 2581 9
1021 1061 9
2581 981 9
1061 1101 9
1101 1141 9
1141 1181 9
1181 1221 9
1221 1261 9
1261 1301 9
1301 1341 9
1341 1381 9
1381 1421 9
1421 1461 9
1461 1501 9
1501 1541 9
1541 1581 9
3498 3538 9
3538 3578 9
3578 3579 9
3579 3580 9
3580 3581 9
3581 3621 9
3621 3661 9
3661 3701 9
3701 3741 9
3741 3781 9
3781 3821 9
3821 3861 9
3861 3901 9
3901 3941 9
3941 3981 9
3981 4021 9
4021 4061 9
4061 4101 9
4101 4141 9
4141 2541 9
481 441 10
2081 481 10
2121 2081 10
2161 2121 10
2201 2161 10
2241 2201 10
2242 2241 10
2282 2242 10
2283 2282 10
2284 2283 10
2324 2284 10
2364 2324 10
2404 2364 10
2405 2404 10
2445 2405 10
2446 2445 10
2486 2446 10
2487 2486 10
2488 2487 10
2489 2488 10
2529 2489 10
2530 2529 10
2531 2530 10
2571 2531 10
2611 2571 10
2612 2611 10
2613 2612 10
2614 2613 10
2615 2614 10
2616 2615 10
2617 2616 10
2618 2617 10
2619 2618 10
2620 2619 10
2621 2620 10
2622 2621 10
2623 2622 10
2624 2623 10
2625 2624 10
2626 2625 10
2627 2626 10
2628 2627 10
2629 2628 10
2630 2629 10
2670 2630 10
2710 2670 10
2750 2710 10
2790 2750 10
2830 2790 10
1276 2876 10
1277 1276 10
1278 1277 10
1279 1278 10
1280 1279 10
2870 2830 10
2871 2870 10
2872 2871 10
2873 2872 10
2874 2873 10
2875 2874 10
2876 2875 10
1320 1280 10
1360 1320 10
1400 1360 10
1440 1400 10
1480 1440 10
1520 1480 10
1560 1520 10
1600 1560 10
