# Cost: 1079

# Tail Head Net
115 116 1
 57  58 1
116 117 1
117  57 1
175 115 1
229 230 1
230 231 1
231 232 1
232 233 1
233 234 1
234 235 1
235 175 1
288 289 1
289 229 1
346 347 1
347 348 1
348 288 1
405 406 1
406 346 1
464 465 1
465 405 1
523 524 1
524 464 1
583 523 1
639 640 1
640 641 1
641 642 1
642 643 1
643 583 1
699 639 1
730 731 1
731 732 1
732 733 1
733 734 1
734 735 1
735 736 1
736 737 1
737 738 1
738 739 1
739 740 1
740 741 1
741 742 1
742 743 1
743 744 1
744 745 1
745 746 1
746 747 1
747 748 1
748 749 1
749 750 1
750 751 1
751 752 1
752 753 1
753 754 1
754 755 1
755 756 1
756 757 1
757 758 1
758 759 1
759 699 1
790 730 1
850 790 1
910 850 1
970 910 1
1030 970 1
1090 1030 1
1150 1090 1
1210 1150 1
1270 1210 1
1330 1270 1
1390 1330 1
1450 1390 1
1510 1450 1
1570 1510 1
1630 1570 1
1690 1630 1
1749 1750 1
1750 1690 1
1809 1749 1
1868 1869 1
1869 1809 1
1928 1868 1
1985 1986 1
1986 1987 1
1987 1988 1
1988 1928 1
2045 1985 1
2104 2105 1
2105 2045 1
2164 2104 1
2223 2224 1
2224 2164 1
2282 2281 1
2282 2283 1
2283 2223 1
2342 2282 1
2402 2342 1
2462 2402 1
2522 2462 1
2582 2522 1
2642 2582 1
2702 2642 1
2762 2702 1
2822 2762 1
2882 2822 1
2942 2882 1
2942 2941 1
3002 2942 1
3062 3002 1
3122 3062 1
3182 3122 1
3242 3182 1
3302 3242 1
3362 3302 1
3422 3362 1
3482 3422 1
3483 3482 1
3484 3483 1
3485 3484 1
3486 3485 1
3546 3486 1
3547 3546 1
3648  48 2
3649 3648 2
3650 3649 2
3651 3650 2
3652 3651 2
3653 3652 2
3713 3653 2
3773 3713 2
3774 3773 2
3775 3774 2
3835 3775 2
3836 3835 2
3896 3836 2
3956 3896 2
4016 3956 2
4076 4016 2
4136 4076 2
4137 4136 2
4197 4137 2
4198 4197 2
4258 4198 2
4318 4258 2
780 4380 2
4378 4318 2
4379 4378 2
840 780 2
4380 4379 2
900 840 2
960 900 2
1020 960 2
1080 1020 2
1140 1080 2
1200 1140 2
1260 1200 2
1320 1260 2
1380 1320 2
1440 1380 2
1500 1440 2
1560 1500 2
1620 1560 2
1680 1620 2
1740 1680 2
1800 1740 2
1860 1800 2
1920 1860 2
1980 1920 2
2040 1980 2
2100 2040 2
2160 2100 2
2220 2160 2
2280 2220 2
2340 2280 2
2400 2340 2
2460 2400 2
2520 2460 2
2580 2520 2
2640 2580 2
2700 2640 2
2760 2700 2
2820 2760 2
2880 2820 2
2940 2880 2
3000 2940 2
3060 3000 2
3120 3060 2
3180 3120 2
3240 3180 2
3250 3310 2
3251 3250 2
3252 3251 2
3253 3252 2
3254 3253 2
3255 3254 2
3256 3255 2
3257 3256 2
3258 3257 2
3259 3258 2
3260 3259 2
3261 3260 2
3262 3261 2
3263 3262 2
3264 3263 2
3265 3264 2
3266 3265 2
3267 3266 2
3268 3267 2
3269 3268 2
3270 3269 2
3271 3270 2
3272 3271 2
3273 3272 2
3274 3273 2
3275 3274 2
3276 3275 2
3277 3276 2
3278 3277 2
3279 3278 2
3280 3279 2
3281 3280 2
3282 3281 2
3283 3282 2
3284 3283 2
3285 3284 2
3286 3285 2
3287 3286 2
3288 3287 2
3289 3288 2
3290 3289 2
3291 3290 2
3292 3291 2
3293 3292 2
3294 3293 2
3295 3294 2
3296 3295 2
3297 3296 2
3298 3297 2
3299 3298 2
3300 3240 2
3300 3299 2
3310 3370 2
3370 3430 2
3430 3490 2
3490 3550 2
 63   3 3
 63 123 3
 64  63 3
 65  64 3
 66  65 3
 67  66 3
 68  67 3
 69  68 3
 70  69 3
 71  70 3
 72  71 3
 73  72 3
 74  73 3
 75  74 3
 76  75 3
 77  76 3
 78  77 3
 79  78 3
 80  79 3
 81  80 3
 82  81 3
 83  82 3
 84  83 3
 85  84 3
 86  85 3
 87  86 3
 88  87 3
 89  88 3
 90  89 3
 91  90 3
 92  91 3
 93  92 3
 94  93 3
 95  94 3
 96  95 3
 97  96 3
 98  97 3
 99  98 3
100  99 3
101 100 3
102 101 3
103 102 3
104 103 3
105 104 3
106 105 3
107 106 3
 49 109 3
108 107 3
 50  49 3
 50  51 3
109 108 3
 51  52 3
 52  53 3
 53  54 3
 54  55 3
 55  56 3
123 183 3
183 243 3
243 303 3
303 363 3
363 423 3
423 483 3
483 543 3
543 603 3
603 663 3
663 723 3
723 783 3
783 843 3
843 903 3
903 963 3
963 1023 3
1022 1082 3
1023 1022 3
1081 1141 3
1082 1081 3
3623  23 4
110 111 4
111 112 4
112 113 4
113 114 4
114 3714 4
3654 3655 4
3655 3656 4
3656 3657 4
3657 3658 4
3658 3659 4
3659  59 4
3683 3623 4
3683 3684 4
3684 3685 4
3685 3686 4
3686 3687 4
3687 3688 4
3688 3689 4
3689 3690 4
3690 3691 4
3691 3692 4
3692 3693 4
3693 3694 4
3694 3695 4
3695 3696 4
3696 3697 4
3697 3698 4
3698 3699 4
3699 3700 4
3700 3701 4
3701 3702 4
3702 3703 4
3703 3704 4
3704 3705 4
3705 3706 4
3706 3707 4
3707 3708 4
3708 3709 4
3709 3710 4
3710 110 4
3714 3654 4
3743 3683 4
3803 3743 4
3863 3803 4
3923 3863 4
3983 3923 4
4043 3983 4
4103 4043 4
4163 4103 4
4223 4163 4
4283 4223 4
4343 4283 4
4403 4343 4
4463 4403 4
4523 4463 4
4583 4523 4
4643 4583 4
4703 4643 4
4763 4703 4
4823 4763 4
4883 4823 4
4943 4883 4
5003 4943 4
5063 5003 4
5123 5063 4
5183 5123 4
5243 5183 4
5303 5243 4
5363 5303 4
5423 5363 4
5483 5423 4
5543 5483 4
5603 5543 4
5663 5603 4
5723 5663 4
5783 5723 4
5843 5783 4
5903 5843 4
5963 5903 4
6023 5963 4
6083 6023 4
6143 6083 4
6203 6143 4
6263 6203 4
6323 6263 4
6383 6323 4
6443 6383 4
6503 6443 4
6563 6503 4
6623 6563 4
6683 6623 4
6743 6683 4
6803 6743 4
6863 6803 4
6923 6863 4
3442 3443 4
3443 7043 4
6983 6923 4
3502 3442 4
7043 6983 4
3562 3502 4
3616  16 5
3676 3616 5
3736 3676 5
3796 3736 5
3856 3796 5
3916 3856 5
3976 3916 5
4036 3976 5
4096 4036 5
4156 4096 5
4216 4156 5
4276 4216 5
4336 4276 5
4396 4336 5
4456 4396 5
4516 4456 5
4576 4516 5
4636 4576 5
4696 4636 5
4756 4696 5
4816 4756 5
4876 4816 5
4936 4876 5
4996 4936 5
5056 4996 5
5116 5056 5
5176 5116 5
5236 5176 5
5296 5236 5
5356 5296 5
5416 5356 5
5476 5416 5
5536 5476 5
5596 5536 5
5656 5596 5
5716 5656 5
5776 5716 5
5836 5776 5
5896 5836 5
5956 5896 5
6016 5956 5
6076 6016 5
6136 6076 5
6196 6136 5
6256 6196 5
6316 6256 5
6376 6316 5
6436 6376 5
6496 6436 5
6556 6496 5
6616 6556 5
3121 6721 5
6676 6616 5
6721 6722 5
6722 6723 5
6723 6724 5
6724 6725 5
6725 6726 5
6726 6727 5
6727 6728 5
6728 6729 5
6729 6730 5
6730 6731 5
6731 6732 5
6732 6733 5
6733 6734 5
6734 6735 5
6735 6736 5
6736 6676 5
6736 6796 5
6796 6856 5
6856 6916 5
6916 6917 5
6917 6977 5
6977 7037 5
7037 7097 5
3503 3563 5
7097 7098 5
7098 7099 5
7099 7100 5
7100 7101 5
7101 7102 5
7102 7103 5
3563 3564 5
7103 3503 5
3564 3565 5
3565 3566 5
3566 3567 5
3567 3568 5
3568 3569 5
3569 3570 5
241 3841 6
255 256 6
256 257 6
257 258 6
258 259 6
259 260 6
260 261 6
261 262 6
262 263 6
263 264 6
264 3864 6
3841 3842 6
3842 3843 6
3843 3844 6
3844 3845 6
3845 3846 6
3846 3847 6
3847 3848 6
3848 3849 6
3849 3850 6
3850 3851 6
3851 3852 6
3852 3853 6
3853 3854 6
3854 3855 6
3855 255 6
3864 3865 6
3865 3866 6
3866 3867 6
3867 3868 6
3868 3869 6
3869 3870 6
3870 3871 6
3871 3872 6
3872 3873 6
3873 3874 6
3874 3875 6
3875 3876 6
3876 3877 6
3877 3878 6
3878 3879 6
3879 3880 6
3880 3881 6
3881 3941 6
3941 4001 6
4001 4002 6
4002 4062 6
4062 4122 6
4122 4182 6
4182 4242 6
4242 4302 6
703 704 6
704 705 6
705 706 6
706 707 6
707 708 6
708 709 6
709 710 6
710 711 6
711 712 6
712 713 6
713 714 6
714 715 6
715 716 6
716 717 6
717 718 6
718 719 6
719 720 6
4302 4303 6
4302 4362 6
4303 703 6
4362 4422 6
4422 4482 6
4482 4542 6
4542 4602 6
4602 4662 6
4662 4722 6
4722 4782 6
4782 4842 6
4842 4902 6
4902 4962 6
4962 5022 6
5022 5082 6
5082 5142 6
5142 5202 6
5202 5262 6
5262 5322 6
5322 5382 6
5382 5442 6
5442 5502 6
5502 5562 6
5562 5622 6
5622 5682 6
5682 5742 6
5742 5802 6
5802 5862 6
5862 5922 6
5922 5982 6
5982 6042 6
6042 6102 6
6102 6162 6
6162 6222 6
6222 6282 6
6282 6342 6
6342 6402 6
6402 6462 6
6462 6522 6
6522 6582 6
6582 6642 6
6642 6702 6
6702 6762 6
6762 6822 6
6822 6882 6
3342 3402 6
6882 6942 6
3402 3462 6
6942 3342 6
3462 3522 6
3522 3582 6
1921 5521 7
1935 1936 7
1936 1937 7
1937 1938 7
1938 1939 7
1939 1940 7
1940 1941 7
1941 1942 7
1942 1943 7
1943 1944 7
1944 1945 7
1945 5545 7
5521 5522 7
5522 5523 7
5523 5524 7
5524 5525 7
5525 5526 7
5526 5527 7
5527 5528 7
5528 5529 7
5529 5530 7
5530 5531 7
5531 5532 7
5532 5533 7
5533 5534 7
5534 5535 7
5535 1935 7
5545 5546 7
5546 5547 7
5547 5548 7
5548 5549 7
5549 5550 7
5550 5551 7
5551 5552 7
5552 5553 7
5553 5554 7
5554 5555 7
5555 5556 7
5556 5557 7
5557 5617 7
5617 5618 7
5618 5678 7
5678 5738 7
5738 5798 7
5798 5858 7
5858 5918 7
5918 5978 7
5978 6038 7
6038 6098 7
6098 6158 7
6158 6218 7
6218 6278 7
6278 6338 7
6338 6398 7
6398 6458 7
6458 6518 7
6518 6578 7
6578 6638 7
6638 6698 7
6698 6758 7
6758 6818 7
6818 6878 7
6878 6938 7
6938 6998 7
3403 3404 7
3404 3405 7
3405 3406 7
3406 3407 7
3407 3408 7
3408 3409 7
3409 3410 7
3410 3411 7
3411 3412 7
3412 3413 7
3413 3414 7
3414 3415 7
3415 3416 7
3416 3417 7
3417 3418 7
3418 3419 7
3419 3420 7
3458 3518 7
6998 6999 7
6998 7058 7
6999 7000 7
7000 7001 7
7001 7002 7
7002 7003 7
7003 3403 7
3518 3578 7
7058 3458 7
 62   2 8
 18 3618 8
 19  18 8
3618 3678 8
122  62 8
122 182 8
126 3726 8
127 126 8
128 127 8
129 128 8
130 129 8
131 130 8
132 131 8
133 132 8
134 133 8
135 134 8
136 135 8
137 136 8
138 137 8
3678 3738 8
182 242 8
3722 122 8
3723 3722 8
3724 3723 8
3725 3724 8
3726 3725 8
3738 138 8
242 302 8
302 3902 8
3902 3962 8
3962 4022 8
4022 4082 8
4082 4142 8
4142 4202 8
4202 4262 8
4262 4322 8
4322 4382 8
4382 4442 8
4442 4502 8
4502 4562 8
4562 4622 8
4622 4682 8
1142 1202 8
4682 4742 8
1202 1262 8
4742 1142 8
1262 1322 8
1322 1382 8
1382 1442 8
1442 1502 8
1502 1562 8
1562 1622 8
1622 1682 8
1682 1742 8
1742 1802 8
1802 1862 8
1862 1922 8
1922 1982 8
1982 1981 8
  7 3607 9
  8   7 9
3607 3667 9
  9   8 9
 10   9 9
3667 3727 9
187 247 9
3727 3787 9
247 307 9
3787 187 9
307 367 9
367 427 9
427 487 9
487 547 9
547 607 9
607 667 9
667 727 9
727 787 9
787 847 9
847 907 9
907 967 9
967 1027 9
1027 1087 9
1087 1147 9
1147 1207 9
1207 1267 9
1267 1327 9
1327 1387 9
1387 1447 9
1447 1507 9
1507 1567 9
1567 1627 9
1627 1687 9
1687 1747 9
1747 1807 9
1807 1867 9
1867 1927 9
1924 1984 9
1925 1924 9
1926 1925 9
1927 1926 9
1984 5584 9
5581 5641 9
5582 5581 9
5583 5582 9
5584 5583 9
5641 5701 9
5701 5761 9
5761 5821 9
5821 5881 9
2341 2401 9
5881 5941 9
2401 2461 9
5941 2341 9
2461 2521 9
2521 2581 9
2581 2641 9
2641 2701 9
2701 2761 9
2161 2101 10
2221 2161 10
2222 2221 10
5822 2222 10
5882 5822 10
5942 5882 10
6002 5942 10
6062 6002 10
6122 6062 10
6182 6122 10
6183 6182 10
6243 6183 10
6303 6243 10
6363 6303 10
6423 6363 10
6483 6423 10
6543 6483 10
3063 6663 10
6603 6543 10
3123 3063 10
6663 6603 10
3183 3123 10
3243 3183 10
6841 3241 10
6842 6841 10
6843 3243 10
6843 6842 10
6903 6843 10
6963 6903 10
6964 6963 10
7024 6964 10
3544 7144 10
7084 7024 10
3545 3544 10
7144 7084 10
 61   1 11
121  61 11
181 121 11
184 3784 11
3781 181 11
3782 3781 11
3783 3782 11
244 184 11
3784 3783 11
304 244 11
3904 304 11
3905 3904 11
3906 3905 11
3907 3906 11
3908 3907 11
3909 3908 11
3910 3909 11
3911 3910 11
3912 3911 11
3913 3912 11
3914 3913 11
3915 3914 11
3975 3915 11
4035 3975 11
4095 4035 11
4155 4095 11
4215 4155 11
4275 4215 11
4335 4275 11
4395 4335 11
4455 4395 11
4515 4455 11
4575 4515 11
4635 4575 11
4695 4635 11
4755 4695 11
4815 4755 11
4875 4815 11
4935 4875 11
4995 4935 11
5055 4995 11
5115 5055 11
5175 5115 11
5235 5175 11
5295 5235 11
5355 5295 11
1875 5475 11
5415 5355 11
1876 1875 11
1877 1876 11
1878 1877 11
1879 1878 11
1880 1879 11
1881 1880 11
1882 1881 11
1883 1882 11
1884 1883 11
1885 1884 11
1886 1885 11
5475 5415 11
1946 1886 11
1947 1946 11
1948 1947 11
1949 1948 11
1950 1949 11
1951 1950 11
1952 1951 11
1953 1952 11
1954 1953 11
1955 1954 11
2015 1955 11
2075 2015 11
2135 2075 11
2195 2135 11
2255 2195 11
2315 2255 11
2375 2315 11
2435 2375 11
2495 2435 11
2555 2495 11
2615 2555 11
2675 2615 11
2676 2675 11
2736 2676 11
2737 2736 11
2738 2737 11
2798 2738 11
2799 2798 11
2800 2799 11
2801 2800 11
2802 2801 11
2862 2802 11
2863 2862 11
2923 2863 11
2983 2923 11
3043 2983 11
3044 3043 11
3045 3044 11
3105 3045 11
3165 3105 11
3166 3165 11
6766 3166 11
6826 6766 11
6886 6826 11
6946 6886 11
7006 6946 11
7066 7006 11
7067 7066 11
3587 7187 11
7127 7067 11
7187 7127 11
1681 5281 12
1693 1694 12
1694 1754 12
5281 5282 12
5282 5283 12
5283 5284 12
5284 5285 12
5285 5286 12
5286 5287 12
5287 5288 12
5288 5289 12
5289 5290 12
5290 5291 12
5291 5292 12
5292 5293 12
5293 1693 12
1754 1814 12
1814 1874 12
1874 1934 12
1934 1994 12
1994 1995 12
1995 1996 12
1996 1997 12
1997 1998 12
1998 1999 12
1999 2059 12
2059 2119 12
2119 2179 12
2179 2239 12
2239 2299 12
2299 2359 12
2359 2419 12
2419 2479 12
2479 2480 12
2480 2481 12
2481 2541 12
2541 2601 12
2601 2661 12
2661 2662 12
2662 2663 12
2663 2723 12
2723 2724 12
2724 2725 12
2725 2726 12
2726 2727 12
2727 2728 12
2728 2729 12
2729 2730 12
2730 2731 12
2731 2732 12
2732 2733 12
2733 2734 12
2734 2735 12
2735 2795 12
2795 2796 12
2796 2797 12
2797 2857 12
2857 2858 12
2858 2859 12
2859 2860 12
2860 2861 12
2861 2921 12
2921 2981 12
2981 3041 12
3041 3101 12
3101 3102 12
3102 3103 12
3103 3163 12
3163 3223 12
3223 6823 12
6823 6883 12
6883 6943 12
6943 6944 12
6944 7004 12
3464 3465 12
7004 7064 12
3465 3466 12
3466 3467 12
3467 3468 12
3468 3469 12
3469 3470 12
3470 3471 12
3471 3472 12
3472 3473 12
3473 3474 12
3474 3475 12
3475 3476 12
3476 3477 12
3477 3478 12
3478 3479 12
3479 3480 12
7064 3464 12
