# Cost: 945

# Tail Head Net
545 595 1
546 545 1
547 546 1
548 547 1
549 548 1
550 549 1
589 639 1
590 589 1
591 590 1
592 591 1
593 592 1
594 593 1
595 594 1
634 684 1
635 634 1
636 635 1
637 636 1
638 637 1
639 638 1
684 734 1
734 784 1
784 834 1
834 884 1
883 933 1
884 883 1
929 979 1
930 929 1
931 930 1
932 931 1
933 932 1
952 951 1
953 952 1
954 953 1
955 954 1
956 955 1
957 956 1
958 957 1
959 958 1
960 959 1
961 960 1
962 961 1
963 962 1
964 963 1
965 964 1
966 965 1
967 966 1
968 967 1
969 968 1
970 969 1
971 970 1
972 971 1
973 972 1
974 973 1
975 974 1
976 975 1
977 976 1
978 977 1
979 978 1
979 1029 1
1029 1079 1
1079 1129 1
1129 1179 1
1179 1229 1
1229 1279 1
1279 1329 1
1329 1379 1
1379 1429 1
1429 1479 1
1479 1529 1
1529 1579 1
1579 1629 1
1629 1679 1
1679 1729 1
1729 1779 1
1779 1829 1
1829 1879 1
1879 1929 1
1929 1979 1
1979 2029 1
2029 2079 1
2079 2129 1
2129 2179 1
2179 2229 1
2229 2279 1
2279 2329 1
2329 2379 1
2379 2429 1
2429 2479 1
  6   5 2
  7   6 2
  8   7 2
  9   8 2
 59   9 2
109  59 2
159 109 2
209 159 2
210 209 2
211 210 2
212 211 2
213 212 2
214 213 2
215 214 2
265 215 2
266 265 2
316 266 2
317 316 2
367 317 2
368 367 2
418 368 2
419 418 2
469 419 2
470 469 2
520 470 2
521 520 2
571 521 2
572 571 2
622 572 2
623 622 2
673 623 2
674 673 2
675 674 2
676 675 2
677 676 2
678 677 2
679 678 2
680 679 2
681 680 2
731 681 2
781 731 2
831 781 2
3331 831 2
3332 3331 2
3333 3332 2
3334 3333 2
3335 3334 2
3336 3335 2
3337 3336 2
3338 3337 2
3339 3338 2
3340 3339 2
3341 3340 2
3391 3341 2
3392 3391 2
3442 3392 2
3443 3442 2
3493 3443 2
3494 3493 2
3495 3494 2
3496 3495 2
3497 3496 2
1048 3548 2
3498 3497 2
1049 1048 2
1050 1049 2
3548 3498 2
1100 1050 2
1150 1100 2
1200 1150 2
1250 1200 2
1300 1250 2
1350 1300 2
1400 1350 2
1450 1400 2
1500 1450 2
1550 1500 2
1600 1550 2
1650 1600 2
1700 1650 2
1750 1700 2
1800 1750 2
1850 1800 2
1900 1850 2
1950 1900 2
 11  12 3
 11 2511 3
 12  13 3
2511 2561 3
 13  14 3
 14  15 3
 15  16 3
 16  17 3
 17  18 3
 18  19 3
 19  20 3
 20  21 3
 21  22 3
 22  23 3
 23  24 3
 24  25 3
 25  26 3
 26  27 3
 27  28 3
 28  29 3
 29  30 3
 30  31 3
 31  32 3
2561 2611 3
2610 2660 3
2611 2610 3
2660 2710 3
2710 2760 3
2760 2810 3
2810 2860 3
2860 2910 3
2910 2960 3
2959 3009 3
2960 2959 3
3009 3059 3
3058 3108 3
3059 3058 3
3107 3157 3
3108 3107 3
3157 3207 3
3206 3256 3
3207 3206 3
3256 3306 3
3306 3356 3
3355 3405 3
3356 3355 3
3404 3454 3
3405 3404 3
3453 3503 3
3454 3453 3
3503 3553 3
3553 3603 3
3603 3653 3
3653 3703 3
3703 3753 3
3753 3803 3
3803 3853 3
3851 1351 3
3852 3851 3
3853 3852 3
836 886 4
837 836 4
838 837 4
839 838 4
840 839 4
841 840 4
842 841 4
843 842 4
844 843 4
845 844 4
846 845 4
847 846 4
848 847 4
849 848 4
850 849 4
885 935 4
886 885 4
935 985 4
985 1035 4
1035 1085 4
1085 1135 4
1135 1185 4
1185 1235 4
1235 1285 4
1285 1335 4
1335 1385 4
1385 1435 4
1435 1485 4
1485 1535 4
1535 1585 4
1585 1635 4
1635 1685 4
1685 1735 4
1735 1785 4
1785 1835 4
1835 1885 4
1885 1935 4
1935 1985 4
1985 2035 4
2035 2085 4
2085 2135 4
2135 2185 4
2185 2235 4
2235 2285 4
2285 2335 4
2335 2385 4
2385 2435 4
2435 2485 4
2477 2476 4
2478 2477 4
2481 4981 4
2482 2481 4
2483 2482 4
2484 2483 4
2485 2484 4
4978 2478 4
4979 4978 4
4980 4979 4
4981 4980 4
351 401 5
401 451 5
451 501 5
501 551 5
551 601 5
601 651 5
651 701 5
701 751 5
751 801 5
801 851 5
851 901 5
901 902 5
902 903 5
903 904 5
904 905 5
905 906 5
906 3406 5
3406 3456 5
3456 3506 5
3506 3556 5
3556 3606 5
3606 3656 5
3656 3706 5
3706 3756 5
3756 3806 5
3806 3856 5
3856 3906 5
3906 3956 5
3956 4006 5
4006 4056 5
4056 4106 5
4106 4156 5
4156 4206 5
4206 4256 5
4256 4306 5
4306 4356 5
4356 4406 5
4406 4456 5
4456 4506 5
4506 4556 5
4556 4606 5
4606 4656 5
4656 4706 5
4706 4756 5
4756 4806 5
4806 4856 5
4856 4906 5
4906 4907 5
4907 4908 5
4908 4909 5
4909 4910 5
4910 4911 5
4911 4912 5
4912 4913 5
4913 4914 5
4914 4915 5
4915 4916 5
4916 4917 5
4917 4918 5
4918 4919 5
4919 4920 5
4920 4921 5
4921 4922 5
4922 4923 5
4923 4924 5
4924 4925 5
4925 4926 5
4926 4927 5
4927 4928 5
4928 4929 5
4929 4930 5
4930 4931 5
4931 4932 5
4932 4982 5
4982 4983 5
4983 4984 5
4984 4985 5
4985 4986 5
4986 4987 5
4987 4988 5
4988 2488 5
4333 4383 6
4334 4333 6
4335 4334 6
4336 4335 6
4337 4336 6
4338 4337 6
4339 4338 6
4340 4339 6
4341 4340 6
4342 4341 6
4343 4342 6
4382 4432 6
4383 4382 6
4393 4343 6
4431 4481 6
4432 4431 6
4443 4393 6
4480 4530 6
4481 4480 6
4493 4443 6
4494 4493 6
4495 4494 6
4496 4495 6
4497 4496 6
4498 4497 6
2049 4549 6
2050 2049 6
2050 2100 6
4530 4580 6
4548 4498 6
4549 4548 6
2100 2150 6
4580 4630 6
2150 2200 6
4630 4680 6
2200 2250 6
2228 2278 6
4680 4730 6
2278 2328 6
4728 2228 6
4729 4728 6
4730 4729 6
2327 2377 6
2328 2327 6
2377 2427 6
2425 2475 6
2426 2425 6
2427 2426 6
2457 2456 6
2458 2457 6
2459 2458 6
2460 2459 6
2461 2460 6
2462 2461 6
2463 2462 6
2464 2463 6
2465 2464 6
2466 2465 6
2467 2466 6
2468 2467 6
2469 2468 6
2470 2469 6
2471 2470 6
2472 2471 6
2473 2472 6
2474 2473 6
2475 2474 6
1651 1701 7
1701 1702 7
1702 1752 7
1752 1802 7
1802 1852 7
1852 1902 7
1902 1952 7
1952 2002 7
2002 2052 7
2052 2102 7
2102 2152 7
2152 2202 7
2202 2252 7
2252 2302 7
2302 2352 7
2352 2402 7
2402 2452 7
2452 2453 7
 90  40 8
140  90 8
190 140 8
240 190 8
290 240 8
340 290 8
390 340 8
440 390 8
490 440 8
540 490 8
3040 540 8
3090 3040 8
3140 3090 8
3190 3140 8
3240 3190 8
3290 3240 8
3291 3290 8
3292 3291 8
3342 3292 8
893 3393 8
3343 3342 8
943 893 8
3393 3343 8
993 943 8
1043 993 8
1093 1043 8
1143 1093 8
1193 1143 8
1243 1193 8
1293 1243 8
1343 1293 8
1393 1343 8
1443 1393 8
1452 1451 8
1453 1452 8
1454 1453 8
1455 1454 8
1456 1455 8
1457 1456 8
1458 1457 8
1487 3987 8
1488 1487 8
1489 1488 8
1490 1489 8
1491 1490 8
1492 1491 8
1493 1443 8
1493 1492 8
1494 1493 8
1495 1494 8
1496 1495 8
1497 1496 8
3958 1458 8
3959 3958 8
3960 3959 8
3961 3960 8
3962 3961 8
3963 3962 8
3964 3963 8
3965 3964 8
3966 3965 8
3967 3966 8
3968 3967 8
3969 3968 8
3970 3969 8
3971 3970 8
3972 3971 8
3973 3972 8
3974 3973 8
3975 3974 8
3976 3975 8
3977 3976 8
3978 3977 8
3979 3978 8
3980 3979 8
3981 3980 8
3982 3981 8
3983 3982 8
3984 3983 8
3985 3984 8
3986 3985 8
3987 3986 8
1547 1497 8
1597 1547 8
1647 1597 8
1697 1647 8
1747 1697 8
1797 1747 8
1847 1797 8
1897 1847 8
1947 1897 8
1997 1947 8
2047 1997 8
2097 2047 8
2147 2097 8
2197 2147 8
2247 2197 8
2297 2247 8
2298 2297 8
2299 2298 8
2300 2299 8
3450 950 9
3500 3450 9
3550 3500 9
3600 3550 9
3650 3600 9
3700 3650 9
3750 3700 9
3800 3750 9
3850 3800 9
3900 3850 9
3948 3949 9
3949 3950 9
3950 3900 9
3998 3948 9
4048 3998 9
4098 4048 9
4148 4098 9
4198 4148 9
1792 4292 9
4248 4198 9
4282 4332 9
4283 4282 9
4284 4283 9
4285 4284 9
4286 4285 9
4287 4286 9
4288 4287 9
4289 4288 9
4290 4289 9
4291 4290 9
1842 1792 9
4292 4291 9
4292 4293 9
4293 4294 9
4294 4295 9
4295 4296 9
4296 4297 9
4297 4298 9
4298 4248 9
4331 4381 9
4332 4331 9
1892 1842 9
4380 4430 9
4381 4380 9
1942 1892 9
4429 4479 9
4430 4429 9
1992 1942 9
4478 4528 9
4479 4478 9
2042 1992 9
4527 4577 9
4528 4527 9
2092 2042 9
4576 4626 9
4577 4576 9
2142 2092 9
4624 4674 9
4625 4624 9
4626 4625 9
2192 2142 9
4658 4708 9
4659 4658 9
4660 4659 9
4661 4660 9
4662 4661 9
4663 4662 9
4664 4663 9
4665 4664 9
4666 4665 9
4667 4666 9
4668 4667 9
4669 4668 9
4670 4669 9
4671 4670 9
4672 4671 9
4673 4672 9
4674 4673 9
2242 2192 9
4708 4758 9
2292 2242 9
4758 4808 9
2342 2292 9
2355 4855 9
2356 2355 9
2357 2356 9
4807 4857 9
4808 4807 9
2392 2342 9
4851 2351 9
4852 4851 9
4853 4852 9
4854 4853 9
4855 4854 9
4857 2357 9
2442 2392 9
2492 2442 9
 51  52 10
 52  53 10
 53  54 10
 54  55 10
 55  56 10
 56  57 10
 57  58 10
 58 2558 10
 60  61 10
 61  62 10
 62  63 10
 63  64 10
 64  65 10
 65  66 10
 66  67 10
 67  68 10
 68  69 10
 69  70 10
 70  71 10
 71  72 10
 72  73 10
 73  74 10
 74  75 10
 75  76 10
 76  77 10
 77  78 10
 78  79 10
 79  80 10
 80  81 10
 81  82 10
 33  34 10
 82  83 10
 34  35 10
 83  33 10
 35  36 10
2558 2559 10
2559 2560 10
2560  60 10
2364 2414 11
2365 2364 11
2380 4880 11
2404 2454 11
2405 2404 11
2406 2405 11
2407 2406 11
2408 2407 11
2409 2408 11
2410 2409 11
2411 2410 11
2412 2411 11
2413 2412 11
2414 2413 11
4865 2365 11
4866 4865 11
4867 4866 11
4868 4867 11
4869 4868 11
4870 4869 11
4871 4870 11
4872 4871 11
4873 4872 11
4874 4873 11
4875 4874 11
4876 4875 11
4877 4876 11
4878 4877 11
4879 4878 11
2430 2380 11
4880 4879 11
2480 2430 11
1151 1101 12
1201 1151 12
1251 1201 12
1301 1251 12
1302 1301 12
1352 1302 12
1402 1352 12
1403 1402 12
1404 1403 12
1405 1404 12
1406 1405 12
1407 1406 12
1408 1407 12
1409 1408 12
1459 1409 12
1509 1459 12
1559 1509 12
1609 1559 12
1659 1609 12
1709 1659 12
1710 1709 12
1711 1710 12
1712 1711 12
1713 1712 12
1714 1713 12
1715 1714 12
1716 1715 12
1717 1716 12
1718 1717 12
1719 1718 12
1720 1719 12
1721 1720 12
1722 1721 12
1723 1722 12
1724 1723 12
1725 1724 12
1726 1725 12
1727 1726 12
1743 4243 12
4227 1727 12
4228 4227 12
4229 4228 12
4230 4229 12
4231 4230 12
4232 4231 12
4233 4232 12
4234 4233 12
4235 4234 12
4236 4235 12
4237 4236 12
4238 4237 12
4239 4238 12
4240 4239 12
4241 4240 12
4242 4241 12
1793 1743 12
4243 4242 12
1843 1793 12
1893 1843 12
1943 1893 12
1993 1943 12
2043 1993 12
2093 2043 12
2143 2093 12
2193 2143 12
2243 2193 12
2293 2243 12
2343 2293 12
2393 2343 12
2443 2393 12
2444 2443 12
2445 2444 12
2446 2445 12
2447 2446 12
2448 2447 12
2449 2448 12
2450 2449 12
 45  95 13
 95 145 13
145 195 13
195 245 13
245 295 13
295 345 13
345 395 13
395 445 13
445 495 13
495 2995 13
2995 3045 13
3045 3095 13
3095 3145 13
3145 3195 13
3195 3245 13
3245 3295 13
3295 3345 13
895 896 13
3345 3395 13
896 897 13
897 947 13
3395 895 13
947 997 13
997 1047 13
1047 1097 13
1097 1147 13
1147 1197 13
1197 1247 13
1247 1297 13
1297 1347 13
1347 1397 13
1397 1447 13
1447 1448 13
1448 1498 13
1498 1548 13
1548 1598 13
1598 1648 13
1648 1698 13
1698 1748 13
1748 1798 13
1798 1848 13
1848 1898 13
1898 1948 13
1948 1998 13
1998 2048 13
2048 2098 13
2098 2148 13
2148 4648 13
4648 4698 13
4698 4748 13
4748 4798 13
4798 4848 13
4848 4898 13
4898 4948 13
4948 4998 13
4998 2498 13
149 199 14
150 149 14
198 248 14
199 198 14
248 2748 14
2748 2798 14
2798 2848 14
2847 2897 14
2848 2847 14
2897 2947 14
2944 2994 14
2945 2944 14
2946 2945 14
2947 2946 14
2989 3039 14
2990 2989 14
2991 2990 14
2992 2991 14
2993 2992 14
2994 2993 14
3039 3089 14
3089 3139 14
3139 3189 14
3189 3239 14
3239 3289 14
3280 3330 14
3281 3280 14
3282 3281 14
3283 3282 14
3284 3283 14
3285 3284 14
3286 3285 14
3287 3286 14
3288 3287 14
3289 3288 14
3330 3380 14
3380 3430 14
3430 3480 14
3480 3530 14
3530 3580 14
3580 3630 14
3627 3677 14
3628 3627 14
3629 3628 14
3630 3629 14
3663 3713 14
3664 3663 14
3665 3664 14
3666 3665 14
3667 3666 14
3668 3667 14
3669 3668 14
3670 3669 14
3671 3670 14
3672 3671 14
3673 3672 14
3674 3673 14
3675 3674 14
3676 3675 14
3677 3676 14
3713 3763 14
3762 3812 14
3763 3762 14
3810 3860 14
3811 3810 14
3812 3811 14
3859 3909 14
3860 3859 14
3907 3957 14
3908 3907 14
3909 3908 14
3957 4007 14
4007 4057 14
4057 4107 14
4107 4157 14
1703 1753 14
1704 1703 14
1705 1704 14
1706 1705 14
1707 1706 14
4157 4207 14
1753 4253 14
4207 1707 14
4251 1751 14
4252 4251 14
4253 4252 14
