# Cost: 843

# Tail Head Net
 83  23 1
143  83 1
203 143 1
263 203 1
323 263 1
383 323 1
443 383 1
503 443 1
563 503 1
623 563 1
683 623 1
743 683 1
803 743 1
841 901 1
842 841 1
843 842 1
844 843 1
845 844 1
846 845 1
847 846 1
848 847 1
849 848 1
850 849 1
851 850 1
852 851 1
853 852 1
854 853 1
855 854 1
856 855 1
857 856 1
858 857 1
859 858 1
860 859 1
861 860 1
862 861 1
863 803 1
863 862 1
864 863 1
865 864 1
866 865 1
867 866 1
868 867 1
869 868 1
870 869 1
871 870 1
872 871 1
873 872 1
874 873 1
875 874 1
876 875 1
877 876 1
878 877 1
879 878 1
880 879 1
881 880 1
882 881 1
883 882 1
884 883 1
885 884 1
886 885 1
887 886 1
888 887 1
889 888 1
890 889 1
891 890 1
892 891 1
893 892 1
894 893 1
895 894 1
896 895 1
897 896 1
898 897 1
899 898 1
900 899 1
900 960 1
901 961 1
960 1020 1
961 1021 1
1020 1080 1
1021 1081 1
1080 1140 1
1081 1141 1
1140 1200 1
1141 1201 1
1200 1260 1
1201 1261 1
1260 1320 1
1320 1380 1
1380 1440 1
1440 1500 1
1500 1560 1
1560 1620 1
1620 1680 1
1680 1740 1
1740 1800 1
1800 1860 1
1860 1920 1
1920 1980 1
1980 2040 1
2040 2100 1
2100 2160 1
2160 2220 1
2220 2280 1
2280 2340 1
2340 2400 1
2400 2460 1
2460 2520 1
2520 2580 1
2580 2640 1
2640 2700 1
2700 2760 1
2760 2820 1
2820 2880 1
2880 2940 1
2940 3000 1
3000 3060 1
3060 3120 1
3120 3180 1
3180 3240 1
3240 3300 1
 47  46 2
 47  48 2
 48  49 2
107  47 2
 49  50 2
 50  51 2
 51  52 2
 52  53 2
 53  54 2
 54  55 2
 55  56 2
 56  57 2
 57  58 2
 58  59 2
167 107 2
3767 167 2
3827 3767 2
3887 3827 2
3947 3887 2
4007 3947 2
4067 4007 2
4127 4067 2
4187 4127 2
4247 4187 2
4307 4247 2
4365 4366 2
4366 4367 2
4367 4307 2
4425 4365 2
4485 4425 2
4545 4485 2
4605 4545 2
4665 4605 2
4725 4665 2
4785 4725 2
4845 4785 2
4905 4845 2
4965 4905 2
5025 4965 2
5085 5025 2
5145 5085 2
1665 5265 2
5205 5145 2
1725 1665 2
5265 5205 2
1785 1725 2
1845 1785 2
1905 1845 2
1965 1905 2
2024 2025 2
2025 1965 2
2084 2024 2
2144 2084 2
2204 2144 2
2263 2264 2
2264 2204 2
2323 2263 2
2383 2323 2
2434 2435 2
2435 2436 2
2436 2437 2
2437 2438 2
2438 2439 2
2439 2440 2
2440 2441 2
2441 2442 2
2442 2443 2
2443 2383 2
2493 2494 2
2494 2434 2
2553 2493 2
2613 2553 2
2673 2613 2
2733 2673 2
2793 2733 2
2853 2793 2
2913 2853 2
2973 2913 2
3033 2973 2
3093 3033 2
3153 3093 2
3213 3153 2
3270 3271 2
3271 3272 2
3272 3273 2
3273 3213 2
3329 3330 2
3330 3270 2
3389 3329 2
3447 3448 2
3448 3449 2
3449 3389 2
3507 3447 2
3564 3563 2
3565 3564 2
3566 3565 2
3567 3507 2
3567 3566 2
1861 1921 3
1921 1922 3
1922 1923 3
1923 1924 3
1924 1925 3
1925 1926 3
1926 1986 3
1986 2046 3
2046 2106 3
2106 2166 3
2166 2226 3
2226 2286 3
2286 2346 3
2346 2406 3
2406 2466 3
2466 2526 3
2526 2586 3
2586 2646 3
2646 2706 3
2706 2766 3
2766 2826 3
2826 2886 3
2886 2946 3
2946 3006 3
3006 3066 3
3066 3126 3
3126 3186 3
3186 3246 3
3246 3306 3
3306 3366 3
3366 3426 3
3426 3486 3
3486 3546 3
3546 3547 3
3547 7147 3
3568 3569 3
3569 3570 3
3570 3571 3
3571 3572 3
3572 3573 3
3573 3574 3
3574 3575 3
3575 3576 3
7147 7148 3
7148 7149 3
7149 7150 3
7150 7151 3
7151 7152 3
7152 7153 3
7153 7154 3
7154 7155 3
7155 7156 3
7156 7157 3
7157 7158 3
7158 7159 3
7159 7160 3
7160 7161 3
7161 7162 3
7162 7163 3
7163 7164 3
7164 7165 3
7165 7166 3
7166 7167 3
7167 7168 3
7168 3568 3
3061 3001 4
3121 3061 4
3181 3121 4
3241 3181 4
3241 6841 4
6841 6901 4
6901 6961 4
6961 7021 4
7021 7022 4
7022 7023 4
7023 7024 4
7024 7025 4
7025 7026 4
7026 7027 4
7027 7028 4
7028 7029 4
7029 7030 4
7030 7031 4
7031 7032 4
7032 7033 4
7033 7034 4
7034 7035 4
7035 7036 4
7036 7037 4
7037 7038 4
7038 7039 4
7039 7040 4
7040 7041 4
7041 7101 4
7101 7102 4
7102 7103 4
7103 7104 4
7104 7105 4
7105 7106 4
7106 7107 4
7107 7108 4
7108 7109 4
7109 7169 4
3577 3578 4
3578 3579 4
3579 3580 4
3580 3581 4
7169 7170 4
7170 7171 4
7171 7172 4
7172 7173 4
7173 7174 4
7174 7175 4
7175 7176 4
7176 7177 4
7177 3577 4
3609   9 5
3610 3609 5
3670 3610 5
3730 3670 5
3790 3730 5
3850 3790 5
3910 3850 5
3970 3910 5
4030 3970 5
4090 4030 5
4150 4090 5
4210 4150 5
4270 4210 5
4271 4270 5
4331 4271 5
4391 4331 5
4451 4391 5
4452 4451 5
4512 4452 5
4572 4512 5
4632 4572 5
4692 4632 5
4752 4692 5
4812 4752 5
4872 4812 5
4932 4872 5
4992 4932 5
5052 4992 5
5112 5052 5
5172 5112 5
5232 5172 5
5292 5232 5
5352 5292 5
5412 5352 5
5472 5412 5
5532 5472 5
5592 5532 5
5652 5592 5
5712 5652 5
5772 5712 5
5832 5772 5
5892 5832 5
5952 5892 5
6012 5952 5
6072 6012 5
6132 6072 5
6192 6132 5
6252 6192 5
6312 6252 5
6372 6312 5
6432 6372 5
6492 6432 5
6552 6492 5
6612 6552 5
6672 6612 5
6732 6672 5
6792 6732 5
6852 6792 5
3313 6913 5
6912 6852 5
3373 3313 5
6913 6912 5
3433 3373 5
3493 3433 5
3553 3493 5
3554 3553 5
3555 3554 5
3556 3555 5
3557 3556 5
3558 3557 5
3559 3558 5
3560 3559 5
829 830 6
830 831 6
831 832 6
832 833 6
833 834 6
834 835 6
835 836 6
836 837 6
837 838 6
838 839 6
839 840 6
4429 829 6
4489 4429 6
4549 4489 6
4609 4549 6
4669 4609 6
4729 4669 6
4789 4729 6
4849 4789 6
4909 4849 6
4969 4909 6
5029 4969 6
5089 5029 6
5149 5089 6
5209 5149 6
5269 5209 6
5329 5269 6
5389 5329 6
5449 5389 6
5509 5449 6
5569 5509 6
5629 5569 6
5689 5629 6
5749 5689 6
5809 5749 6
5869 5809 6
5929 5869 6
5989 5929 6
6049 5989 6
6109 6049 6
6169 6109 6
6229 6169 6
2702 2701 6
2703 2702 6
2704 2703 6
2705 2704 6
2707 6307 6
2708 2707 6
2709 2708 6
2710 2709 6
2711 2710 6
2712 2711 6
2713 2712 6
2714 2713 6
2715 2714 6
2716 2715 6
2717 2716 6
2718 2717 6
2719 2718 6
2720 2719 6
2721 2720 6
2722 2721 6
2723 2722 6
2724 2723 6
2725 2724 6
2726 2725 6
2727 2726 6
2728 2727 6
2729 2728 6
2730 2729 6
2731 2730 6
2732 2731 6
2749 6349 6
6289 6229 6
6305 2705 6
6306 6305 6
6307 6306 6
6332 2732 6
6333 6332 6
6334 6333 6
6335 6334 6
6336 6335 6
6337 6336 6
6338 6337 6
6339 6338 6
6340 6339 6
6341 6340 6
6342 6341 6
6343 6342 6
6344 6343 6
6345 6344 6
6346 6345 6
6347 6346 6
6348 6347 6
2809 2749 6
6349 6289 6
6349 6348 6
2869 2809 6
2929 2869 6
2989 2929 6
3049 2989 6
3109 3049 6
3169 3109 6
3229 3169 6
3289 3229 6
3349 3289 6
3409 3349 6
3469 3409 6
3529 3469 6
3589 3529 6
  3  63 7
 63 123 7
123 183 7
183 243 7
243 303 7
303 363 7
362 361 7
363 362 7
363 3963 7
3963 4023 7
4023 4083 7
4083 4143 7
4143 4203 7
4203 4263 7
4263 4323 7
4323 4383 7
4383 4443 7
4443 4503 7
4503 4563 7
4563 4623 7
4623 4683 7
4683 4743 7
4743 4803 7
4803 4863 7
4863 4923 7
4923 4983 7
4983 5043 7
5043 5103 7
5103 5163 7
5163 5223 7
5223 5283 7
5283 5343 7
5343 5403 7
5403 5463 7
5463 5523 7
5523 5583 7
5583 5643 7
5643 5703 7
5703 5763 7
5763 5823 7
5823 5883 7
5883 5943 7
5943 6003 7
6003 6063 7
6063 6123 7
6123 6183 7
6183 6243 7
6243 6303 7
6303 6363 7
6363 6423 7
6423 6483 7
6483 6543 7
6543 6603 7
6603 6663 7
6663 6723 7
6723 6724 7
6724 6784 7
6784 6844 7
6844 6904 7
6904 6905 7
6905 6965 7
3418 3419 7
3419 3420 7
6965 6966 7
6966 6967 7
6967 6968 7
6968 6969 7
6969 6970 7
6970 6971 7
6971 6972 7
6972 6973 7
6973 6974 7
6974 6975 7
6975 6976 7
6976 6977 7
6977 6978 7
6978 6979 7
6979 6980 7
6980 6981 7
6981 6982 7
6982 6983 7
6983 6984 7
6984 6985 7
6985 6986 7
6986 6987 7
6987 6988 7
6988 6989 7
6989 6990 7
6990 6991 7
6991 6992 7
6992 6993 7
6993 6994 7
6994 6995 7
6995 6996 7
6996 6997 7
6997 6998 7
6998 6999 7
6999 7000 7
7000 7001 7
7001 7002 7
7002 7003 7
7003 7004 7
7004 7005 7
7005 7006 7
7006 7007 7
7007 7008 7
7008 7009 7
7009 7010 7
7010 7011 7
7011 7012 7
7012 7013 7
7013 7014 7
7014 7015 7
7015 7016 7
7016 7017 7
7017 7018 7
7018 3418 7
3614  14 8
3674 3614 8
3734 3674 8
3794 3734 8
3854 3794 8
3914 3854 8
3974 3914 8
4034 3974 8
4094 4034 8
4154 4094 8
4214 4154 8
4274 4214 8
4334 4274 8
4394 4334 8
4454 4394 8
4514 4454 8
4574 4514 8
4634 4574 8
4694 4634 8
4754 4694 8
4814 4754 8
4874 4814 8
4934 4874 8
4994 4934 8
5054 4994 8
5114 5054 8
5174 5114 8
5234 5174 8
5294 5234 8
5354 5294 8
5414 5354 8
5474 5414 8
5534 5474 8
5594 5534 8
5654 5594 8
5714 5654 8
5774 5714 8
5834 5774 8
5894 5834 8
5954 5894 8
6014 5954 8
6074 6014 8
6134 6074 8
6194 6134 8
6254 6194 8
2761 6361 8
6314 6254 8
6361 6362 8
6362 9962 8
6373 6374 8
6374 6314 8
6374 6375 8
6375 6376 8
6376 6377 8
6377 6378 8
6378 6379 8
6379 6380 8
6380 6381 8
6381 6382 8
6382 6383 8
6383 6384 8
6384 6385 8
6385 6386 8
6386 6387 8
6387 6388 8
6388 6389 8
6389 6390 8
6390 6391 8
6391 6392 8
6392 6452 8
6452 6512 8
6512 6513 8
6513 6514 8
6514 6515 8
6515 6516 8
6516 6517 8
6517 6518 8
6518 6578 8
6578 6638 8
6638 6639 8
6639 6699 8
6699 6759 8
6759 6760 8
6760 6761 8
6761 6762 8
6762 6763 8
6763 6764 8
6764 6765 8
6765 6825 8
6825 6885 8
6885 6886 8
6886 6887 8
3347 3407 8
6887 6947 8
3407 3467 8
6947 3347 8
3467 3527 8
3527 3587 8
9962 9963 8
9963 9964 8
9964 9965 8
9965 9966 8
9966 9967 8
9967 9968 8
9968 9969 8
9969 9970 8
9970 9971 8
9971 9972 8
9972 9973 8
9973 6373 8
 27  26 9
 28  27 9
 29  28 9
 30  29 9
 31  30 9
 32  31 9
 33  32 9
 34  33 9
 35  34 9
 36  35 9
 37  36 9
 38  37 9
 39  38 9
 40  39 9
 41  40 9
 42  41 9
 43  42 9
 44  43 9
 45  44 9
105  45 9
165 105 9
166 165 9
226 166 9
227 226 9
228 227 9
288 228 9
289 288 9
290 289 9
291 290 9
292 291 9
293 292 9
294 293 9
295 294 9
296 295 9
297 296 9
298 297 9
299 298 9
300 299 9
3840 240 10
3900 3840 10
3960 3900 10
4020 3960 10
4080 4020 10
4140 4080 10
4200 4140 10
4260 4200 10
4320 4260 10
4380 4320 10
4440 4380 10
4499 4500 10
4500 4440 10
4559 4499 10
4619 4559 10
4678 4679 10
4679 4619 10
4738 4678 10
4798 4738 10
4858 4798 10
4918 4858 10
4978 4918 10
5038 4978 10
5098 5038 10
5158 5098 10
5218 5158 10
5278 5218 10
5338 5278 10
5398 5338 10
5458 5398 10
5518 5458 10
5578 5518 10
5638 5578 10
5698 5638 10
5758 5698 10
2277 5877 10
5817 5818 10
5818 5758 10
2337 2277 10
5877 5817 10
2397 2337 10
2457 2397 10
2517 2457 10
2576 2577 10
2577 2517 10
2636 2576 10
2696 2636 10
2756 2696 10
2816 2756 10
2876 2816 10
2936 2876 10
2996 2936 10
3056 2996 10
3116 3056 10
3176 3116 10
3236 3176 10
3296 3236 10
3356 3296 10
3416 3356 10
3476 3416 10
3536 3476 10
3596 3536 10
