# Cost: 1010

# Tail Head Net
  6   5 1
 56   6 1
102 101 1
103 102 1
104 103 1
105 104 1
106  56 1
106 105 1
156 106 1
157 156 1
158 157 1
208 158 1
209 208 1
210 209 1
211 210 1
212 211 1
213 212 1
214 213 1
215 214 1
265 215 1
266 265 1
316 266 1
317 316 1
318 317 1
319 318 1
369 319 1
370 369 1
371 370 1
372 371 1
373 372 1
423 373 1
424 423 1
425 424 1
426 425 1
427 426 1
428 427 1
429 428 1
430 429 1
431 430 1
432 431 1
433 432 1
434 433 1
435 434 1
436 435 1
486 436 1
536 486 1
586 536 1
636 586 1
686 636 1
736 686 1
786 736 1
787 786 1
837 787 1
887 837 1
888 887 1
889 888 1
890 889 1
891 890 1
892 891 1
893 892 1
943 893 1
944 943 1
945 944 1
946 945 1
947 946 1
997 947 1
998 997 1
999 998 1
1049 999 1
1050 1049 1
1050 1100 1
1100 1150 1
1150 1200 1
1200 1250 1
1250 1300 1
1300 1350 1
1350 1400 1
1400 1450 1
1450 1500 1
1500 1550 1
1550 1600 1
1600 1650 1
1650 1700 1
1700 1750 1
1750 1800 1
1800 1850 1
1850 1900 1
1900 1950 1
1931 1981 1
1932 1931 1
1933 1932 1
1934 1933 1
1935 1934 1
1936 1935 1
1937 1936 1
1938 1937 1
1939 1938 1
1940 1939 1
1941 1940 1
1942 1941 1
1943 1942 1
1944 1943 1
1945 1944 1
1946 1945 1
1947 1946 1
1948 1947 1
1949 1948 1
1950 1949 1
1981 2031 1
2031 2081 1
2081 2131 1
2131 2181 1
2181 2231 1
2231 2281 1
2281 2331 1
2331 2381 1
2381 2431 1
2431 2481 1
 12  11 2
 62  12 2
 82  32 2
112  62 2
132  82 2
133 132 2
162 112 2
183 133 2
2662 162 2
2663 2662 2
233 183 2
263 2763 2
2713 2663 2
283 233 2
284 283 2
313 263 2
2763 2713 2
334 284 2
351 301 2
363 313 2
2834 334 2
2851 351 2
413 363 2
2884 2834 2
2901 2851 2
463 413 2
2934 2884 2
2951 2901 2
513 463 2
2984 2934 2
548 3048 2
549 548 2
550 549 2
3001 2951 2
563 513 2
3034 2984 2
3035 3034 2
3048 3098 2
3051 3001 2
609 659 2
610 609 2
611 610 2
612 611 2
613 563 2
613 612 2
614 613 2
615 614 2
616 615 2
617 616 2
618 617 2
619 618 2
620 619 2
621 620 2
622 621 2
623 622 2
624 623 2
625 624 2
626 625 2
627 626 2
628 627 2
629 628 2
630 629 2
631 630 2
632 631 2
633 632 2
634 633 2
635 634 2
3085 3035 2
3098 3148 2
3101 3051 2
659 709 2
3135 635 2
3135 3085 2
3136 3135 2
3137 3136 2
3138 3137 2
3139 3138 2
3140 3139 2
3141 3140 2
3142 3141 2
3143 3142 2
3144 3143 2
3145 3144 2
3146 3145 2
3147 3146 2
3148 3147 2
701 3201 2
3151 3101 2
709 759 2
751 701 2
3201 3151 2
752 751 2
752 802 2
753 752 2
754 753 2
755 754 2
756 755 2
757 756 2
758 757 2
759 758 2
802 852 2
852 902 2
902 952 2
952 1002 2
1001 1051 2
1002 1001 2
1051 1101 2
1101 1151 2
1151 1201 2
1201 1251 2
1251 1301 2
1301 1351 2
 23  22 3
2523  23 3
2524 2523 3
2525 2524 3
2526 2525 3
2527 2526 3
2528 2527 3
2529 2528 3
2530 2529 3
2531 2530 3
2532 2531 3
2533 2532 3
 35 2535 3
2534 2533 3
 36  35 3
2535 2534 3
 37  36 3
 38  37 3
 39  38 3
 40  39 3
 41  40 3
 42  41 3
 43  42 3
 44  43 3
 94  44 3
144  94 3
194 144 3
244 194 3
245 244 3
246 245 3
296 246 3
346 296 3
396 346 3
446 396 3
447 446 3
497 447 3
547 497 3
597 547 3
647 597 3
648 647 3
649 648 3
699 649 3
749 699 3
799 749 3
849 799 3
850 849 3
900 850 3
950 900 3
1000 950 3
3500 1000 3
3550 3500 3
3600 3550 3
3650 3600 3
3700 3650 3
3750 3700 3
3800 3750 3
3850 3800 3
3900 3850 3
3950 3900 3
4000 3950 3
4050 4000 3
4100 4050 3
4150 4100 3
4200 4150 3
4250 4200 3
4300 4250 3
4350 4300 3
4400 4350 3
4450 4400 3
4500 4450 3
4550 4500 3
4600 4550 3
2151 2101 3
2152 2151 3
2153 2152 3
2154 2153 3
2155 2154 3
2156 2155 3
2157 2156 3
2158 2157 3
2159 2158 3
2160 2159 3
2161 2160 3
2162 2161 3
2163 2162 3
2164 2163 3
2165 2164 3
2166 2165 3
2167 2166 3
2168 2167 3
2169 2168 3
2170 2169 3
2171 2170 3
2172 2171 3
2173 2172 3
2174 2173 3
2175 2174 3
2176 2175 3
2177 2176 3
2178 2177 3
2179 2178 3
2180 2179 3
4650 4600 3
2230 2180 3
4699 4700 3
4700 4650 3
2280 2230 3
4749 4699 3
2330 2280 3
4799 4749 3
2380 2330 3
4849 4799 3
2430 2380 3
4899 4849 3
2480 2430 3
2480 4980 3
4943 4944 3
4944 4945 3
4945 4946 3
4946 4947 3
4947 4948 3
4948 4949 3
4949 4899 3
4980 4981 3
4981 4982 3
4982 4983 3
4983 4984 3
4984 4985 3
4985 4986 3
4986 4987 3
4987 4988 3
4988 4989 3
4989 4990 3
4990 4991 3
4991 4992 3
4992 4993 3
4993 4943 3
  4   3 4
 54   4 4
 55  54 4
 64  14 4
2555  55 4
2556 2555 4
2557 2556 4
2558 2557 4
2559 2558 4
2560 2559 4
2561 2560 4
2562 2561 4
2563 2562 4
2564  64 4
2564 2563 4
2565 2564 4
2615 2565 4
2665 2615 4
2715 2665 4
2765 2715 4
2815 2765 4
2865 2815 4
2915 2865 4
2965 2915 4
3015 2965 4
3065 3015 4
3066 3065 4
3067 3066 4
3117 3067 4
3167 3117 4
3217 3167 4
3267 3217 4
3317 3267 4
3367 3317 4
3417 3367 4
3467 3417 4
3468 3467 4
3469 3468 4
3470 3469 4
3520 3470 4
3570 3520 4
3620 3570 4
3670 3620 4
3720 3670 4
3770 3720 4
3820 3770 4
3870 3820 4
3920 3870 4
3970 3920 4
4020 3970 4
4070 4020 4
4120 4070 4
4170 4120 4
4220 4170 4
4270 4220 4
4320 4270 4
4370 4320 4
4420 4370 4
4470 4420 4
2050 2100 4
4520 4470 4
4521 4520 4
4522 4521 4
4523 4522 4
4524 4523 4
4525 4524 4
4526 4525 4
4527 4526 4
2100 2150 4
4577 4527 4
2150 2200 4
4627 4577 4
2200 2250 4
4677 4627 4
2250 2300 4
4727 4677 4
2300 2350 4
4777 4727 4
2350 2400 4
4827 4777 4
2400 2450 4
4877 4827 4
4877 4927 4
4878 4877 4
4879 4878 4
4880 4879 4
4881 4880 4
4882 4881 4
2433 4933 4
2434 2433 4
2435 2434 4
2436 2435 4
2437 2436 4
2438 2437 4
2439 2438 4
2440 2439 4
2441 2440 4
2442 2441 4
2443 2442 4
2444 2443 4
2445 2444 4
2446 2445 4
2447 2446 4
2448 2447 4
2449 2448 4
2450 2449 4
2457 2456 4
2458 2457 4
2459 2458 4
2460 2459 4
2461 2460 4
2462 2461 4
2463 2462 4
2464 2463 4
2465 2464 4
2466 2465 4
2467 2466 4
2468 2467 4
2469 2468 4
2470 2469 4
2471 2470 4
2472 2471 4
2473 2472 4
2474 2473 4
4926 4976 4
4927 4926 4
4932 4882 4
4933 4932 4
4974 2474 4
4975 4974 4
4976 4975 4
2501   1 5
2551 2501 5
2601 2551 5
2651 151 5
2651 2601 5
2701 2651 5
2751 2701 5
2801 2751 5
2802 2801 5
2852 2802 5
2902 2852 5
2952 2902 5
3002 2952 5
3052 3002 5
3102 3052 5
3152 3102 5
3202 3152 5
3252 3202 5
3302 3252 5
3352 3302 5
3402 3352 5
3452 3402 5
3502 3452 5
3552 3502 5
3602 3552 5
3652 3602 5
3702 3652 5
3752 3702 5
3802 3752 5
3852 3802 5
3902 3852 5
3952 3902 5
4002 3952 5
4052 4002 5
4102 4052 5
4151 1651 5
4152 4102 5
4152 4151 5
4202 4152 5
4203 4202 5
4253 4203 5
4303 4253 5
4353 4303 5
4403 4353 5
4453 4403 5
4454 4453 5
4504 4454 5
4554 4504 5
4604 4554 5
4654 4604 5
2254 4754 5
4704 4654 5
2304 2254 5
4754 4704 5
2354 2304 5
2404 2354 5
2454 2404 5
 76  26 6
126  76 6
176 126 6
226 176 6
250 200 6
276 226 6
300 250 6
326 276 6
2798 2799 6
2799 2800 6
2800 300 6
2826 326 6
2848 2798 6
2876 2826 6
2891 2892 6
2892 2893 6
2893 2894 6
2894 2895 6
2895 2896 6
2896 2897 6
2897 2898 6
2898 2848 6
2926 2876 6
479 480 6
480 481 6
481 482 6
482 483 6
483 484 6
484 485 6
485 2985 6
2937 2938 6
2938 2939 6
2939 2940 6
2940 2941 6
2941 2891 6
2976 2926 6
2979 479 6
2985 2986 6
2986 2987 6
2987 2937 6
3026 2976 6
3026 3027 6
3027 3028 6
3028 3029 6
3029 2979 6
3076 3026 6
3126 3076 6
851 3351 6
3325 3326 6
3326 3327 6
3327 3377 6
901 851 6
3351 5851 6
3377 3427 6
3427 3477 6
3477 3527 6
3527 3577 6
3577 3627 6
3627 3677 6
3677 3727 6
3727 3777 6
3777 3827 6
3827 3828 6
3828 3878 6
3878 3928 6
3928 3978 6
3978 4028 6
4028 4078 6
4078 4128 6
4128 4178 6
4178 4228 6
4228 4278 6
4278 4328 6
4328 4378 6
4378 4428 6
4428 4478 6
4478 4528 6
4528 4578 6
4578 4628 6
4628 4678 6
4678 4728 6
2278 2328 6
4728 4778 6
2327 2377 6
2328 2327 6
4778 2278 6
2377 2427 6
2426 2476 6
2427 2426 6
5626 3126 6
5675 5676 6
5676 5626 6
5725 5675 6
5775 5725 6
5821 5822 6
5822 5823 6
5823 5824 6
5824 5825 6
5825 3325 6
5825 5775 6
5851 5852 6
5852 5853 6
5853 5854 6
5854 5855 6
5855 5856 6
5856 5857 6
5857 5858 6
5858 5859 6
5859 5860 6
5860 5861 6
5861 5862 6
5862 5863 6
5863 5864 6
5864 5865 6
5865 5866 6
5866 5867 6
5867 5868 6
5868 5869 6
5869 5870 6
5870 5871 6
5871 5821 6
 70  20 7
2570  70 7
2620 2570 7
2670 2620 7
2720 2670 7
2770 2720 7
2820 2770 7
2870 2820 7
2920 2870 7
2970 2920 7
3020 2970 7
3070 3020 7
3120 3070 7
3170 3120 7
3220 3170 7
3270 3220 7
3320 3270 7
3370 3320 7
3420 3370 7
2332 4832 7
4828 7328 7
4829 4828 7
4830 4829 7
4831 4830 7
2382 2332 7
4832 4831 7
2405 2455 7
2432 2382 7
4905 2405 7
2482 2432 7
2483 2482 7
2484 2483 7
2485 2484 7
2486 2485 7
2487 2486 7
5920 3420 7
5970 5920 7
6020 5970 7
6070 6020 7
6120 6070 7
6170 6120 7
6220 6170 7
6270 6220 7
6320 6270 7
6370 6320 7
6420 6370 7
6470 6420 7
6520 6470 7
6570 6520 7
6620 6570 7
6670 6620 7
6720 6670 7
6770 6720 7
6820 6770 7
6870 6820 7
6920 6870 7
6970 6920 7
7020 6970 7
7070 7020 7
7120 7070 7
7170 7120 7
7220 7170 7
7270 7220 7
7305 7355 7
7306 7305 7
7307 7306 7
7308 7307 7
7309 7308 7
7310 7309 7
7311 7310 7
7312 7311 7
7313 7312 7
7314 7313 7
7315 7314 7
7316 7315 7
7317 7316 7
7318 7317 7
7319 7318 7
7320 7270 7
7320 7319 7
7321 7320 7
7322 7321 7
7323 7322 7
7324 7323 7
7325 7324 7
7326 7325 7
7327 7326 7
7328 7327 7
7355 7405 7
7405 4905 7
 77  27 8
2577  77 8
4726 7226 8
2301 2302 8
2302 2303 8
2303 2353 8
2303 4803 8
4776 4726 8
2353 2403 8
4803 4804 8
4804 4805 8
4805 4806 8
4806 4807 8
4807 4808 8
4808 4809 8
4809 4810 8
4810 4811 8
4811 4812 8
4812 4813 8
4813 4814 8
4814 4815 8
4815 4816 8
4816 4817 8
4817 4818 8
4818 4819 8
4819 4820 8
4820 4821 8
4821 4822 8
4822 4823 8
4823 4824 8
4824 4825 8
4825 4826 8
4826 4776 8
2403 2453 8
5077 2577 8
5127 5077 8
5177 5127 8
5227 5177 8
5277 5227 8
5327 5277 8
5377 5327 8
5427 5377 8
5477 5427 8
5527 5477 8
5577 5527 8
5627 5577 8
5677 5627 8
5727 5677 8
5777 5727 8
5827 5777 8
5877 5827 8
5927 5877 8
5977 5927 8
6027 5977 8
6077 6027 8
6127 6077 8
6177 6127 8
6227 6177 8
6277 6227 8
6327 6277 8
6377 6327 8
6427 6377 8
6477 6427 8
6527 6477 8
6576 6577 8
6577 6527 8
6626 6576 8
6676 6626 8
6726 6676 8
6776 6726 8
6826 6776 8
6876 6826 8
6926 6876 8
6976 6926 8
7026 6976 8
7076 7026 8
7126 7076 8
7176 7126 8
7226 7176 8
600 650 9
602 601 9
650 3150 9
652 602 9
653 652 9
3150 3200 9
3153 653 9
3153 3203 9
3154 3153 9
3173 5673 9
3174 3173 9
3175 3174 9
3176 3175 9
3177 3176 9
3178 3177 9
3179 3178 9
3180 3179 9
3181 3180 9
3182 3181 9
3183 3182 9
3184 3183 9
3185 3184 9
3186 3185 9
3187 3186 9
3188 3187 9
3189 3188 9
3190 3189 9
3191 3190 9
3192 3191 9
3193 3192 9
3194 3193 9
3195 3194 9
3196 3195 9
3197 3196 9
3198 3197 9
3199 3198 9
3200 3199 9
3203 3253 9
803 853 9
3253 3303 9
853 903 9
3303 803 9
903 953 9
953 1003 9
1003 1053 9
1052 1102 9
1053 1052 9
1102 1152 9
1152 1202 9
1202 1252 9
1252 1302 9
1302 1352 9
1352 1402 9
1402 1452 9
1452 1502 9
1502 1552 9
1552 1602 9
1602 1652 9
1652 1702 9
1701 1751 9
1702 1701 9
5654 3154 9
5655 5654 9
5656 5655 9
5657 5656 9
5658 5657 9
5659 5658 9
5660 5659 9
5661 5660 9
5662 5661 9
5663 5662 9
5664 5663 9
5665 5664 9
5666 5665 9
5667 5666 9
5668 5667 9
5669 5668 9
5670 5669 9
5671 5670 9
5672 5671 9
5673 5672 9
 52  51 10
2552  52 10
2602 2552 10
3301 801 10
3310 5810 10
3311 3310 10
3361 3311 10
3362 3361 10
3363 3362 10
3413 3363 10
3414 3413 10
3415 3414 10
3465 3415 10
3515 3465 10
3565 3515 10
3566 3565 10
3616 3566 10
3666 3616 10
3716 3666 10
3766 3716 10
3816 3766 10
3817 3816 10
3867 3817 10
3917 3867 10
3918 3917 10
3968 3918 10
4018 3968 10
4019 4018 10
4069 4019 10
4119 4069 10
4169 4119 10
4219 4169 10
4269 4219 10
4319 4269 10
4369 4319 10
4419 4369 10
4469 4419 10
4519 4469 10
4569 4519 10
4570 4569 10
4571 4570 10
4572 4571 10
4573 4572 10
4574 4573 10
4575 4574 10
4625 4575 10
2225 4725 10
4675 4625 10
2226 2225 10
2227 2226 10
2228 2227 10
2229 2228 10
4725 4675 10
2279 2229 10
2329 2279 10
2379 2329 10
2428 2429 10
2429 2379 10
2478 2428 10
5102 2602 10
5152 5102 10
5202 5152 10
5252 5202 10
5302 5252 10
5352 5302 10
5402 5352 10
5452 5402 10
5502 5452 10
5552 5502 10
5602 5552 10
5652 5602 10
5702 5652 10
5752 5702 10
5801 3301 10
5802 5752 10
5802 5801 10
5803 5802 10
5804 5803 10
5805 5804 10
5806 5805 10
5807 5806 10
5808 5807 10
5809 5808 10
5810 5809 10
