# Cost: 1740

# Tail Head Net
4681 4591 1
4771 4681 1
4861 4771 1
4951 4861 1
5041 4951 1
5131 5041 1
5221 5131 1
5311 5221 1
5311 5312 1
5312 5313 1
5313 5314 1
5314 5315 1
5315 5316 1
5316 5317 1
5317 5318 1
5318 5319 1
5319 5320 1
5320 5321 1
5321 5322 1
5322 5323 1
5323 5324 1
5324 5325 1
5325 5326 1
5326 5327 1
5327 5328 1
5328 5329 1
5329 5330 1
5330 5331 1
5331 5332 1
5332 5333 1
5333 5334 1
5334 5335 1
5335 5336 1
5336 5337 1
5337 5338 1
5338 5339 1
5339 5340 1
5340 5341 1
5341 5342 1
5342 5343 1
5343 5344 1
5344 5345 1
5345 5346 1
5346 5347 1
5347 5348 1
5348 5349 1
5349 5350 1
5350 5351 1
5351 5352 1
5352 5353 1
5353 5354 1
5354 5355 1
5355 5356 1
5356 5357 1
5357 5358 1
5358 5359 1
5359 5360 1
5360 5361 1
5361 5362 1
5362 5363 1
5363 5364 1
5364 5365 1
5365 5366 1
5366 5367 1
5367 5368 1
5368 5369 1
5369 5370 1
5370 5371 1
5371 5372 1
5372 5373 1
5373 5374 1
5374 5375 1
5375 5376 1
5376 5377 1
5377 5378 1
5378 5379 1
5379 5380 1
5380 5381 1
5381 5382 1
5382 5383 1
5383 5384 1
5384 5385 1
5385 5386 1
5386 5387 1
5387 5388 1
5388 5389 1
5389 5390 1
5390 5391 1
5391 5392 1
5392 5393 1
5393 5394 1
5394 5395 1
5395 5396 1
5396 5397 1
5397 5398 1
5398 5399 1
5399 5400 1
5401 5311 1
5491 5401 1
5581 5491 1
5671 5581 1
5761 5671 1
5851 5761 1
5941 5851 1
6031 5941 1
6121 6031 1
6211 6121 1
6301 6211 1
6391 6301 1
6481 6391 1
6571 6481 1
6661 6571 1
6751 6661 1
6841 6751 1
6931 6841 1
7021 6931 1
7111 7021 1
7201 7111 1
7291 7201 1
7381 7291 1
7471 7381 1
7561 7471 1
7651 7561 1
7651 7741 1
3328 3329 2
3329 3330 2
11428 3328 2
6388 14488 2
6478 6388 2
14488 22588 2
6568 6478 2
6658 6568 2
6748 6658 2
6838 6748 2
6928 6838 2
7018 6928 2
7108 7018 2
7198 7108 2
7288 7198 2
7378 7288 2
7468 7378 2
7558 7468 2
7622 7623 2
7623 7624 2
7624 7625 2
7625 7626 2
7626 7627 2
7627 7628 2
7628 7629 2
7629 7630 2
7630 7631 2
7631 7632 2
7632 7633 2
7633 7634 2
7634 7635 2
7635 7636 2
7636 7637 2
7637 7638 2
7638 7639 2
7639 7640 2
7640 7641 2
7641 7642 2
7642 7643 2
7643 7644 2
7644 7645 2
7645 7646 2
7646 7647 2
7647 7648 2
7648 7558 2
7648 7738 2
7708 7709 2
7709 7710 2
7710 7711 2
7711 7712 2
7712 7622 2
7738 7739 2
7739 7740 2
7798 7708 2
7888 7798 2
7978 7888 2
8032 8033 2
8033 8034 2
8034 8035 2
8035 8036 2
8036 8037 2
8037 8038 2
8038 8039 2
8039 8040 2
8040 8041 2
8041 8042 2
8042 8043 2
8043 8044 2
8044 8045 2
8045 8046 2
8046 8047 2
8047 8048 2
8048 8049 2
8049 8050 2
8050 8051 2
8051 8052 2
8052 8053 2
8053 8054 2
8054 8055 2
8055 8056 2
8056 8057 2
8057 8058 2
8058 8059 2
8059 8060 2
8060 8061 2
8061 8062 2
8062 8063 2
8063 8064 2
8064 8065 2
8065 8066 2
8066 8067 2
8067 8068 2
8068 7978 2
19528 11428 2
19618 19528 2
19708 19618 2
19798 19708 2
19888 19798 2
19978 19888 2
20068 19978 2
20158 20068 2
20248 20158 2
20338 20248 2
20428 20338 2
20518 20428 2
20608 20518 2
20698 20608 2
20788 20698 2
20878 20788 2
20968 20878 2
21058 20968 2
21148 21058 2
21238 21148 2
21328 21238 2
21418 21328 2
21508 21418 2
21598 21508 2
21688 21598 2
21778 21688 2
21868 21778 2
21958 21868 2
22048 21958 2
22138 22048 2
22228 22138 2
22318 22228 2
22408 22318 2
22498 22408 2
22588 22498 2
 15  14 3
8115  15 3
8116 8115 3
8117 8116 3
8118 8117 3
8119 8118 3
8120 8119 3
8121 8120 3
8122  22 3
8122 8121 3
8123 8122 3
8124 8123 3
8125 8124 3
8126 8125 3
8127 8126 3
8128 8127 3
8129 8128 3
8130 8129 3
8131 8130 3
8132 8131 3
8133 8132 3
8134 8133 3
8135 8134 3
8136 8135 3
8137 8136 3
8138 8137 3
8139 8138 3
8140 8139 3
8141 8140 3
8142 8141 3
8143 8142 3
8144 8143 3
8145 8144 3
8146 8145 3
8147 8146 3
8148 8147 3
8149 8148 3
8150 8149 3
8151 8150 3
8152 8151 3
8153 8152 3
8154 8153 3
8155 8154 3
8156 8155 3
8157 8156 3
8158 8157 3
8159 8158 3
8160 8159 3
8161 8160 3
8162 8161 3
8163 8162 3
8164 8163 3
8165 8164 3
8166 8165 3
8167 8166 3
8168 8167 3
8169 8168 3
8170 8169 3
8171 8170 3
8172 8171 3
8173 8172 3
8174 8173 3
8175 8174 3
8176 8175 3
8177 8176 3
8178 8177 3
8179 8178 3
8180 8179 3
8181 8180 3
8182 8181 3
8183 8182 3
8184 8183 3
8185 8184 3
8186 8185 3
8187 8186 3
8188 8187 3
8189 8188 3
8190 8189 3
8280 8190 3
8370 8280 3
8460 8370 3
8550 8460 3
8640 8550 3
8730 8640 3
8820 8730 3
8910 8820 3
9000 8910 3
9090 9000 3
9180 9090 3
9270 9180 3
9360 9270 3
9450 9360 3
9540 9450 3
9630 9540 3
9720 9630 3
9810 9720 3
9900 9810 3
9990 9900 3
10080 9990 3
10170 10080 3
10260 10170 3
10350 10260 3
10440 10350 3
10530 10440 3
10620 10530 3
10710 10620 3
10800 10710 3
10890 10800 3
10980 10890 3
11070 10980 3
11160 11070 3
11250 11160 3
11340 11250 3
11430 11340 3
11520 3420 3
11520 11430 3
11610 11520 3
11700 11610 3
11790 11700 3
11880 11790 3
11970 11880 3
12060 11970 3
12150 12060 3
12240 12150 3
12330 12240 3
12420 12330 3
12510 12420 3
12600 12510 3
12690 12600 3
12780 12690 3
12870 12780 3
12960 12870 3
13050 12960 3
13140 13050 3
13230 13140 3
13320 13230 3
13410 13320 3
13500 13410 3
13590 13500 3
13680 13590 3
13770 13680 3
13860 13770 3
13950 13860 3
14040 13950 3
6120 14220 3
14130 14040 3
6210 6120 3
14220 14130 3
6300 6210 3
6390 6300 3
6480 6390 3
6570 6480 3
6660 6570 3
6750 6660 3
6840 6750 3
6930 6840 3
7020 6930 3
7110 7020 3
7200 7110 3
810 720 4
900 810 4
990 900 4
990 1080 4
1079 9179 4
1080 1079 4
9178 9268 4
9179 9178 4
9266 9356 4
9267 9266 4
9268 9267 4
9356 9446 4
9445 9535 4
9446 9445 4
9535 9625 4
9624 9714 4
9625 9624 4
9713 9803 4
9714 9713 4
9803 9893 4
9892 9982 4
9893 9892 4
9981 10071 4
9982 9981 4
10071 10161 4
10160 10250 4
10161 10160 4
10250 10340 4
10338 10428 4
10339 10338 4
10340 10339 4
10427 10517 4
10428 10427 4
10517 10607 4
10606 10696 4
10607 10606 4
10696 10786 4
10786 10876 4
10876 10966 4
10965 11055 4
10966 10965 4
11054 11144 4
11055 11054 4
11144 11234 4
11234 11324 4
11323 11413 4
11324 11323 4
11413 11503 4
11503 11593 4
11593 11683 4
11682 11772 4
11683 11682 4
11771 11861 4
11772 11771 4
11861 11951 4
11951 12041 4
12040 12130 4
12041 12040 4
12129 12219 4
12130 12129 4
12219 12309 4
12309 12399 4
12398 12488 4
12399 12398 4
12488 12578 4
12578 12668 4
12667 12757 4
12668 12667 4
12756 12846 4
12757 12756 4
12846 12936 4
12936 13026 4
13024 13114 4
13025 13024 4
13026 13025 4
13114 13204 4
13204 13294 4
13294 13384 4
13383 13473 4
13384 13383 4
13472 13562 4
13473 13472 4
13562 13652 4
13650 13740 4
13651 13650 4
13652 13651 4
13740 13830 4
13830 13920 4
13919 14009 4
13920 13919 4
14008 14098 4
14009 14008 4
14097 14187 4
14098 14097 4
14186 14276 4
14187 14186 4
14275 14365 4
14276 14275 4
14364 14454 4
14365 14364 4
14453 14543 4
14454 14453 4
14542 14632 4
14543 14542 4
14631 14721 4
14632 14631 4
14720 14810 4
14721 14720 4
14809 14899 4
14810 14809 4
14897 14987 4
14898 14897 4
14899 14898 4
14987 15077 4
15075 15165 4
15076 15075 4
15077 15076 4
15163 15253 4
15164 15163 4
15165 15164 4
15240 15330 4
15241 15240 4
15242 15241 4
15243 15242 4
15244 15243 4
15245 15244 4
15246 15245 4
15247 15246 4
15248 15247 4
15249 15248 4
15250 15249 4
15251 15250 4
15252 15251 4
15253 15252 4
15328 15418 4
15329 15328 4
15330 15329 4
15415 15505 4
15416 15415 4
15417 15416 4
15418 15417 4
15503 15593 4
15504 15503 4
15505 15504 4
15592 15682 4
15593 15592 4
15682 15772 4
15768 15858 4
15769 15768 4
15770 15769 4
15771 15770 4
15772 15771 4
15856 15946 4
15857 15856 4
15858 15857 4
15945 16035 4
15946 15945 4
16035 16125 4
16124 8024 4
16125 16124 4
 30  29 5
 31  30 5
 32  31 5
 33  32 5
 34  33 5
 35  34 5
 36  35 5
 37  36 5
 38  37 5
 39  38 5
 40  39 5
 41  40 5
 42  41 5
 43  42 5
 44  43 5
 45  44 5
 46  45 5
 47  46 5
 48  47 5
 49  48 5
 50  49 5
 51  50 5
 52  51 5
 53  52 5
 54  53 5
 55  54 5
 56  55 5
 57  56 5
 58  57 5
 59  58 5
 60  59 5
 61  60 5
 62  61 5
 63  62 5
 64  63 5
 65  64 5
 66  65 5
 67  66 5
 68  67 5
 69  68 5
159  69 5
249 159 5
339 249 5
429 339 5
519 429 5
609 519 5
699 609 5
789 699 5
879 789 5
969 879 5
1059 969 5
1149 1059 5
1239 1149 5
1329 1239 5
1419 1329 5
1509 1419 5
1599 1509 5
1689 1599 5
1779 1689 5
1869 1779 5
1959 1869 5
2049 1959 5
2139 2049 5
2229 2139 5
2319 2229 5
2409 2319 5
2499 2409 5
2589 2499 5
2679 2589 5
2769 2679 5
2859 2769 5
2949 2859 5
3039 2949 5
3129 3039 5
3219 3129 5
3309 3219 5
3399 3309 5
3489 3399 5
3579 3489 5
3669 3579 5
3669 3670 5
3670 3671 5
3671 3672 5
3672 3673 5
3673 3674 5
3674 3675 5
3675 3676 5
3676 3677 5
3677 3678 5
3678 3679 5
3679 3680 5
3680 3681 5
3681 3682 5
3682 3683 5
3683 3684 5
3684 3685 5
3685 3686 5
3686 3687 5
3687 3688 5
3688 3689 5
3689 3690 5
3759 3669 5
3849 3759 5
3939 3849 5
4029 3939 5
4119 4029 5
4209 4119 5
4299 4209 5
4389 4299 5
12489 4389 5
12579 12489 5
12669 12579 5
12759 12669 5
12849 12759 5
12939 12849 5
13029 12939 5
13119 13029 5
13209 13119 5
13299 13209 5
13389 13299 5
13479 13389 5
13569 13479 5
13659 13569 5
13749 13659 5
13839 13749 5
13929 13839 5
14019 13929 5
14109 14019 5
14199 14109 5
14289 14199 5
14379 14289 5
14469 14379 5
14559 14469 5
14649 14559 5
14739 14649 5
14829 14739 5
14919 14829 5
15009 14919 5
15099 15009 5
15189 15099 5
15279 15189 5
15369 15279 5
15459 15369 5
15549 15459 5
15639 15549 5
7719 15819 5
15729 15639 5
7809 7719 5
15819 15729 5
7899 7809 5
7989 7899 5
8079 7989 5
166  76 6
256 166 6
346 256 6
436 346 6
526 436 6
526 616 6
527 526 6
528 527 6
529 528 6
530 529 6
531 530 6
532 531 6
533 532 6
534 533 6
535 534 6
536 535 6
537 536 6
538 537 6
539 538 6
540 539 6
616 706 6
706 796 6
796 886 6
886 976 6
976 1066 6
1066 1156 6
1156 1246 6
1246 1336 6
1336 1426 6
1426 1516 6
1516 1606 6
1606 1696 6
1696 1786 6
1786 1876 6
1876 1966 6
1966 2056 6
2056 2146 6
2146 2236 6
2236 2326 6
2326 2416 6
2416 2506 6
2506 2596 6
2596 2686 6
2680 10780 6
2681 2680 6
2682 2681 6
2683 2682 6
2684 2683 6
2685 2684 6
2686 2685 6
10711 2611 6
10712 10711 6
10713 10712 6
10714 10713 6
10715 10714 6
10716 10715 6
10717 10716 6
10718 10717 6
10719 10718 6
10720 10719 6
10721 10720 6
10722 10721 6
10723 10722 6
10724 10723 6
10725 10724 6
10726 10725 6
10727 10726 6
10728 10727 6
10729 10728 6
10730 10729 6
10731 10730 6
10732 10731 6
10733 10732 6
10734 10733 6
10735 10734 6
10736 10735 6
10737 10736 6
10738 10737 6
10739 10738 6
10740 10739 6
10741 10740 6
10742 10741 6
10743 10742 6
10744 10743 6
10745 10744 6
10746 10745 6
10747 10746 6
10748 10747 6
10749 10748 6
10750 10749 6
10751 10750 6
10752 10751 6
10753 10752 6
10754 10753 6
10755 10754 6
10756 10755 6
10757 10756 6
10758 10757 6
10759 10758 6
10760 10759 6
10761 10760 6
10762 10761 6
10763 10762 6
10764 10763 6
10765 10764 6
10766 10765 6
10767 10766 6
10768 10767 6
10769 10768 6
10770 10769 6
10771 10770 6
10772 10771 6
10773 10772 6
10774 10773 6
10775 10774 6
10776 10775 6
10777 10776 6
10778 10777 6
10779 10778 6
10780 10779 6
179  89 7
269 179 7
359 269 7
449 359 7
8549 449 7
8639 8549 7
8729 8639 7
8819 8729 7
8909 8819 7
8999 8909 7
9089 8999 7
9359 17459 7
9449 9359 7
9539 9449 7
9629 9539 7
9719 9629 7
9809 9719 7
9899 9809 7
9989 9899 7
10079 9989 7
10169 10079 7
10259 10169 7
10349 10259 7
10439 10349 7
10529 10439 7
10619 10529 7
10709 10619 7
10799 10709 7
10889 10799 7
10979 10889 7
11069 10979 7
11159 11069 7
11249 11159 7
11339 11249 7
11429 11339 7
11519 11429 7
11609 11519 7
11699 11609 7
11789 11699 7
11879 11789 7
11969 11879 7
12059 11969 7
12149 12059 7
12239 12149 7
12329 12239 7
12419 12329 7
12509 12419 7
12599 12509 7
12689 12599 7
12779 12689 7
12869 12779 7
12959 12869 7
13049 12959 7
13139 13049 7
13229 13139 7
5309 13409 7
13319 13229 7
5310 5309 7
13409 13319 7
13409 13499 7
13499 13589 7
13589 13679 7
13679 13769 7
13769 13859 7
13859 13949 7
13949 14039 7
14039 14129 7
14129 14219 7
14219 14309 7
14309 14310 7
14310 14400 7
14400 14490 7
14490 14580 7
14580 14670 7
14670 14760 7
14760 14850 7
14850 14940 7
14940 15030 7
15030 15120 7
15120 15210 7
15210 15300 7
15300 15390 7
15390 15480 7
15480 15570 7
15570 15660 7
15660 15750 7
15750 15840 7
15840 15930 7
7920 8010 7
15930 16020 7
8010 8100 7
16020 7920 7
17189 9089 7
17279 17189 7
17369 17279 7
17459 17369 7
 17 107 8
107 197 8
197 287 8
287 377 8
377 467 8
452 451 8
453 452 8
454 453 8
455 454 8
456 455 8
457 456 8
458 457 8
459 458 8
460 459 8
461 460 8
462 461 8
463 462 8
464 463 8
465 464 8
466 465 8
467 466 8
467 557 8
557 647 8
647 737 8
737 827 8
827 917 8
917 1007 8
1007 1097 8
1097 1187 8
1187 1277 8
1277 1367 8
1367 1457 8
1457 1547 8
1547 1637 8
1637 1727 8
1727 1817 8
1817 1907 8
1907 1997 8
1997 2087 8
2087 2177 8
2177 2267 8
2267 2357 8
2357 2447 8
2447 2537 8
2537 2627 8
2627 2717 8
2717 10817 8
10817 10818 8
10818 10819 8
10819 10820 8
10820 10821 8
10821 10822 8
10822 10823 8
10823 10824 8
10824 10825 8
10825 10826 8
10826 10827 8
10827 10828 8
10828 10829 8
10829 10830 8
10830 10831 8
10831 10832 8
10832 10833 8
10833 10834 8
10834 10835 8
10835 10836 8
10836 10837 8
10837 10838 8
10838 10839 8
10839 10840 8
10840 10841 8
10841 10842 8
10842 10843 8
10843 10844 8
10844 10845 8
10845 10846 8
10846 10847 8
10847 10848 8
10848 10849 8
10849 10850 8
10850 10851 8
10851 10852 8
10852 10853 8
10853 10854 8
10854 10855 8
10855 10856 8
10856 10857 8
10857 10858 8
10858 10859 8
10859 10949 8
10949 11039 8
11039 11129 8
11129 11219 8
11219 11309 8
11309 11399 8
11399 11489 8
11489 11579 8
11579 11669 8
11669 11759 8
11759 11849 8
11849 11939 8
11939 12029 8
12029 12119 8
12119 12209 8
12209 12299 8
12299 12389 8
12389 12479 8
12479 12569 8
12569 12659 8
12659 12749 8
12749 12839 8
12839 12929 8
12929 13019 8
13019 13109 8
13109 13199 8
13199 13289 8
13289 13379 8
13379 13380 8
13380 13381 8
13381 13471 8
5461 5462 8
13471 13561 8
5462 5463 8
5463 5464 8
5464 5465 8
5465 5466 8
5466 5467 8
5467 5468 8
5468 5469 8
5469 5470 8
5470 5471 8
5471 5561 8
13561 5461 8
5561 5651 8
5651 5741 8
5741 5831 8
5831 5832 8
5832 5833 8
5833 5834 8
5834 5835 8
5835 5836 8
5836 5837 8
5837 5838 8
5838 5839 8
5839 5840 8
5840 5841 8
5841 5842 8
5842 5843 8
5843 5844 8
5844 5845 8
5845 5846 8
5846 5847 8
5847 5848 8
5848 5849 8
5849 5850 8
1800 1890 9
1890 1980 9
1980 2070 9
2070 2160 9
2149 10249 9
2150 2149 9
2151 2150 9
2152 2151 9
2153 2152 9
2154 2153 9
2155 2154 9
2156 2155 9
2157 2156 9
2158 2157 9
2159 2158 9
2160 2159 9
10247 10337 9
10248 10247 9
10249 10248 9
10334 10424 9
10335 10334 9
10336 10335 9
10337 10336 9
10417 10507 9
10418 10417 9
10419 10418 9
10420 10419 9
10421 10420 9
10422 10421 9
10423 10422 9
10424 10423 9
2449 2539 9
2450 2449 9
2451 2450 9
2452 2451 9
2453 2452 9
2454 2453 9
2455 2454 9
2456 2455 9
2457 2456 9
2458 2457 9
2459 2458 9
2460 2459 9
2461 2460 9
2462 2461 9
2463 2462 9
2464 2463 9
2465 2464 9
2466 2465 9
2467 2466 9
2468 2467 9
2469 2468 9
2470 2469 9
2471 2470 9
2472 2471 9
2473 2472 9
2474 2473 9
2475 2474 9
2476 2475 9
2477 2476 9
2478 2477 9
2479 2478 9
2480 2479 9
2481 2480 9
2482 2481 9
2483 2482 9
2484 2483 9
2485 2484 9
2486 2485 9
2487 2486 9
2488 2487 9
2489 2488 9
10499 10589 9
10500 10499 9
10501 10500 9
10502 10501 9
10503 10502 9
10504 10503 9
10505 10504 9
10506 10505 9
10507 10506 9
2539 2629 9
10589 2489 9
2629 2719 9
2719 2809 9
2793 2883 9
2794 2793 9
2795 2794 9
2796 2795 9
2797 2796 9
2798 2797 9
2799 2798 9
2800 2799 9
2801 2800 9
2802 2801 9
2803 2802 9
2804 2803 9
2805 2804 9
2806 2805 9
2807 2806 9
2808 2807 9
2809 2808 9
2882 2972 9
2883 2882 9
2972 3062 9
3062 3152 9
3152 3242 9
3242 3241 9
  9  99 10
 99 8199 10
 70  71 10
 71  72 10
160  70 10
 72  73 10
 73  74 10
8192 8282 10
8193 8192 10
8194 8193 10
8195 8194 10
8196 8195 10
8197 8196 10
8198 8197 10
8199 8198 10
8199 8200 10
8200 8201 10
8201 8202 10
8202 8203 10
8203 8204 10
8204 8205 10
8205 8206 10
8206 8207 10
8207 8208 10
8208 8209 10
8209 8210 10
8210 8211 10
8211 8212 10
8212 8213 10
8213 8214 10
8214 8215 10
8215 8216 10
8216 8217 10
8217 8218 10
8218 8219 10
8219 8220 10
8220 8221 10
8221 8222 10
8222 8223 10
8223 8224 10
8224 8225 10
8225 8226 10
8226 8227 10
8227 8228 10
8228 8229 10
8229 8230 10
8230 8231 10
8231 8232 10
8232 8233 10
8233 8234 10
8234 8235 10
8235 8236 10
8236 8237 10
8237 8238 10
8238 8239 10
8239 8240 10
8240 8241 10
8241 8242 10
8242 8243 10
8243 8244 10
8244 8245 10
8245 8246 10
8246 8247 10
8247 8248 10
8248 8249 10
8249 8250 10
8250 8251 10
8251 8252 10
8252 8253 10
8253 8254 10
8254 8255 10
8255 8256 10
8256 8257 10
8257 8258 10
8258 8259 10
8259 8260 10
8260 160 10
8282 8372 10
8372 8462 10
8462 8552 10
8552 8642 10
8642 8732 10
8732 8822 10
8822 8912 10
8912 9002 10
9002 9092 10
9092 9182 10
9182 9272 10
9272 9362 10
9362 9452 10
9452 9542 10
9542 9632 10
9632 9722 10
9722 9812 10
9812 9902 10
9902 9992 10
9992 10082 10
10082 10172 10
10172 10262 10
10262 10352 10
10352 10442 10
10442 10532 10
2522 2612 10
10532 10622 10
2612 2702 10
10622 2522 10
2702 2792 10
2791 2881 10
2792 2791 10
2881 2971 10
2971 3061 10
8070 8069 11
8071 8070 11
8072 8071 11
8073 8072 11
8074 8073 11
8075 8074 11
8076 8075 11
8077 8076 11
8081 16181 11
8082 8081 11
8083 8082 11
8084 8083 11
8085 8084 11
8086 8085 11
8087 8086 11
8088 8087 11
8089 8088 11
8090 8089 11
8091 8090 11
8092 8091 11
16177 8077 11
16178 16177 11
16179 16178 11
16180 16179 11
16181 16180 11
4051 4141 12
4141 4231 12
4231 4321 12
4321 4411 12
4411 4501 12
4501 4502 12
4502 4592 12
4592 4682 12
4682 4772 12
4772 4862 12
4862 4952 12
4952 5042 12
5042 5132 12
5132 5222 12
5222 5223 12
5223 5224 12
5224 5225 12
5225 5226 12
5226 5227 12
5227 5228 12
5228 5229 12
5229 5230 12
5230 5231 12
5231 5232 12
5232 5233 12
5233 5234 12
5234 5235 12
5235 5236 12
5236 5237 12
5237 5238 12
5238 5239 12
5239 5240 12
5240 5241 12
5241 5242 12
5242 5243 12
5243 5244 12
5244 5245 12
5245 5246 12
5246 5247 12
5247 5248 12
5248 5249 12
5249 5250 12
5250 5251 12
5251 5252 12
5252 5253 12
5253 5254 12
5254 5255 12
5255 5256 12
5256 5257 12
5257 5258 12
5258 5259 12
5259 5260 12
5260 5261 12
5261 5262 12
5262 5263 12
5263 5264 12
5264 5265 12
5265 5266 12
5266 5267 12
5267 5268 12
5268 5269 12
5269 5270 12
5270 5271 12
5271 5272 12
5272 5273 12
5273 5274 12
5274 5275 12
5275 5276 12
5276 5277 12
5277 5278 12
5278 5279 12
5279 5280 12
5280 5281 12
5281 5282 12
5282 5283 12
5283 5284 12
5284 5285 12
5285 13385 12
13385 13475 12
13475 13565 12
13565 13655 12
13655 13745 12
13745 13835 12
13835 13925 12
13925 14015 12
14015 14105 12
14105 14195 12
14195 14285 12
14285 14375 12
14375 14465 12
14465 14555 12
14555 14645 12
14645 14735 12
14735 14825 12
14825 14915 12
14915 15005 12
15005 15095 12
15095 15185 12
15185 15275 12
15275 15365 12
15365 15455 12
15455 15545 12
15545 15635 12
15635 15725 12
15725 15815 12
15815 15905 12
15905 15995 12
15995 16085 12
7990 8080 12
16085 16086 12
16086 16087 12
16087 16088 12
16088 16089 12
16089 16090 12
16090 7990 12
631 541 13
721 631 13
811 721 13
901 811 13
991 901 13
1081 991 13
1171 1081 13
1261 1171 13
1351 1261 13
1441 1351 13
1531 1441 13
1621 1531 13
3871 3781 14
3961 3871 14
3962 3961 14
4052 3962 14
4142 4052 14
4232 4142 14
4322 4232 14
4412 4322 14
4413 4412 14
4503 4413 14
4593 4503 14
4683 4593 14
4773 4683 14
4863 4773 14
4953 4863 14
5043 4953 14
5133 5043 14
5134 5133 14
5135 5134 14
5136 5135 14
5137 5136 14
5138 5137 14
5139 5138 14
5140 5139 14
5141 5140 14
5142 5141 14
5143 5142 14
5144 5143 14
5145 5144 14
5146 5145 14
5147 5146 14
5148 5147 14
5149 5148 14
5150 5149 14
5151 5150 14
5152 5151 14
5153 5152 14
5154 5153 14
5155 5154 14
5156 5155 14
5157 5156 14
5158 5157 14
5159 5158 14
5160 5159 14
5161 5160 14
5162 5161 14
5163 5162 14
5164 5163 14
5165 5164 14
5166 5165 14
5167 5166 14
5168 5167 14
5169 5168 14
5170 5169 14
5171 5170 14
5172 5171 14
5173 5172 14
5174 5173 14
5175 5174 14
5176 5175 14
5177 5176 14
5178 5177 14
5179 5178 14
5180 5179 14
5181 5180 14
5182 5181 14
5183 5182 14
5184 5183 14
5185 5184 14
5186 5185 14
5187 5186 14
5188 5187 14
5189 5188 14
5190 5189 14
5191 5190 14
5192 5191 14
5193 5192 14
5194 5193 14
5195 5194 14
13295 5195 14
13296 13295 14
13386 13296 14
13476 13386 14
13566 13476 14
13656 13566 14
13746 13656 14
13836 13746 14
13926 13836 14
14016 13926 14
14106 14016 14
14196 14106 14
14286 14196 14
14376 14286 14
14466 14376 14
14556 14466 14
14646 14556 14
14736 14646 14
14826 14736 14
14916 14826 14
15006 14916 14
15096 15006 14
15186 15096 14
15276 15186 14
15366 15276 14
15456 15366 14
15546 15456 14
15636 15546 14
15726 15636 14
15816 15726 14
15906 15816 14
7900 16000 14
7901 7900 14
7902 7901 14
7903 7902 14
7904 7903 14
7905 7904 14
7906 7905 14
7907 7906 14
7908 7907 14
7909 7908 14
7910 7909 14
7911 7910 14
7912 7911 14
7913 7912 14
7914 7913 14
7915 7914 14
7916 7915 14
7917 7916 14
7918 7917 14
15996 15906 14
15997 15996 14
15998 15997 14
15999 15998 14
16000 15999 14
8008 7918 14
8098 8008 14
3778 11878 15
3779 3778 15
3780 3779 15
11878 11968 15
11968 12058 15
12058 12148 15
12148 12238 15
12238 12328 15
12328 12418 15
12418 12508 15
12508 12598 15
12598 12688 15
12688 12778 15
12778 12868 15
12868 12958 15
12958 13048 15
13048 13138 15
13138 13228 15
13228 13318 15
13318 13408 15
13408 13498 15
13498 13588 15
13588 13678 15
13678 13768 15
13768 13858 15
13858 13948 15
13948 14038 15
14038 14128 15
14128 14218 15
14218 14308 15
14308 14398 15
14397 14487 15
14398 14397 15
14487 14577 15
14576 14666 15
14577 14576 15
14666 14756 15
14756 14846 15
14846 14936 15
14936 15026 15
15026 15116 15
15116 15206 15
15206 15296 15
15296 15386 15
15386 15476 15
15476 15566 15
7531 7621 15
7532 7531 15
7533 7532 15
7534 7533 15
7535 7534 15
7536 7535 15
7537 7536 15
7538 7537 15
7539 7538 15
7540 7539 15
15566 15656 15
7617 7707 15
7618 7617 15
7619 7618 15
7620 7619 15
7621 7620 15
15640 7540 15
15641 15640 15
15642 15641 15
15643 15642 15
15644 15643 15
15645 15644 15
15646 15645 15
15647 15646 15
15648 15647 15
15649 15648 15
15650 15649 15
15651 15650 15
15652 15651 15
15653 15652 15
15654 15653 15
15655 15654 15
15656 15655 15
7707 7797 15
7797 7887 15
7887 7977 15
7933 8023 15
7934 7933 15
7935 7934 15
7936 7935 15
7937 7936 15
7938 7937 15
7939 7938 15
7940 7939 15
7941 7940 15
7942 7941 15
7943 7942 15
7944 7943 15
7945 7944 15
7946 7945 15
7947 7946 15
7948 7947 15
7949 7948 15
7950 7949 15
7951 7950 15
7952 7951 15
7953 7952 15
7954 7953 15
7955 7954 15
7956 7955 15
7957 7956 15
7958 7957 15
7959 7958 15
7960 7959 15
7961 7960 15
7962 7961 15
7963 7962 15
7964 7963 15
7965 7964 15
7966 7965 15
7967 7966 15
7968 7967 15
7969 7968 15
7970 7969 15
7971 7970 15
7972 7971 15
7973 7972 15
7974 7973 15
7975 7974 15
7976 7975 15
7977 7976 15
8012 8011 15
8013 8012 15
8014 8013 15
8015 8014 15
8016 8015 15
8017 8016 15
8018 8017 15
8019 8018 15
8020 8019 15
8021 8020 15
8022 8021 15
8023 8022 15
